42 0.2613722126929674 0.266792828685259 0.024505431675243005 0.041264940239043806
25 0.07596340766152088 0.7235358565737051 0.04737564322469984 0.08395418326693223
42 0.5325500285877645 0.7249601593625498 0.04410520297312756 0.07540836653386458
42 0.5427615780445969 0.23904382470119523 0.04328759291023444 0.0796812749003984
42 0.5803316180674671 0.3023605577689243 0.04328759291023444 0.07540836653386458
42 0.7044825614636936 0.8181573705179283 0.04655803316180665 0.0796812749003984
25 0.9772955974842767 0.7277988047808766 0.04492281303602068 0.08395418326693223
42 0.4749628359062322 0.35927290836653386 0.020417381360777608 0.04126494023904378
42 0.9291023441966838 0.1892430278884462 0.04492281303602068 0.0796812749003984
46 0.02123499142367067 0.20845617529880478 0.02123499142367067 0.03272908366533866
39 0.3018067467124071 0.41405378486055777 0.020417381360777608 0.017071713147410347
39 0.42391652372784444 0.416195219123506 0.0146998284734134 0.021344621513944173
46 0.8658033161806746 0.8330976095617529 0.021234991423670597 0.02419322709163343
39 0.2532075471698113 0.9099302788844622 0.0146998284734134 0.018496015936254915
42 0.9286963979416809 0.054073705179282866 0.05064036592338488 0.08252988047808765
42 0.14539165237278445 0.7263844621513944 0.05391080617495713 0.09249003984063735
42 0.6130017152658662 0.7320717131474104 0.05472269868496286 0.09249003984063735
95 0.26464265294453976 0.9540438247011952 0.04410520297312749 0.03556772908366537
95 0.411663807890223 0.914203187250996 0.04410520297312756 0.03272908366533855
95 0.6934591194968552 0.26607569721115537 0.045740423098913664 0.028456175298804804
39 0.7530817610062893 0.9106474103585657 0.021234991423670597 0.022768924302788745
95 0.29118925100057175 0.35358565737051795 0.0498227558604917 0.02419322709163343
42 0.855180102915952 0.1280577689243028 0.026134934248141815 0.04268924302788846
39 0.6795711835334477 0.41405378486055777 0.024505431675243067 0.02276892430278886
39 0.9605488850771869 0.19137450199203185 0.00979988564894218 0.03272908366533866
30 0.5431675242995998 0.3628386454183267 0.02777015437392792 0.028456175298804832
30 0.5799256718124642 0.3749302788844622 0.029405374499714095 0.027031872509960145
35 0.8515094339622641 0.1878187250996016 0.026952544311034804 0.04268924302788846
23 0.385117209834191 0.6082768924302789 0.020417381360777608 0.03272908366533855
23 0.43371640937678674 0.47523904382470117 0.022870211549456832 0.03130478087649397
23 0.43289879931389363 0.5812450199203187 0.017970268724985743 0.03272908366533855
23 0.26096626643796456 0.6673306772908366 0.018787878787878794 0.034153386454183234
23 0.26096626643796456 0.7783167330677291 0.017152658662092625 0.03130478087649409
23 0.38429959977129785 0.8494621513944223 0.020417381360777608 0.025607569721115574
23 0.5076386506575186 0.7882768924302789 0.015517438536306518 0.03130478087649409
23 0.5905431675242996 0.8032171314741036 0.017970268724985677 0.029880478087649404
23 0.6550657518582047 0.820288844621514 0.01797026872498561 0.03556772908366537
23 0.820062893081761 0.8330976095617529 0.01797026872498561 0.03556772908366537
23 0.5060034305317325 0.6595019920318725 0.015517438536306518 0.03272908366533855
23 0.5885020011435106 0.6602191235059761 0.017152658662092625 0.034153386454183234