42 0.126357918810749 0.5209163346613546 0.024013722126929673 0.017928286852589643
42 0.3896512292738708 0.060756972111553786 0.04345340194396798 0.07669322709163347
42 0.11063464837049743 0.04282868525896414 0.045740423098913664 0.07569721115537849
42 0.17953116066323613 0.16135458167330677 0.023441966838193252 0.035856573705179286
39 0.2109777015437393 0.4626494023904382 0.009719839908519153 0.035856573705179286
39 0.21240708976558034 0.25 0.012578616352201259 0.0249003984063745
95 0.5200114351057747 0.5094621513944223 0.018867924528301886 0.04083665338645418
95 0.49828473413379076 0.27141434262948205 0.018867924528301886 0.07768924302788845
95 0.17638650657518581 0.4810756972111554 0.0137221269296741 0.08665338645418327
30 0.18181818181818182 0.04233067729083665 0.016580903373356205 0.04780876494023904
23 0.32246998284734135 0.31772908366533864 0.018867924528301886 0.0348605577689243
23 0.24614065180102915 0.23306772908366533 0.018296169239565466 0.0398406374501992
23 0.307032590051458 0.23456175298804782 0.018867924528301886 0.03187250996015936
23 0.35620354488279016 0.523406374501992 0.019439679817038306 0.012948207171314742
23 0.4199542595769011 0.524402390438247 0.017724413950829045 0.010956175298804782
23 0.4611206403659234 0.3192231075697211 0.014865637507146942 0.035856573705179286
23 0.4259576901086335 0.10408366533864542 0.017724413950829045 0.026892430278884463
23 0.351915380217267 0.10707171314741036 0.018867924528301886 0.027888446215139442
1 0.6000571755288736 0.16135458167330677 0.03487707261292167 0.043824701195219126
1 0.73642081189251 0.2729083665338645 0.020011435105774727 0.06772908366533864
1 0.7813036020583191 0.350597609561753 0.024585477415666093 0.06573705179282868
1 0.8027444253859348 0.3237051792828685 0.03887935963407661 0.044820717131474105
1 0.7644368210405946 0.19223107569721115 0.02172670097198399 0.0697211155378486
1 0.8021726700971984 0.24302788844621515 0.03773584905660377 0.04083665338645418
1 0.7530017152658662 0.11653386454183266 0.024585477415666093 0.06772908366533864
1 0.7938822184105203 0.08366533864541832 0.03773584905660377 0.04183266932270916
1 0.6580903373356204 0.31822709163346613 0.03659233847913093 0.0348605577689243
1 0.6826758147512865 0.27141434262948205 0.022870211549456832 0.06274900398406374
1 0.6232132647226987 0.24402390438247012 0.03430531732418525 0.04282868525896414
1 0.933390508862207 0.3949203187250996 0.03773584905660377 0.046812749003984064
1 0.8276157804459692 0.5169322709163346 0.04516866781017725 0.025896414342629483
1 0.8399085191538022 0.3944223107569721 0.037164093767867355 0.04183266932270916
25 0.6692395654659805 0.4442231075697211 0.03487707261292167 0.06374501992031872
25 0.7021154945683248 0.015438247011952191 0.03887935963407661 0.030876494023904383
25 0.885934819897084 0.299800796812749 0.03659233847913093 0.061752988047808766
25 0.8153230417381361 0.43177290836653387 0.03487707261292167 0.060756972111553786
1 0.8813607775871927 0.16284860557768924 0.037164093767867355 0.04083665338645418
49 0.730989136649514 0.43276892430278885 0.03544882790165809 0.07270916334661355
1 0.6509433962264151 0.08565737051792828 0.03887935963407661 0.04083665338645418
1 0.675242995997713 0.1145418326693227 0.022870211549456832 0.061752988047808766
1 0.6483704974271012 0.19621513944223107 0.025157232704402517 0.06772908366533864
42 0.7304173813607776 0.5079681274900398 0.038307604345340196 0.043824701195219126
42 0.7084048027444254 0.31623505976095617 0.03544882790165809 0.06274900398406374
42 0.70926243567753 0.23904382470119523 0.033733562035448826 0.06374501992031872
42 0.8879359634076616 0.3889442231075697 0.03430531732418525 0.07270916334661355
42 0.7021154945683248 0.07868525896414343 0.03201829616923957 0.06573705179282868
86 0.9311034877072613 0.3456175298804781 0.022298456260720412 0.0398406374501992
1 0.6775300171526587 0.5164342629482072 0.03887935963407661 0.026892430278884463
86 0.692967409948542 0.525398406374502 0.019439679817038306 0.008964143426294821
92 0.03802172670097198 0.5597609561752988 0.04859919954259577 0.05976095617529881
105 0.1346483704974271 0.5612549800796812 0.04859919954259577 0.06274900398406374
106 0.23441966838193254 0.5597609561752988 0.050314465408805034 0.05976095617529881