25 0.014579759862778732 0.36703187250996017 0.029159519725557463 0.0846613545816733
42 0.46226415094339623 0.36852589641434264 0.0440251572327044 0.07569721115537849
42 0.6340766152086906 0.46165338645418325 0.046883933676386505 0.0796812749003984
42 0.4042309891366495 0.011454183266932271 0.02058319039451115 0.022908366533864542
39 0.23156089193825044 0.05727091633466135 0.02058319039451115 0.01693227091633466
39 0.3536306460834763 0.05976095617529881 0.01429388221841052 0.021912350597609563
39 0.18296169239565466 0.546812749003984 0.014865637507146942 0.00597609561752988
42 0.07518582046883934 0.3700199203187251 0.053744997141223556 0.09262948207171315
42 0.5425957690108634 0.3754980079681275 0.0548885077186964 0.09163346613545817
95 0.34133790737564323 0.5453187250996016 0.044596912521440824 0.008964143426294821
39 0.6823899371069182 0.5463147410358565 0.02115494568324757 0.0069721115537848604
95 0.22098341909662664 0.004482071713147411 0.04974271012006861 0.008964143426294821
39 0.6092052601486564 0.05727091633466135 0.024585477415666093 0.022908366533864542
30 0.47284162378502004 0.01045816733067729 0.0274442538593482 0.02091633466135458
30 0.5097198399085191 0.018426294820717132 0.029159519725557463 0.026892430278884463
23 0.31475128644939965 0.25149402390438247 0.020011435105774727 0.03286852589641434
23 0.36335048599199543 0.11852589641434264 0.022870211549456832 0.03187250996015936
23 0.3624928530588908 0.224601593625498 0.018296169239565466 0.03286852589641434
23 0.19068038879359633 0.3107569721115538 0.018867924528301886 0.03386454183266932
23 0.19068038879359633 0.4218127490039841 0.017152658662092625 0.030876494023904383
23 0.313893653516295 0.49302788844621515 0.02058319039451115 0.025896414342629483
23 0.43739279588336194 0.43177290836653387 0.015437392795883362 0.030876494023904383
23 0.5202973127501429 0.44671314741035856 0.018296169239565466 0.029880478087649404
23 0.5846197827329903 0.4636454183266932 0.017724413950829045 0.0348605577689243
23 0.43567753001715265 0.30278884462151395 0.016009148084619784 0.03286852589641434
23 0.5182961692395655 0.30378486055776893 0.017152658662092625 0.03386454183266932
42 0.835620354488279 0.29282868525896416 0.023441966838193252 0.04183266932270916
46 0.8502001143510578 0.37300796812749004 0.019439679817038306 0.025896414342629483
42 0.9142367066895368 0.052290836653386456 0.025157232704402517 0.04083665338645418
42 0.9905660377358491 0.3152390438247012 0.018867924528301886 0.05079681274900399
46 0.9757004002287021 0.3461155378486056 0.018867924528301886 0.0249003984063745
46 0.9771297884505432 0.2793824701195219 0.016009148084619784 0.027888446215139442
46 0.850485991995426 0.20019920318725098 0.016009148084619784 0.01693227091633466
3 0.76357918810749 0.5966135458167331 0.018867924528301886 0.027888446215139442
46 0.8679245283018868 0.5961155378486056 0.017152658662092625 0.018924302788844622
46 0.8664951400800457 0.7335657370517928 0.018296169239565466 0.02091633466135458
46 0.868210405946255 0.8764940239043825 0.017724413950829045 0.021912350597609563
3 0.7821612349914236 0.8779880478087649 0.017152658662092625 0.030876494023904383
3 0.7741566609491137 0.7385458167330677 0.018296169239565466 0.02888446215139442
42 0.8676386506575186 0.5542828685258964 0.020011435105774727 0.008964143426294821
42 0.9199542595769011 0.6374501992031872 0.018867924528301886 0.03187250996015936
42 0.9190966266437964 0.7768924302788844 0.017724413950829045 0.03386454183266932
42 0.9199542595769011 0.9173306772908366 0.02172670097198399 0.03187250996015936
7 0.9016580903373356 0.7938247011952191 0.016009148084619784 0.043824701195219126
7 0.9028016009148084 0.9377490039840638 0.015437392795883362 0.04282868525896414
7 0.9030874785591767 0.6553784860557769 0.013150371640937679 0.04880478087649402
42 0.8679245283018868 0.6797808764940239 0.02058319039451115 0.0348605577689243
38 0.8684962835906233 0.7141434262948207 0.015437392795883362 0.017928286852589643
38 0.8679245283018868 0.8550796812749004 0.016009148084619784 0.01593625498007968
38 0.8676386506575186 0.9930278884462151 0.01429388221841052 0.013944223107569721
42 0.8670668953687821 0.9641434262948207 0.022870211549456832 0.0348605577689243
42 0.8676386506575186 0.8197211155378487 0.02115494568324757 0.036852589641434265
38 0.866781017724414 0.5742031872509961 0.016009148084619784 0.02091633466135458