42 0.615494568324757 0.23804780876494025 0.04345340194396798 0.07669322709163347
42 0.33647798742138363 0.2201195219123506 0.045740423098913664 0.07569721115537849
42 0.3727844482561464 0.1548804780876494 0.04288164665523156 0.07569721115537849
42 0.40537449971412237 0.3386454183266932 0.023441966838193252 0.035856573705179286
39 0.43825042881646653 0.42729083665338646 0.012578616352201259 0.0249003984063745
42 0.6194968553459119 0.09810756972111553 0.052601486563750716 0.09561752988047809
95 0.724128073184677 0.4487051792828685 0.018867924528301886 0.07768924302788845
30 0.40766152086906804 0.2196215139442231 0.016580903373356205 0.04780876494023904
30 0.4145225843339051 0.1553784860557769 0.015437392795883362 0.05079681274900399
23 0.5483133218982276 0.4950199203187251 0.018867924528301886 0.0348605577689243
23 0.4719839908519154 0.4103585657370518 0.018296169239565466 0.0398406374501992
23 0.5328759291023442 0.4118525896414343 0.018867924528301886 0.03187250996015936
23 0.6869639794168096 0.4965139442231076 0.014865637507146942 0.035856573705179286
23 0.6518010291595198 0.2813745019920319 0.017724413950829045 0.026892430278884463
23 0.660377358490566 0.13695219123505975 0.017152658662092625 0.03187250996015936
23 0.6700971983990852 0.0249003984063745 0.020011435105774727 0.030876494023904383
23 0.5777587192681533 0.28436254980079684 0.018867924528301886 0.027888446215139442
23 0.5783304745568897 0.14043824701195218 0.019439679817038306 0.029880478087649404
42 0.7481417953116066 0.5433266932270916 0.016580903373356205 0.05876494023904383
42 0.8333333333333334 0.5383466135458167 0.031446540880503145 0.05876494023904383
42 0.8339050886220698 0.47858565737051795 0.03316180674671241 0.05179282868525897
42 0.8782161234991424 0.21812749003984064 0.03201829616923957 0.05976095617529881
42 0.9431103487707261 0.1752988047808765 0.030303030303030304 0.05976095617529881
42 0.8190394511149228 0.1409362549800797 0.031446540880503145 0.052788844621513946
42 0.8167524299599771 0.08067729083665338 0.032590051457975985 0.05776892430278884
42 0.7438536306460835 0.09412350597609562 0.008004574042309892 0.05677290836653386
3 0.7881646655231561 0.05727091633466135 0.023441966838193252 0.04282868525896414
3 0.8033161806746713 0.5602589641434262 0.02058319039451115 0.037848605577689244
46 0.9150943396226415 0.35258964143426297 0.018867924528301886 0.04183266932270916
46 0.9779874213836478 0.35258964143426297 0.014865637507146942 0.04183266932270916
46 0.9771297884505432 0.21862549800796813 0.0137221269296741 0.044820717131474105
46 0.9788450543167524 0.1294820717131474 0.017152658662092625 0.0398406374501992
47 0.9162378502001144 0.2739043824701195 0.013150371640937679 0.04780876494023904
42 0.9962835906232133 0.30229083665338646 0.007432818753573471 0.0249003984063745
42 0.8024585477415667 0.426792828685259 0.02115494568324757 0.025896414342629483
42 0.7864493996569468 0.19073705179282868 0.02115494568324757 0.026892430278884463
22 0.9771297884505432 0.25647410358565736 0.015437392795883362 0.022908366533864542
22 0.9762721555174385 0.18177290836653387 0.013150371640937679 0.025896414342629483
39 0.9539736992567182 0.21812749003984064 0.015437392795883362 0.027888446215139442
1 0.9865637507146942 0.1648406374501992 0.026872498570611778 0.04282868525896414
96 0.7827329902801601 0.5602589641434262 0.017724413950829045 0.0249003984063745
48 0.7904516866781017 0.5333665338645418 0.015437392795883362 0.04880478087649402
48 0.7747284162378502 0.08515936254980079 0.013150371640937679 0.043824701195219126
96 0.7658662092624356 0.05826693227091633 0.020011435105774727 0.022908366533864542
1 0.9399656946826758 0.31225099601593626 0.04173813607775872 0.04083665338645418
56 0.8659233847913094 0.1902390438247012 0.02115494568324757 0.04282868525896414
49 0.7630074328187536 0.7315737051792829 0.04631217838765009 0.14641434262948208
66 0.8742138364779874 0.7310756972111554 0.08976558033161806 0.1553784860557769
77 0.9799885648942253 0.7325697211155379 0.040022870211549454 0.150398406374502