42 0.4439679817038308 0.16334661354581673 0.04345340194396798 0.07669322709163347
42 0.1649514008004574 0.1454183266932271 0.045740423098913664 0.07569721115537849
42 0.20125786163522014 0.0801792828685259 0.04288164665523156 0.07569721115537849
42 0.2338479130931961 0.2639442231075697 0.023441966838193252 0.035856573705179286
39 0.2667238421955403 0.35258964143426297 0.012578616352201259 0.0249003984063745
42 0.44768439108061747 0.035358565737051796 0.052601486563750716 0.07071713147410359
95 0.5526014865637507 0.374003984063745 0.018867924528301886 0.07768924302788845
30 0.2361349342481418 0.1449203187250996 0.016580903373356205 0.04780876494023904
30 0.24299599771297883 0.08067729083665338 0.015437392795883362 0.05079681274900399
23 0.37678673527730133 0.4203187250996016 0.018867924528301886 0.0348605577689243
23 0.30045740423098916 0.33565737051792827 0.018296169239565466 0.0398406374501992
23 0.361349342481418 0.33715139442231074 0.018867924528301886 0.03187250996015936
23 0.5154373927958834 0.4218127490039841 0.014865637507146942 0.035856573705179286
23 0.48027444253859347 0.20667330677290838 0.017724413950829045 0.026892430278884463
23 0.4888507718696398 0.062250996015936255 0.017152658662092625 0.03187250996015936
23 0.40623213264722696 0.20966135458167331 0.018867924528301886 0.027888446215139442
23 0.4068038879359634 0.06573705179282868 0.019439679817038306 0.029880478087649404
1 0.7738707833047456 0.4721115537848606 0.030303030303030304 0.013944223107569721
42 0.741852487135506 0.4118525896414343 0.025157232704402517 0.037848605577689244
42 0.7813036020583191 0.2295816733067729 0.048027444253859346 0.08764940239043825
42 0.703830760434534 0.23157370517928286 0.04288164665523156 0.08764940239043825
42 0.7032590051457976 0.11304780876494024 0.045740423098913664 0.07768924302788845
42 0.7029731275014294 0.0199203187250996 0.04516866781017725 0.0398406374501992
86 0.7710120068610634 0.35408366533864544 0.02058319039451115 0.037848605577689244
25 0.868210405946255 0.2300796812749004 0.045740423098913664 0.07868525896414343
42 0.8110348770726129 0.40836653386454186 0.02058319039451115 0.03286852589641434
1 0.8339050886220698 0.46962151394422313 0.029159519725557463 0.018924302788844622
94 0.8664951400800457 0.3884462151394422 0.017152658662092625 0.07868525896414343
88 0.7155517438536306 0.6792828685258964 0.03430531732418525 0.10258964143426295
102 0.7987421383647799 0.6777888446215139 0.09777015437392796 0.10956175298804781
101 0.9045168667810177 0.6757968127490039 0.09948542024013722 0.10657370517928287
103 0.9791309319611207 0.6792828685258964 0.04173813607775872 0.10159362549800798