42 0.1072041166380789 0.1868437306979617 0.010005717552887363 0.029339098208770845
25 0.031160663236134933 0.506485484867202 0.019439679817038306 0.0592958616429895
42 0.21841052029731275 0.5074119827053737 0.018010291595197257 0.053119209388511425
42 0.2224128073184677 0.16738727609635579 0.017724413950829045 0.05589870290302656
42 0.23785020011435107 0.211550339715874 0.017724413950829045 0.052192711550339714
42 0.2887364208118925 0.5725756639901174 0.019153802172670098 0.05589870290302656
25 0.40051457975986277 0.5092649783817171 0.018867924528301886 0.05867819641754169
42 0.1946826758147513 0.25138974675725756 0.008576329331046312 0.02872143298332304
42 0.38078902229845624 0.13248919085855465 0.018296169239565466 0.05589870290302656
46 0.008576329331046312 0.14607782581840642 0.008576329331046312 0.02285361334156887
39 0.12378502001143511 0.28968499073502163 0.008576329331046312 0.01173563928350834
39 0.17381360777587193 0.2912291537986411 0.005717552887364208 0.015441630636195183
46 0.35506003430531735 0.58307597282273 0.008576329331046312 0.017294626312538603
39 0.10377358490566038 0.6368128474366893 0.006003430531732418 0.013279802347127856
42 0.38078902229845624 0.03798641136504015 0.02086906803887936 0.05775169857936998
42 0.059748427672955975 0.5083384805435454 0.0220125786163522 0.06485484867201977
42 0.25128644939965694 0.5123533045089561 0.022584333905088624 0.06423718344657196
95 0.10863350485991996 0.6676961087090797 0.018010291595197257 0.025015441630636195
95 0.16866781017724414 0.6399011735639284 0.018296169239565466 0.02285361334156887
95 0.28444825614636937 0.18622606547251389 0.018867924528301886 0.01945645460160593
39 0.30874785591766724 0.6374305126621371 0.008576329331046312 0.01605929586164299
95 0.11949685534591195 0.2473749227918468 0.02029731275014294 0.016676961087090797
42 0.35048599199542596 0.08956145768993205 0.010863350485991996 0.029956763434218655
39 0.27844482561463696 0.28968499073502163 0.010005717552887363 0.01605929586164299
39 0.3936535162950257 0.13372452130945028 0.004288164665523156 0.02285361334156887
30 0.2226986849628359 0.2541692402717727 0.011149228130360206 0.020074119827053736
30 0.23785020011435107 0.2625077208153181 0.012006861063464836 0.018838789376158124
35 0.3490566037735849 0.13125386040765905 0.011149228130360206 0.029956763434218655
23 0.15780445969125215 0.4255713403335392 0.008290451686678102 0.02285361334156887
23 0.17781589479702686 0.3326127239036442 0.009433962264150943 0.022235948116121063
23 0.17753001715265868 0.4067325509573811 0.007432818753573471 0.02285361334156887
23 0.1069182389937107 0.4669549104385423 0.007718696397941681 0.02378011117974058
23 0.1069182389937107 0.544780728844966 0.00714694110920526 0.021618282890673256
23 0.15751858204688393 0.5945027794935145 0.008576329331046312 0.018221124150710314
23 0.20811892510005717 0.551575046324892 0.006289308176100629 0.021618282890673256
23 0.24213836477987422 0.5620753551575046 0.007432818753573471 0.021000617665225447
23 0.2684391080617496 0.5741198270537369 0.00714694110920526 0.02439777640518839
23 0.3361921097770154 0.58307597282273 0.00714694110920526 0.02439777640518839
23 0.20754716981132076 0.461395923409512 0.0065751858204688395 0.02285361334156887
23 0.24128073184676957 0.46201358863495984 0.00714694110920526 0.02378011117974058
42 0.4305317324185249 0.5503397158739963 0.025728987993138937 0.04076590487955528
39 0.43024585477415667 0.5969734403953058 0.024585477415666093 0.01852995676343422
22 0.451114922813036 0.28968499073502163 0.018582046883933678 0.03180975911056207
46 0.42252715837621496 0.25108091414453365 0.019439679817038306 0.032736256948733784
86 0.44025157232704404 0.19703520691785054 0.025728987993138937 0.034589252625077206
94 0.4834190966266438 0.2677578752316245 0.018582046883933678 0.06269302038295244
39 0.43024585477415667 0.5055589870290302 0.02715837621497999 0.02285361334156887
42 0.41366495140080045 0.4227918468190241 0.007432818753573471 0.035206917850525016
46 0.5025728987993139 0.29215565163681284 0.03430531732418525 0.027486102532427423