42 0.05803316180674671 0.2948207171314741 0.04345340194396798 0.07669322709163347
42 0.11149228130360206 0.017928286852589643 0.045740423098913664 0.035856573705179286
42 0.06203544882790166 0.1548804780876494 0.052601486563750716 0.09561752988047809
23 0.09433962264150944 0.3381474103585657 0.017724413950829045 0.026892430278884463
23 0.10291595197255575 0.19372509960159362 0.017152658662092625 0.03187250996015936
23 0.1126357918810749 0.08167330677290836 0.020011435105774727 0.030876494023904383
23 0.02029731275014294 0.34113545816733065 0.018867924528301886 0.027888446215139442
23 0.02086906803887936 0.19721115537848605 0.019439679817038306 0.029880478087649404
42 0.3081761006289308 0.24750996015936255 0.0357347055460263 0.04332669322709164
42 0.4093767867352773 0.34462151394422313 0.02086906803887936 0.02141434262948207
42 0.38307604345340196 0.31822709163346613 0.023727844482561464 0.02041832669322709
42 0.4113779302458548 0.29382470119521914 0.02172670097198399 0.026394422310756973
42 0.2638650657518582 0.03187250996015936 0.008576329331046312 0.021912350597609563
46 0.28416237850200116 0.11902390438247012 0.023727844482561464 0.015438247011952191
46 0.35277301315037163 0.35258964143426297 0.017438536306460833 0.027390438247011952
46 0.3513436249285306 0.274402390438247 0.016866781017724413 0.02440239043824701
46 0.3516295025728988 0.21812749003984064 0.016866781017724413 0.027888446215139442
22 0.35277301315037163 0.299800796812749 0.017438536306460833 0.01643426294820717
22 0.3510577472841624 0.24850597609561753 0.01400800457404231 0.018426294820717132
49 0.27387078330474557 0.43725099601593626 0.02858776443682104 0.02390438247011952
47 0.27901658090337333 0.3002988047808765 0.019439679817038306 0.026394422310756973
46 0.27787307032590053 0.3520916334661355 0.02029731275014294 0.026394422310756973
38 0.32561463693539167 0.27639442231075695 0.018867924528301886 0.023406374501992032
42 0.27387078330474557 0.5413346613545816 0.02858776443682104 0.018924302788844622
42 0.3493424814179531 0.46165338645418325 0.045740423098913664 0.0249003984063745
1 0.5688965122927387 0.521414342629482 0.04716981132075472 0.035856573705179286
1 0.40022870211549455 0.4586653386454183 0.03659233847913093 0.018924302788844622