42 0.1183533447684391 0.2539840637450199 0.024585477415666093 0.04183266932270916
42 0.39994282447112633 0.22609561752988047 0.04345340194396798 0.0796812749003984
42 0.43739279588336194 0.28934262948207173 0.04345340194396798 0.07470119521912351
42 0.3319039451114923 0.3461155378486056 0.02058319039451115 0.04083665338645418
39 0.15894797026872498 0.40089641434262946 0.02058319039451115 0.01693227091633466
39 0.28101772441395084 0.4033864541832669 0.01429388221841052 0.021912350597609563
95 0.1483704974271012 0.34063745019920316 0.04974271012006861 0.02390438247011952
39 0.5268724985706118 0.40089641434262946 0.005145797598627788 0.022908366533864542
30 0.40022870211549455 0.3500996015936255 0.0274442538593482 0.02888446215139442
30 0.4371069182389937 0.36205179282868527 0.029159519725557463 0.026892430278884463
23 0.29073756432247 0.46215139442231074 0.022870211549456832 0.03187250996015936
23 0.28987993138936535 0.5557768924302788 0.018296169239565466 0.00796812749003984
42 0.7938822184105203 0.50199203187251 0.02801600914808462 0.04780876494023904
42 0.07575757575757576 0.6090637450199203 0.031446540880503145 0.05776892430278884
42 0.025728987993138937 0.7495019920318725 0.03430531732418525 0.052788844621513946
42 0.1672384219554031 0.7410358565737052 0.030303030303030304 0.054780876494023904
42 0.18925100057175528 0.9108565737051793 0.031446540880503145 0.054780876494023904
42 0.35020011435105775 0.874003984063745 0.03487707261292167 0.05876494023904383
42 0.43539165237278443 0.8500996015936255 0.032590051457975985 0.054780876494023904
42 0.38279016580903374 0.7136454183266933 0.03316180674671241 0.05776892430278884
42 0.5048599199542596 0.952191235059761 0.03544882790165809 0.055776892430278883
42 0.2692967409948542 0.7051792828685259 0.0137221269296741 0.029880478087649404
42 0.2950257289879931 0.9516932270916335 0.017152658662092625 0.026892430278884463
42 0.14065180102915953 0.7260956175298805 0.01429388221841052 0.029880478087649404
42 0.1403659233847913 0.8610557768924303 0.016580903373356205 0.026892430278884463
25 0.012006861063464836 0.6080677290836654 0.024013722126929673 0.06274900398406374
25 0.008004574042309892 0.9417330677290837 0.016009148084619784 0.0647410358565737
49 0.013150371640937679 0.6867529880478087 0.026300743281875358 0.05876494023904383
3 0.06546598056032019 0.728585657370518 0.022298456260720412 0.02888446215139442
3 0.39708404802744424 0.8321713147410359 0.023441966838193252 0.03386454183266932
93 0.23499142367066894 0.875996015936255 0.031446540880503145 0.05079681274900399
93 0.30045740423098916 0.8949203187250996 0.029731275014293884 0.049800796812749
93 0.09548313321898227 0.8441235059760956 0.03316180674671241 0.052788844621513946
49 0.44453973699256716 0.7918326693227091 0.038307604345340196 0.05677290836653386
47 0.27044025157232704 0.6085657370517928 0.012006861063464836 0.04183266932270916
47 0.29445397369925674 0.9930278884462151 0.022870211549456832 0.013944223107569721
47 0.16923956546598057 0.8590637450199203 0.013150371640937679 0.0398406374501992
1 0.10806174957118353 0.9497011952191236 0.040022870211549454 0.04282868525896414
1 0.4010863350485992 0.9272908366533864 0.037164093767867355 0.043824701195219126
1 0.1978273299028016 0.7933266932270916 0.03773584905660377 0.04083665338645418
17 0.427958833619211 0.9133466135458167 0.012006861063464836 0.04083665338645418
42 0.3213264722698685 0.8266932270916335 0.016009148084619784 0.027888446215139442
25 0.44339622641509435 0.7161354581673307 0.037164093767867355 0.06573705179282868
17 0.2226986849628359 0.7798804780876494 0.013150371640937679 0.0398406374501992
35 0.16323613493424813 0.6713147410358565 0.02115494568324757 0.03386454183266932
96 0.06518010291595197 0.6872509960159362 0.016009148084619784 0.029880478087649404
48 0.08204688393367639 0.7046812749003984 0.01429388221841052 0.022908366533864542
86 0.1069182389937107 0.9158366533864541 0.014865637507146942 0.022908366533864542
42 0.06146369353916524 0.9412350597609562 0.04173813607775872 0.07370517928286853
39 0.32275586049170957 0.7076693227091634 0.015437392795883362 0.022908366533864542
96 0.39908519153802174 0.7898406374501992 0.019439679817038306 0.029880478087649404
48 0.38250428816466553 0.8052788844621513 0.019439679817038306 0.026892430278884463
42 0.73642081189251 0.6100597609561753 0.023441966838193252 0.0348605577689243
42 0.5857632933104632 0.6105577689243028 0.022870211549456832 0.04083665338645418
42 0.79073756432247 0.7101593625498008 0.017724413950829045 0.03386454183266932
42 0.73642081189251 0.7569721115537849 0.02115494568324757 0.037848605577689244
42 0.5851915380217267 0.7604581673306773 0.024013722126929673 0.03187250996015936
42 0.7372784448256147 0.9043824701195219 0.020011435105774727 0.03386454183266932
42 0.5860491709548313 0.9058764940239044 0.024013722126929673 0.030876494023904383
79 0.5543167524299599 0.6698207171314741 0.022298456260720412 0.017928286852589643
79 0.5548885077186964 0.8167330677290837 0.019439679817038306 0.0199203187250996
79 0.5548885077186964 0.9641434262948207 0.018867924528301886 0.022908366533864542
3 0.6546598056032018 0.8197211155378487 0.019439679817038306 0.026892430278884463
3 0.6649514008004574 0.9671314741035857 0.02115494568324757 0.025896414342629483
46 0.5866209262435678 0.9412350597609562 0.00686106346483705 0.0199203187250996
46 0.5863350485991995 0.7943227091633466 0.007432818753573471 0.02091633466135458
46 0.5863350485991995 0.648406374501992 0.007432818753573471 0.018924302788844622
3 0.6455117209834191 0.672808764940239 0.016009148084619784 0.02390438247011952
7 0.7741566609491137 0.874003984063745 0.014865637507146942 0.053784860557768925
42 0.79073756432247 0.8570717131474104 0.018296169239565466 0.03884462151394422
79 0.9291023441966838 0.9621513944223108 0.017152658662092625 0.021912350597609563
22 0.9493996569468267 0.9636454183266933 0.008576329331046312 0.0249003984063745
22 0.9488279016580904 0.8162350597609562 0.008576329331046312 0.021912350597609563
79 0.9282447112635792 0.8147410358565738 0.017724413950829045 0.02091633466135458
29 0.7367066895368782 0.9551792828685259 0.017724413950829045 0.037848605577689244
29 0.7369925671812464 0.8067729083665338 0.02172670097198399 0.04183266932270916
29 0.7361349342481418 0.6608565737051793 0.018867924528301886 0.04183266932270916
42 0.7918810748999429 0.5697211155378487 0.019439679817038306 0.0199203187250996
7 0.7738707833047456 0.5816733067729084 0.014865637507146942 0.043824701195219126
7 0.7747284162378502 0.7300796812749004 0.016009148084619784 0.045816733067729085
73 0.9879931389365352 0.9606573705179283 0.024013722126929673 0.03884462151394422
73 0.9879931389365352 0.8132470119521913 0.024013722126929673 0.04083665338645418
73 0.9862778730703259 0.6678286852589641 0.0274442538593482 0.04282868525896414
79 0.9271012006861064 0.6688247011952191 0.019439679817038306 0.0199203187250996
65 0.9865637507146942 0.8834661354581673 0.026872498570611778 0.05976095617529881
65 0.9848484848484849 0.7360557768924303 0.030303030303030304 0.07171314741035857