42 0.10251296370163542 0.12893982808022922 0.017151974471479856 0.04011461318051576
42 0.2917830075787794 0.5682903533906399 0.030714000797766254 0.0725883476599809
42 0.29896290386916635 0.10219675262655205 0.030315117670522536 0.07640878701050621
42 0.32508974870362983 0.16284622731614135 0.030315117670522536 0.07163323782234957
42 0.41164738731551653 0.6442215854823304 0.032708416433984845 0.050620821394460364
42 0.25149581172716395 0.21728748806112702 0.014359792580773833 0.039159503342884434
39 0.13083366573593938 0.26981852913085 0.014359792580773833 0.01623686723973257
39 0.21599521340247307 0.2722063037249284 0.00997207818109294 0.021012416427889206
42 0.021739130434782608 0.5697230181470869 0.03749501396090946 0.08882521489971347
42 0.34782608695652173 0.5749761222540593 0.038292780215396886 0.08787010506208214
95 0.4040686078978859 0.1279847182425979 0.03191065017949741 0.026743075453677174
95 0.1234543278819306 0.21203438395415472 0.03470283207020343 0.022922636103151862
39 0.3942959712804148 0.26981852913085 0.017151974471479856 0.021967526265520534
30 0.2991623454327882 0.22110792741165233 0.019146390107698443 0.027698185291308502
30 0.324890307140008 0.23256924546322827 0.020343039489429598 0.025787965616045846
23 0.1888711607499003 0.4560649474689589 0.013960909453530115 0.03151862464183381
23 0.22277622656561627 0.32855778414517667 0.015955325089748704 0.030563514804202482
23 0.2221779018747507 0.4302769818529131 0.012764260071798962 0.03151862464183381
23 0.10231352213801356 0.5128939828080229 0.01316314319904268 0.03247373447946514
23 0.10231352213801356 0.6193887297039159 0.011966493817311527 0.029608404966571154
23 0.2744315915436777 0.6289398280802292 0.010769844435580374 0.029608404966571154
23 0.33226964499401673 0.6432664756446992 0.012764260071798962 0.02865329512893983
23 0.37714399680893496 0.6561604584527221 0.012365376944555246 0.026743075453677174
23 0.27323494216194655 0.5052531041069723 0.011168727562824093 0.03151862464183381
23 0.33087355404866375 0.5062082139446036 0.011966493817311527 0.03247373447946514
42 0.514160351017152 0.025787965616045846 0.01834862385321101 0.04202483285577841
42 0.6481850817710411 0.15377268385864373 0.016753091344236137 0.049665711556829036
42 0.6820901475867571 0.3376313276026743 0.031112883925009972 0.07927411652340019
42 0.6471878739529318 0.4880611270296084 0.03988831272437176 0.09742120343839542
42 0.7321499800558436 0.505730659025788 0.035899481451934584 0.09073543457497613
42 0.7309533306741125 0.17956064947468958 0.01994415636218588 0.04297994269340974
42 0.8721579577183886 0.49474689589302767 0.04028719585161548 0.0936007640878701
25 0.6830873554048664 0.447468958930277 0.03191065017949741 0.07640878701050621
42 0.8725568408456322 0.17717287488061126 0.015955325089748704 0.041069723018147083
46 0.9070602313522138 0.0329512893982808 0.02792181890706023 0.04297994269340974
46 0.6284403669724771 0.014326647564469915 0.029118468288791385 0.02865329512893983
46 0.7052253689668927 0.055873925501432664 0.013960909453530115 0.050620821394460364
95 0.5574391703230953 0.07593123209169055 0.03470283207020343 0.04011461318051576
93 0.7032309533306741 0.5549188156638013 0.028719585161547666 0.07163323782234957
93 0.9794575189469485 0.5807067812798472 0.029118468288791385 0.07449856733524356
95 0.8183087355404867 0.07688634192932187 0.02473075388911049 0.03533906399235912
95 0.6713203031511767 0.07688634192932187 0.03390506581571599 0.025787965616045846
1 0.6761069006781013 0.26599808978032474 0.040686078978859196 0.06017191977077364
1 0.7620662145991225 0.2679083094555874 0.038691663342640605 0.050620821394460364
1 0.8436378141204627 0.2679083094555874 0.040686078978859196 0.050620821394460364
22 0.7309533306741125 0.23256924546322827 0.01316314319904268 0.03151862464183381
39 0.9768647786198644 0.18911174785100288 0.007977662544874352 0.045845272206303724
23 0.707618667730355 0.2588347659980898 0.01316314319904268 0.026743075453677174