42 0.25986277873070324 0.37350597609561753 0.04345340194396798 0.07669322709163347
42 0.019153802172670098 0.2898406374501992 0.038307604345340196 0.07569721115537849
42 0.3133218982275586 0.07420318725099602 0.045740423098913664 0.08167330677290836
42 0.2638650657518582 0.23356573705179282 0.052601486563750716 0.09561752988047809
95 0.002001143510577473 0.09262948207171315 0.004002287021154946 0.0796812749003984
39 0.36620926243567753 0.00398406374501992 0.013150371640937679 0.00796812749003984
39 0.08118925100057175 0.11752988047808766 0.013150371640937679 0.04282868525896414
30 0.05202973127501429 0.3550796812749004 0.016580903373356205 0.04780876494023904
30 0.05889079473985134 0.2908366533864542 0.015437392795883362 0.05079681274900399
23 0.296169239565466 0.4168326693227092 0.017724413950829045 0.026892430278884463
23 0.3047455688965123 0.27241035856573703 0.017152658662092625 0.03187250996015936
23 0.31446540880503143 0.1603585657370518 0.020011435105774727 0.030876494023904383
23 0.2221269296740995 0.4198207171314741 0.018867924528301886 0.027888446215139442
23 0.2226986849628359 0.27589641434262946 0.019439679817038306 0.029880478087649404
42 0.5726129216695255 0.1902390438247012 0.020011435105774727 0.04083665338645418
42 0.5726129216695255 0.4407370517928287 0.023441966838193252 0.01693227091633466
42 0.6300743281875357 0.09561752988047809 0.019439679817038306 0.030876494023904383
42 0.6569468267581475 0.1902390438247012 0.02172670097198399 0.036852589641434265
42 0.6586620926243568 0.4407370517928287 0.018296169239565466 0.01693227091633466
42 0.7415666094911378 0.18874501992031872 0.019439679817038306 0.0348605577689243
42 0.7424242424242424 0.4402390438247012 0.017724413950829045 0.017928286852589643
3 0.692967409948542 0.33266932270916333 0.015437392795883362 0.03386454183266932
3 0.7775871926815323 0.3147410358565737 0.014865637507146942 0.036852589641434265
46 0.7627215551743853 0.44721115537848605 0.011435105774728416 0.00398406374501992
46 0.6783876500857633 0.44721115537848605 0.012006861063464836 0.00398406374501992
46 0.5943396226415094 0.44721115537848605 0.010863350485991996 0.00398406374501992
3 0.60863350485992 0.34860557768924305 0.0137221269296741 0.027888446215139442
64 0.91852487135506 0.26294820717131473 0.017724413950829045 0.035856573705179286
7 0.724128073184677 0.12450199203187251 0.030874785591766724 0.025896414342629483
42 0.7144082332761578 0.09561752988047809 0.022298456260720412 0.03187250996015936
29 0.7707261292166953 0.1897410358565737 0.02172670097198399 0.030876494023904383
29 0.6855345911949685 0.1892430278884462 0.024013722126929673 0.037848605577689244
29 0.6017724413950829 0.19073705179282868 0.024013722126929673 0.03286852589641434
42 0.5523156089193825 0.09362549800796813 0.005717552887364208 0.03386454183266932
7 0.5591766723842195 0.12450199203187251 0.019439679817038306 0.025896414342629483
7 0.6415094339622641 0.12350597609561753 0.026300743281875358 0.027888446215139442
42 0.05317324185248713 0.4895418326693227 0.025157232704402517 0.0249003984063745
42 0.1452258433390509 0.4900398406374502 0.019439679817038306 0.026394422310756973
42 0.23470554602630075 0.48904382470119523 0.018867924528301886 0.026394422310756973
79 0.08976558033161806 0.5239043824701195 0.011149228130360206 0.02440239043824701
79 0.17981703830760434 0.5229083665338645 0.012292738707833047 0.02141434262948207
79 0.27044025157232704 0.5229083665338645 0.01400800457404231 0.02041832669322709
46 0.3047455688965123 0.5413346613545816 0.025728987993138937 0.01245019920318725
46 0.2564322469982847 0.48854581673306774 0.012292738707833047 0.007470119521912351
46 0.16609491137793025 0.48904382470119523 0.012864493996569469 0.00796812749003984
46 0.07661520869068039 0.48904382470119523 0.011720983419096626 0.00796812749003984
42 0.32332761578044594 0.5054780876494024 0.02887364208118925 0.03137450199203187
42 0.5231560891938251 0.5054780876494024 0.030588907947398512 0.03137450199203187
42 0.7192681532304174 0.9561752988047809 0.046883933676386505 0.08764940239043825
42 0.8221841052029731 0.8087649402390438 0.024585477415666093 0.046812749003984064
42 0.7481417953116066 0.5896414342629482 0.024013722126929673 0.0398406374501992
42 0.6403659233847913 0.6932270916334662 0.0274442538593482 0.036852589641434265
42 0.7184105202973128 0.4760956175298805 0.025157232704402517 0.03884462151394422
93 0.888507718696398 0.6339641434262948 0.04230989136649514 0.07171314741035857
22 0.8227558604917096 0.7460159362549801 0.017724413950829045 0.030876494023904383
22 0.8227558604917096 0.8715139442231076 0.02058319039451115 0.0348605577689243
86 0.8730703259005146 0.951195219123506 0.025728987993138937 0.0348605577689243
46 0.9033733562035449 0.9546812749003984 0.025728987993138937 0.05976095617529881
46 0.851915380217267 0.8456175298804781 0.025728987993138937 0.04282868525896414
1 0.8727844482561463 0.7176294820717132 0.05202973127501429 0.05876494023904383
29 0.8090337335620355 0.9581673306772909 0.04974271012006861 0.052788844621513946
42 0.7652944539736992 0.8600597609561753 0.049170954831332186 0.07768924302788845
22 0.5946255002858777 0.6942231075697212 0.020011435105774727 0.036852589641434265
22 0.5580331618067467 0.46613545816733065 0.017152658662092625 0.03187250996015936
1 0.5588907947398514 0.9596613545816733 0.018867924528301886 0.08067729083665338
1 0.5577472841623785 0.7684262948207171 0.016580903373356205 0.09860557768924302