3 0.012210796915167094 0.13354898336414048 0.02442159383033419 0.03974121996303143
3 0.3341902313624679 0.1321626617375231 0.061696658097686374 0.036968576709796676
42 0.16452442159383032 0.13585951940850277 0.10025706940874037 0.07393715341959335
1 0.7866323907455013 0.014787430683918669 0.056555269922879174 0.029574861367837338
1 0.6510282776349614 0.2356746765249538 0.05269922879177378 0.06469500924214418
1 0.5327763496143959 0.24907578558225507 0.05269922879177378 0.06746765249537892
1 0.40938303341902316 0.294362292051756 0.03984575835475578 0.041589648798521256
25 0.7397172236503856 0.3456561922365989 0.07840616966580977 0.0073937153419593345
1 0.8380462724935732 0.24861367837338263 0.04884318766066838 0.056377079482439925
1 0.884318766066838 0.012476894639556377 0.05141388174807198 0.024953789279112754
1 0.43573264781491 0.01432532347504621 0.04884318766066838 0.02865064695009242
1 0.7223650385604113 0.29852125693160814 0.08997429305912596 0.038817005545286505
95 0.45758354755784064 0.20194085027726433 0.061696658097686374 0.018484288354898338
42 0.6008997429305912 0.3045286506469501 0.07969151670951156 0.06192236598890943
86 0.9428020565552699 0.0073937153419593345 0.03470437017994859 0.014787430683918669
86 0.4910025706940874 0.011090573012939002 0.033419023136246784 0.022181146025878003
30 0.40616966580976865 0.2855822550831793 0.032133676092544985 0.029574861367837338
30 0.5578406169665809 0.21395563770794823 0.03598971722365039 0.025878003696857672
30 0.7062982005141388 0.23105360443622922 0.03598971722365039 0.029574861367837338
30 0.6902313624678663 0.2888170055452865 0.03598971722365039 0.02310536044362292
39 0.8444730077120822 0.006931608133086876 0.038560411311053984 0.013863216266173753
49 0.06619537275064268 0.6173752310536045 0.08483290488431877 0.06377079482439926
69 0.06812339331619537 0.5286506469500925 0.06555269922879177 0.05268022181146026
42 0.021850899742930592 0.6848428835489834 0.043701799485861184 0.04805914972273567
25 0.21079691516709512 0.6926987060998152 0.07455012853470437 0.051756007393715345
96 0.07005141388174807 0.6820702402957486 0.02313624678663239 0.024953789279112754
48 0.10732647814910026 0.6982439926062847 0.03470437017994859 0.022181146025878003
3 0.06683804627249357 0.7204251386321626 0.04498714652956298 0.027726432532347505
42 0.2120822622107969 0.7740295748613678 0.06812339331619537 0.04805914972273567
42 0.016066838046272493 0.7878927911275416 0.032133676092544985 0.048983364140480594
42 0.06940874035989718 0.7869685767097967 0.07326478149100257 0.048983364140480594
42 0.12660668380462725 0.8373382624768947 0.04113110539845758 0.025878003696857672
42 0.055269922879177376 0.839648798521257 0.04498714652956298 0.024953789279112754
39 0.007712082262210797 0.8428835489833642 0.015424164524421594 0.029574861367837338
42 0.02634961439588689 0.9205175600739371 0.043701799485861184 0.030499075785582256
39 0.17030848329048842 0.9195933456561922 0.017994858611825194 0.024029574861367836
38 0.2712082262210797 0.9796672828096118 0.028277634961439587 0.018484288354898338