64 0.07662671232876712 0.4986136783733826 0.029965753424657533 0.04528650646950092
42 0.17636986301369864 0.5124768946395564 0.06506849315068493 0.0767097966728281
93 0.1344178082191781 0.5873382624768947 0.05821917808219178 0.06192236598890943
42 0.4310787671232877 0.4755083179297597 0.05736301369863014 0.06931608133086876
47 0.0025684931506849314 0.4288354898336414 0.005136986301369863 0.025878003696857672
3 0.4212328767123288 0.2592421441774492 0.0410958904109589 0.03974121996303143
3 0.1815068493150685 0.4417744916820702 0.031678082191780824 0.04528650646950092
3 0.19434931506849315 0.26062846580406657 0.0410958904109589 0.036968576709796676
39 0.4362157534246575 0.3987985212569316 0.023972602739726026 0.013863216266173753
39 0.08047945205479452 0.5304990757855823 0.025684931506849314 0.011090573012939002
39 0.08047945205479452 0.466728280961183 0.02226027397260274 0.011090573012939002
42 0.02440068493150685 0.34935304990757854 0.036815068493150686 0.036044362292051754
68 0.17636986301369864 0.400184842883549 0.025684931506849314 0.0166358595194085
42 0.3073630136986301 0.25693160813308685 0.06678082191780822 0.07393715341959335
68 0.1267123287671233 0.34842883548983367 0.011986301369863013 0.024953789279112754
39 0.8951198630136986 0.5688539741219963 0.038527397260273974 0.024953789279112754
42 0.3874143835616438 0.6950092421441775 0.04708904109589041 0.031423290203327174
42 0.4113869863013699 0.9861367837338263 0.0488013698630137 0.027726432532347505
42 0.363013698630137 0.9547134935304991 0.0273972602739726 0.025878003696857672
42 0.3377568493150685 0.7338262476894639 0.029965753424657533 0.027726432532347505
95 0.15924657534246575 0.9662661737523105 0.02054794520547945 0.056377079482439925
56 0.4529109589041096 0.7301293900184843 0.0136986301369863 0.029574861367837338
42 0.6990582191780822 0.7093345656192237 0.028253424657534245 0.025878003696857672
42 0.577054794520548 0.8091497227356746 0.032534246575342464 0.03234750462107209
42 0.5761986301369864 0.911275415896488 0.026541095890410957 0.02865064695009242
42 0.6952054794520548 0.9963031423290203 0.02910958904109589 0.0073937153419593345
7 0.5714897260273972 0.9953789279112755 0.0488013698630137 0.009242144177449169
7 0.572345890410959 0.7144177449168208 0.0547945205479452 0.03234750462107209
22 0.5774828767123288 0.9565619223659889 0.02226027397260274 0.026802218114602587
22 0.577054794520548 0.7657116451016636 0.023972602739726026 0.025878003696857672
22 0.6194349315068494 0.7097966728280961 0.02226027397260274 0.026802218114602587
93 0.6690924657534246 0.9417744916820703 0.04708904109589041 0.048983364140480594