64 0.2119318181818182 0.19020408163265307 0.047443181818181815 0.020816326530612245
42 0.19744318181818182 0.26 0.08011363636363636 0.045714285714285714
93 0.11931818181818182 0.23061224489795917 0.06477272727272727 0.04081632653061224
42 0.23607954545454546 0.44204081632653064 0.07244318181818182 0.046122448979591835
47 0.28494318181818185 0.12571428571428572 0.026988636363636364 0.029387755102040815
3 0.46193181818181817 0.43183673469387757 0.04147727272727273 0.028979591836734694
3 0.2713068181818182 0.2636734693877551 0.047443181818181815 0.022040816326530613
3 0.46051136363636364 0.2726530612244898 0.038636363636363635 0.028979591836734694
47 0.37017045454545455 0.4959183673469388 0.028977272727272727 0.027755102040816326
47 0.43892045454545453 0.5922448979591837 0.049147727272727273 0.015102040816326531
39 0.31619318181818185 0.4424489795918367 0.014488636363636363 0.01673469387755102
39 0.1786931818181818 0.1926530612244898 0.011647727272727273 0.017959183673469388
39 0.24517045454545455 0.1926530612244898 0.011647727272727273 0.015510204081632653
42 0.061931818181818185 0.12448979591836734 0.030965909090909093 0.022857142857142857
42 0.12926136363636365 0.12448979591836734 0.03380681818181818 0.02326530612244898
42 0.3678977272727273 0.15346938775510205 0.037784090909090906 0.025714285714285714
42 0.5758522727272727 0.6151020408163266 0.030965909090909093 0.018775510204081632
68 0.31477272727272726 0.26 0.017329545454545455 0.017959183673469388
42 0.46448863636363635 0.35183673469387755 0.07727272727272727 0.04693877551020408
68 0.36875 0.2253061224489796 0.026136363636363635 0.008571428571428572
93 0.2625 0.706530612244898 0.042045454545454546 0.05795918367346939
46 0.2534090909090909 0.7755102040816326 0.03238636363636364 0.030204081632653063
93 0.32727272727272727 0.7746938775510204 0.07670454545454546 0.053877551020408164
102 0.4965909090909091 0.9942857142857143 0.038636363636363635 0.011428571428571429
42 0.6994318181818182 0.8355102040816327 0.04431818181818182 0.060408163265306125