64 0.3420249221183801 0.29267097966728284 0.076588785046729 0.03234750462107209
42 0.3186604361370717 0.4001109057301294 0.12850467289719625 0.07008317929759708
93 0.19210280373831776 0.35505545286506474 0.1038473520249221 0.0631515711645102
42 0.38096573208722745 0.6800646950092422 0.11811526479750777 0.07085951940850284
47 0.45950155763239875 0.19292975970425139 0.044127725856697886 0.045443622920517575
3 0.7450623052959501 0.6646672828096117 0.0674922118380063 0.04466728280961176
3 0.4380841121495327 0.40588724584103514 0.0765887850467289 0.03389094269870606
3 0.7431152647975078 0.4197504621072089 0.06101246105918997 0.044667282809611866
47 0.5970872274143302 0.7636321626617375 0.04672897196261682 0.04235674676524947
47 0.7080685358255452 0.9111182994454714 0.0791744548286605 0.02310536044362292
39 0.5101246105919003 0.6808410351201478 0.02336448598130841 0.026182994454713428
39 0.2877725856697819 0.2967560073937153 0.018956386292834915 0.027264325323475048
39 0.3952492211838006 0.29690388170055454 0.019470404984423675 0.02387245841035124
42 0.09929906542056074 0.1913863216266174 0.050623052959501556 0.03465804066543438
42 0.20898753894080996 0.19177449168207025 0.05451713395638629 0.03542513863216265
42 0.5938473520249221 0.2360628465804066 0.06101246105918997 0.03927911275415894
42 0.929392523364486 0.9461645101663586 0.049330218068535936 0.028493530499075718
68 0.5075233644859812 0.4001109057301294 0.028551401869158943 0.026959334565619185
42 0.7489563862928348 0.5414325323475047 0.12461059190031144 0.07239371534195926
68 0.5947352024922118 0.3465804066543438 0.04247663551401867 0.012606284658040652