64 0.09605488850771869 0.31469500924214416 0.03487707261292167 0.024029574861367836
42 0.21240708976558034 0.32162661737523107 0.07575757575757576 0.04066543438077634
93 0.16352201257861634 0.3613678373382625 0.06775300171526587 0.032809611829944546
42 0.5142938822184105 0.3022181146025878 0.07661520869068039 0.03650646950092421
47 0.0065751858204688395 0.2777264325323475 0.012864493996569469 0.013863216266173753
3 0.4974271012006861 0.1876155268022181 0.04774156660949114 0.021256931608133085
3 0.21812464265294454 0.2841959334565619 0.03687821612349914 0.024029574861367836
3 0.2332761578044597 0.18853974121996303 0.04774156660949114 0.019408502772643253
47 0.6040594625500286 0.2342883548983364 0.045740423098913664 0.014787430683918669
39 0.514865637507147 0.26155268022181144 0.02801600914808462 0.0073937153419593345
39 0.10062893081761007 0.33133086876155265 0.030017152658662092 0.006007393715341959
39 0.10062893081761007 0.2975970425138632 0.026014865637507146 0.006007393715341959
42 0.03544882790165809 0.23521256931608134 0.04288164665523156 0.018946395563770795
68 0.21240708976558034 0.26247689463955637 0.030017152658662092 0.00878003696857671
42 0.36477987421383645 0.1866913123844732 0.07775871926815323 0.03927911275415896
68 0.15437392795883362 0.23475046210720887 0.01400800457404231 0.013401109057301294
42 0.8299028016009148 0.15434380776340112 0.04345340194396798 0.0711645101663586
39 0.6509433962264151 0.5198706099815157 0.009719839908519153 0.019408502772643253
39 0.6526586620926244 0.3299445471349353 0.012578616352201259 0.02310536044362292
42 0.8336192109777015 0.034195933456561925 0.052601486563750716 0.06839186691312385
95 0.9385363064608347 0.349815157116451 0.018867924528301886 0.07208872458410351
23 0.7627215551743853 0.3927911275415896 0.018867924528301886 0.033271719038817
23 0.6863922241280732 0.3142329020332717 0.017724413950829045 0.036968576709796676
23 0.747284162378502 0.3156192236598891 0.018867924528301886 0.02865064695009242
23 0.9013722126929674 0.394177449168207 0.014865637507146942 0.033271719038817
23 0.8662092624356775 0.19454713493530498 0.017724413950829045 0.024953789279112754
23 0.8747855917667239 0.060536044362292055 0.017152658662092625 0.02865064695009242
23 0.792166952544311 0.19731977818853974 0.018867924528301886 0.024953789279112754
23 0.7927387078330475 0.06377079482439926 0.019439679817038306 0.027726432532347505
42 0.7126929674099486 0.7860443622920518 0.030874785591766724 0.06469500924214418
42 0.7793024585477416 0.7458410351201479 0.030303030303030304 0.056377079482439925
42 0.8616352201257862 0.8881700554528651 0.017724413950829045 0.03512014787430684
42 0.839622641509434 0.8502772643253235 0.017152658662092625 0.029574861367837338
42 0.8622069754145226 0.8160813308687616 0.018867924528301886 0.03974121996303143
46 0.8141795311606632 0.8983364140480592 0.017152658662092625 0.048983364140480594
46 0.8138936535162951 0.7060998151571165 0.017724413950829045 0.03974121996303143
46 0.7538593481989708 0.5951940850277264 0.02858776443682104 0.030499075785582256
46 0.7512864493996569 0.8987985212569316 0.016580903373356205 0.03789279112754159
1 0.7738707833047456 0.8567467652495379 0.033733562035448826 0.04066543438077634
1 0.7215551743853631 0.5559149722735675 0.022870211549456832 0.05268022181146026
1 0.8321898227558605 0.7347504621072088 0.033733562035448826 0.036044362292051754
22 0.8118925100057176 0.8220887245841035 0.015437392795883362 0.024953789279112754
22 0.8124642652944539 0.7476894639556377 0.0137221269296741 0.02033271719038817
94 0.7435677530017153 0.6095194085027726 0.010291595197255575 0.053604436229205174
47 0.7489994282447112 0.8262476894639557 0.013150371640937679 0.04343807763401109
47 0.7901658090337336 0.7994454713493531 0.0005717552887364208 0.0009242144177449168
29 0.8024585477415667 0.7869685767097967 0.03316180674671241 0.041589648798521256
56 0.6995425957690109 0.7615526802218114 0.014865637507146942 0.034195933456561925