64 0.6197827329902802 0.19916820702402957 0.039736992567181245 0.022181146025878003
42 0.48742138364779874 0.1922365988909427 0.08633504859919955 0.03743068391866913
93 0.5431675242995998 0.15573012939001848 0.07718696397941681 0.030499075785582256
42 0.1432246998284734 0.21025878003696857 0.08747855917667238 0.03373382624768946
47 0.7215551743853631 0.2333641404805915 0.016009148084619784 0.012476894639556377
3 0.1623785020011435 0.31608133086876156 0.05460263007432819 0.019408502772643253
3 0.4805603201829617 0.2268946395563771 0.04202401372212693 0.022181146025878003
3 0.46369353916523726 0.3156192236598891 0.05460263007432819 0.018022181146025877
47 0.040880503144654086 0.27310536044362294 0.05231560891938251 0.013401109057301294
39 0.14265294453973698 0.2476894639556377 0.03173241852487135 0.006931608133086876
39 0.6149228130360206 0.18345656192236598 0.03401943967981704 0.005545286506469501
39 0.6149228130360206 0.2144177449168207 0.02944539736992567 0.005545286506469501
42 0.6892510005717553 0.272181146025878 0.04888507718696398 0.01756007393715342
68 0.48742138364779874 0.24722735674676524 0.03401943967981704 0.00831792975970425
42 0.31360777587192684 0.31746765249537895 0.08862206975414523 0.036044362292051754
68 0.5534591194968553 0.27264325323475047 0.016009148084619784 0.012014787430683918
42 0.7389937106918238 0.205637707948244 0.018867924528301886 0.06007393715341959
49 0.7401372212692967 0.2897412199630314 0.02115494568324757 0.05822550831792976
25 0.7944539736992567 0.27818853974122 0.03316180674671241 0.053604436229205174
42 0.7644368210405946 0.39510166358595195 0.03430531732418525 0.05822550831792976
42 0.7632933104631218 0.46164510166358597 0.03659233847913093 0.056377079482439925
39 0.8090337335620355 0.466728280961183 0.011435105774728416 0.022181146025878003
47 0.985134362492853 0.27264325323475047 0.013150371640937679 0.03512014787430684
42 0.3765008576329331 0.5184842883548983 0.04859919954259577 0.05730129390018484
42 0.2684391080617496 0.6871534195933456 0.025157232704402517 0.03512014787430684
42 0.35277301315037163 0.8378003696857671 0.02801600914808462 0.04066543438077634
46 0.434819897084048 0.7463031423290203 0.03773584905660377 0.03512014787430684
46 0.17181246426529445 0.7398336414048059 0.03773584905660377 0.033271719038817
93 0.3158947970268725 0.7398336414048059 0.044596912521440824 0.07393715341959335
93 0.2221269296740995 0.9487060998151571 0.046883933676386505 0.066543438077634
42 0.3270440251572327 0.9366913123844732 0.04745568896512293 0.07948243992606285
22 0.23527730131503716 0.6894639556377079 0.022870211549456832 0.04343807763401109
1 0.29245283018867924 0.6289279112754159 0.0274442538593482 0.08502772643253234
93 0.38279016580903374 0.772181146025878 0.03659233847913093 0.06099815157116451
7 0.3599199542595769 0.6922365988909427 0.050314465408805034 0.05268022181146026
86 0.31446540880503143 0.866913123844732 0.0274442538593482 0.04436229205175601
86 0.3296169239565466 0.5901109057301294 0.029731275014293884 0.04343807763401109
86 0.25414522584333904 0.5854898336414048 0.023441966838193252 0.04621072088724584