64 0.1845692475463468 0.1487985212569316 0.04116684841875681 0.0166358595194085
42 0.17202835332606325 0.20378927911275416 0.0697928026172301 0.0355822550831793
93 0.10387131952017448 0.18068391866913125 0.0564340239912759 0.03188539741219963
42 0.2055616139585605 0.3465804066543438 0.06297709923664122 0.036044362292051754
47 0.2480916030534351 0.09842883548983364 0.023446019629225736 0.02310536044362292
3 0.40239912758996726 0.33826247689463956 0.03625954198473282 0.02264325323475046
3 0.23636859323882226 0.20656192236598891 0.04116684841875681 0.01756007393715342
3 0.4010359869138495 0.2134935304990758 0.03353326063249727 0.02264325323475046
47 0.32251908396946566 0.3886321626617375 0.02535441657579062 0.021719038817005546
47 0.3822246455834242 0.46395563770794823 0.04280261723009814 0.01155268022181146
39 0.27535441657579063 0.3465804066543438 0.012540894220283533 0.013401109057301294
39 0.15567066521264994 0.1511090573012939 0.010087241003271538 0.01432532347504621
39 0.21346782988004362 0.1511090573012939 0.010087241003271538 0.012014787430683918
42 0.05370774263904035 0.09750462107208872 0.02699018538713195 0.018022181146025877
42 0.11259541984732824 0.09750462107208872 0.029443838604143947 0.018484288354898338
42 0.3203380588876772 0.12014787430683918 0.03271537622682661 0.02033271719038817
42 0.5016357688113413 0.4819778188539741 0.02699018538713195 0.014787430683918669
68 0.27399127589967287 0.20378927911275416 0.015267175572519083 0.01432532347504621
42 0.4043075245365322 0.27587800369685767 0.0673391494002181 0.03650646950092421
68 0.3211559432933479 0.17652495378927913 0.02262813522355507 0.006469500924214418
42 0.0648854961832061 0.6585027726432532 0.05234460196292257 0.08410351201478743
46 0.0029989094874591058 0.5651571164510166 0.0059978189749182115 0.06931608133086876
22 0.1643947655398037 0.5748613678373382 0.021264994547437296 0.038817005545286505
22 0.1777535441657579 0.8775415896487985 0.023991275899672846 0.041589648798521256
22 0.3456924754634678 0.9847504621072088 0.019629225736095966 0.030499075785582256
93 0.20801526717557253 0.75 0.04089422028353326 0.07855822550831792
93 0.4994547437295529 0.8530499075785583 0.0539803707742639 0.07208872458410351
93 0.4623773173391494 0.7375231053604436 0.04798255179934569 0.07208872458410351
93 0.3009814612868048 0.8964879852125693 0.04907306434023991 0.0711645101663586
93 0.22655398037077426 0.6377079482439926 0.04252998909487459 0.066543438077634
46 0.2063794983642312 0.9764325323475046 0.021264994547437296 0.04713493530499076
42 0.34541984732824427 0.9380776340110906 0.021810250817884406 0.033271719038817
42 0.17557251908396945 0.8211645101663586 0.021810250817884406 0.033271719038817
1 0.14422028353326063 0.7837338262476895 0.0376226826608506 0.036968576709796676
7 0.3500545256270447 0.7749537892791127 0.028353326063249727 0.07855822550831792
7 0.4261177753544166 0.8456561922365989 0.024536532170119956 0.059149722735674676
7 0.17911668484187568 0.677449168207024 0.024536532170119956 0.08133086876155268
42 0.2663576881134133 0.6843807763401109 0.022355507088331516 0.034195933456561925
42 0.27644492911668483 0.7661737523105361 0.04580152671755725 0.07208872458410351
42 0.5100872410032715 0.7800369685767098 0.025627044711014176 0.03512014787430684
86 0.23827699018538714 0.7342883548983364 0.021264994547437296 0.02865064695009242
86 0.4108505997818975 0.9560998151571165 0.029443838604143947 0.04713493530499076
86 0.5335332606324973 0.8655268022181146 0.012540894220283533 0.041589648798521256
86 0.42584514721919303 0.738909426987061 0.022355507088331516 0.033271719038817
86 0.3876772082878953 0.7222735674676525 0.019629225736095966 0.036968576709796676
86 0.11723009814612868 0.844731977818854 0.021810250817884406 0.041589648798521256
86 0.11641221374045801 0.7134935304990758 0.027808069792802616 0.033271719038817
86 0.2870774263904035 0.839648798521257 0.021810250817884406 0.04066543438077634
86 0.2300981461286805 0.5961182994454713 0.018538713195201745 0.03512014787430684
86 0.22464558342420937 0.539279112754159 0.027808069792802616 0.03789279112754159
42 0.1608505997818975 0.5226432532347505 0.020719738276990186 0.026802218114602587