64 0.16071428571428573 0.15480591497227356 0.035989010989010986 0.017097966728280962
42 0.14972527472527472 0.2121072088724584 0.060714285714285714 0.036968576709796676
93 0.09038461538461538 0.18807763401109057 0.0489010989010989 0.033271719038817
42 0.17884615384615385 0.36044362292051757 0.054945054945054944 0.03789279112754159
47 0.21593406593406594 0.10212569316081331 0.020604395604395604 0.024029574861367836
3 0.35027472527472525 0.3521256931608133 0.03159340659340659 0.02356746765249538
3 0.20549450549450549 0.21487985212569316 0.035989010989010986 0.018022181146025877
3 0.34917582417582416 0.2222735674676525 0.029395604395604395 0.02356746765249538
47 0.2804945054945055 0.4043438077634011 0.02197802197802198 0.02264325323475046
47 0.3326923076923077 0.4824399260628466 0.03736263736263736 0.012014787430683918
39 0.23956043956043957 0.36044362292051757 0.01098901098901099 0.013863216266173753
39 0.13543956043956043 0.15711645101663585 0.008791208791208791 0.014787430683918669
39 0.185989010989011 0.15711645101663585 0.008791208791208791 0.012939001848428836
42 0.046703296703296704 0.1012014787430684 0.023351648351648352 0.018484288354898338
42 0.09807692307692308 0.10166358595194085 0.02554945054945055 0.018946395563770795
42 0.27884615384615385 0.12523105360443623 0.02857142857142857 0.021256931608133085
42 0.43653846153846154 0.5013863216266173 0.023351648351648352 0.015249537892791128
68 0.23846153846153847 0.2121072088724584 0.013186813186813187 0.014787430683918669
42 0.35192307692307695 0.2869685767097967 0.05851648351648352 0.03835489833641405
68 0.2793956043956044 0.18345656192236598 0.01978021978021978 0.006931608133086876
78 0.718956043956044 0.15711645101663585 0.08406593406593407 0.13863216266173753
76 0.7173076923076923 0.3659889094269871 0.08516483516483517 0.13863216266173753
42 0.8277472527472527 0.7028650646950092 0.02142857142857143 0.04251386321626617
42 0.795054945054945 0.8756931608133087 0.02197802197802198 0.03974121996303143
93 0.9431318681318681 0.6797597042513863 0.04230769230769231 0.06839186691312385
39 0.8978021978021978 0.7338262476894639 0.01978021978021978 0.027726432532347505
86 0.8332417582417583 0.850739371534196 0.018131868131868133 0.03789279112754159