64 0.06302353410450738 0.3022181146025878 0.022935779816513763 0.02310536044362292
42 0.13921021140805745 0.3096118299445471 0.04966094934184284 0.03927911275415896
93 0.10710011966493817 0.34750462107208874 0.04447546868767451 0.031423290203327174
42 0.33725568408456325 0.29066543438077636 0.05025927403270842 0.03512014787430684
47 0.004188272836059034 0.266173752310536 0.008376545672118069 0.012939001848428836
3 0.32608695652173914 0.18068391866913125 0.03131232548863183 0.02033271719038817
3 0.1431990426804946 0.2735674676524954 0.024132429198244914 0.02310536044362292
3 0.1529716792979657 0.18114602587800369 0.03131232548863183 0.018946395563770795
47 0.3960909453530116 0.22504621072088724 0.030115676106900677 0.01432532347504621
39 0.3376545672118069 0.2513863216266174 0.01834862385321101 0.006931608133086876
39 0.06601515755883526 0.3188539741219963 0.01954527323494216 0.005545286506469501
39 0.06601515755883526 0.28604436229205177 0.016952532907857996 0.005545286506469501
42 0.023135221380135622 0.22643253234750463 0.02812126047068209 0.018484288354898338
68 0.13921021140805745 0.25231053604436227 0.01954527323494216 0.00831792975970425
42 0.2391304347826087 0.17929759704251386 0.05105704028719585 0.03743068391866913
68 0.10131631431990427 0.22597042513863216 0.009174311926605505 0.012476894639556377
25 0.42560829676904666 0.15249537892791126 0.011966493817311527 0.04990757855822551
42 0.4236138811328281 0.2342883548983364 0.007977662544874352 0.04713493530499076
42 0.4617072197846031 0.3567467652495379 0.025927403270841642 0.044824399260628464
46 0.45771838851216595 0.010628465804066543 0.016354208216992423 0.021256931608133085
49 0.44834463502193855 0.12199630314232902 0.03430394894295971 0.05822550831792976
96 0.4481451934583167 0.2024029574861368 0.015157558835261268 0.021719038817005546
48 0.45652173913043476 0.22643253234750463 0.017550857598723574 0.024029574861367836
42 0.9441563621858795 0.8193160813308688 0.03909054646988432 0.0933456561922366
42 0.8115277223773434 0.8183918669131238 0.017151974471479856 0.036968576709796676
46 0.7512963701635421 0.7384473197781886 0.017949740725967292 0.06469500924214418
42 0.7140007977662545 0.6968576709796673 0.016753091344236137 0.03974121996303143
93 0.9800558436378142 0.5707024029574861 0.031112883925009972 0.06746765249537892
95 0.7696449940167531 0.9440850277264325 0.014758675708017551 0.05730129390018484
30 0.7317510969286 0.7763401109057301 0.01316314319904268 0.06284658040665435
86 0.7084164339848424 0.6035120147874307 0.011966493817311527 0.053604436229205174
1 0.8494216194654967 0.8853974121996303 0.02114080574391703 0.09426987060998152
39 0.8165137614678899 0.5767097966728281 0.019146390107698443 0.018484288354898338