64 0.09113300492610837 0.18946395563770796 0.034482758620689655 0.02033271719038817
42 0.20591133004926107 0.18853974121996303 0.0748768472906404 0.022181146025878003
42 0.5039408866995074 0.17190388170055454 0.07586206896551724 0.05545286506469501
47 0.004433497536945813 0.1321626617375231 0.008866995073891626 0.025878003696857672
3 0.21182266009852216 0.14510166358595195 0.03645320197044335 0.04528650646950092
47 0.593103448275862 0.050369685767097966 0.04532019704433497 0.027726432532347505
39 0.5049261083743842 0.10212569316081331 0.027586206896551724 0.013863216266173753
39 0.09556650246305419 0.17005545286506468 0.02561576354679803 0.011090573012939002
42 0.03103448275862069 0.05268022181146026 0.042364532019704436 0.036044362292051754
68 0.20591133004926107 0.10351201478743069 0.029556650246305417 0.0166358595194085
68 0.14876847290640394 0.051756007393715345 0.013793103448275862 0.024953789279112754
42 0.2354679802955665 0.2666358595194085 0.020689655172413793 0.04621072088724584
42 0.3211822660098522 0.2689463955637708 0.026108374384236452 0.051756007393715345
42 0.4064039408866995 0.27033271719038815 0.0187192118226601 0.050369685767097966
42 0.14630541871921182 0.2689463955637708 0.02019704433497537 0.050369685767097966
42 0.17586206896551723 0.3960258780036969 0.022167487684729065 0.05499075785582255
42 0.2605911330049261 0.39648798521256934 0.022167487684729065 0.05314232902033272
42 0.3477832512315271 0.3960258780036969 0.022167487684729065 0.048983364140480594
42 0.4315270935960591 0.3960258780036969 0.024630541871921183 0.048983364140480594
29 0.20591133004926107 0.3960258780036969 0.026108374384236452 0.044824399260628464
29 0.29310344827586204 0.3960258780036969 0.03152709359605911 0.03650646950092421
29 0.3793103448275862 0.3932532347504621 0.030049261083743842 0.04343807763401109
29 0.4635467980295567 0.3932532347504621 0.025123152709359605 0.04343807763401109
7 0.41970443349753694 0.3045286506469501 0.023645320197044337 0.03927911275415896
7 0.24630541871921183 0.3068391866913124 0.029064039408866996 0.03789279112754159
7 0.33201970443349754 0.3068391866913124 0.03103448275862069 0.03234750462107209
7 0.15517241379310345 0.31053604436229204 0.03300492610837438 0.030961182994454713
2 0.4684729064039409 0.6501848428835489 0.015270935960591134 0.04343807763401109
2 0.3832512315270936 0.6705175600739371 0.014778325123152709 0.04205175600739371
2 0.29901477832512313 0.6917744916820703 0.017241379310344827 0.04621072088724584
2 0.21083743842364533 0.7111829944547134 0.014778325123152709 0.03927911275415896
79 0.2960591133004926 0.7939001848428835 0.013300492610837438 0.012476894639556377
79 0.3817733990147783 0.7952865064695009 0.015763546798029555 0.009704251386321626
42 0.43448275862068964 0.7421441774491682 0.02315270935960591 0.04205175600739371
42 0.34876847290640395 0.7426062846580407 0.020689655172413793 0.05314232902033272
42 0.2630541871921182 0.7426062846580407 0.02019704433497537 0.04621072088724584
42 0.17783251231527095 0.7398336414048059 0.022167487684729065 0.05314232902033272
46 0.19655172413793104 0.7421441774491682 0.014778325123152709 0.02541589648798521
46 0.2832512315270936 0.743992606284658 0.017241379310344827 0.03373382624768946
46 0.3694581280788177 0.7393715341959335 0.01625615763546798 0.029574861367837338
46 0.45615763546798027 0.7398336414048059 0.014285714285714285 0.02541589648798521