49 0.23522853957636566 0.21892816419612315 0.10925306577480491 0.10490307867730901
42 0.16499442586399107 0.3289623717217788 0.08472686733556299 0.039908779931584946
42 0.3494983277591973 0.3187001140250855 0.0858416945373467 0.06043329532497149
42 0.5027870680044593 0.15849486887115166 0.042363433667781496 0.04789053591790194
25 0.3500557413600892 0.11801596351197263 0.09253065774804906 0.09236031927023945
22 0.5050167224080268 0.3403648802736602 0.04013377926421405 0.01710376282782212
22 0.7051282051282052 0.15279361459521096 0.030100334448160536 0.027366020524515394
42 0.7045707915273133 0.3232611174458381 0.026755852842809364 0.03534777651083238
42 0.7045707915273133 0.06043329532497149 0.023411371237458192 0.026225769669327253
42 0.6872909698996655 0.27194982896237174 0.016722408026755852 0.05815279361459521
1 0.7591973244147158 0.2725199543899658 0.07246376811594203 0.04561003420752566
1 0.7591973244147158 0.11801596351197263 0.06911928651059086 0.039908779931584946
95 0.6989966555183946 0.0974914481185861 0.04013377926421405 0.021664766248574687
46 0.7040133779264214 0.22805017103762829 0.021181716833890748 0.04218928164196123
42 0.25975473801560756 0.7092360319270239 0.055741360089186176 0.05701254275940707
42 0.2670011148272018 0.5655644241733181 0.03455964325529543 0.03534777651083238
42 0.3060200668896321 0.5969213226909921 0.03678929765886288 0.037628278221208664
42 0.42642140468227424 0.5974914481185861 0.03678929765886288 0.039908779931584946
34 0.38127090301003347 0.5832383124287344 0.04013377926421405 0.08551881413911061
46 0.427536231884058 0.637400228050171 0.016722408026755852 0.029646522234891677
46 0.5161649944258639 0.6579247434435576 0.026755852842809364 0.019384264538198404
25 0.40301003344481606 0.9908779931584949 0.05239687848383501 0.018244013683010263
25 0.47101449275362317 0.9903078677309008 0.04793756967670011 0.019384264538198404
49 0.5306577480490524 0.9931584948688712 0.04905239687848383 0.013683010262257697
25 0.60479375696767 0.992018244013683 0.05239687848383501 0.01596351197263398
65 0.2536231884057971 0.9880273660205245 0.07246376811594203 0.02394526795895097
46 0.17558528428093645 0.6818700114025086 0.021181716833890748 0.03192702394526796
46 0.07190635451505016 0.6602052451539339 0.03455964325529543 0.021664766248574687
46 0.8177257525083612 0.9720638540478905 0.030100334448160536 0.055872291904218926
46 0.8160535117056856 0.6710376282782212 0.030100334448160536 0.053591790193842644
39 0.749721293199554 0.9047890535917902 0.023411371237458192 0.04218928164196123