49 0.2359098228663446 0.18159357628165534 0.05249597423510467 0.044780728844966027
42 0.20225442834138485 0.23903644224830142 0.04057971014492753 0.03798641136504015
42 0.2909822866344606 0.2294626312538604 0.041223832528180356 0.03644224830142063
42 0.3172302737520129 0.30203829524397774 0.04057971014492753 0.03798641136504015
42 0.4119162640901771 0.2936998147004324 0.0428341384863124 0.035824583075972825
25 0.4069243156199678 0.3508338480543545 0.04605475040257649 0.043854231006794316
25 0.04492753623188406 0.3214947498455837 0.047020933977455714 0.04076590487955528
42 0.3642512077294686 0.15596046942557135 0.020289855072463767 0.02038295243977764
25 0.2909822866344606 0.13866584311303273 0.044444444444444446 0.03922174181593576
74 0.34524959742351047 0.27393452748610253 0.056682769726247986 0.0253242742433601
22 0.365378421900161 0.2381099444101297 0.01932367149758454 0.016368128474366892
35 0.038486312399355876 0.390982087708462 0.026731078904991948 0.016985793699814702
17 0.17729468599033815 0.38727609635577515 0.015458937198067632 0.02470660901791229
3 0.2355877616747182 0.27671402100061765 0.03752012882447665 0.02439777640518839
48 0.26006441223832527 0.25941939468807906 0.020289855072463767 0.01852995676343422
96 0.2359098228663446 0.24891908585546635 0.01819645732689211 0.015132798023471278
46 0.3634460547504026 0.5605311920938851 0.007407407407407408 0.06794317479925881
42 0.4040257648953301 0.5169857936998147 0.007890499194847021 0.0506485484867202
1 0.4260869565217391 0.42711550339715876 0.007085346215780998 0.05497220506485485
93 0.3896940418679549 0.49320568252007413 0.013043478260869565 0.0759728227300803
22 0.40370370370370373 0.5756639901173564 0.006119162640901771 0.03242742433600988
22 0.35555555555555557 0.44657195799876465 0.005797101449275362 0.03953057442865967
93 0.44508856682769726 0.43699814700432366 0.012238325281803542 0.07473749227918468
86 0.4227053140096618 0.5315009264978382 0.007085346215780998 0.05867819641754169
86 0.45507246376811594 0.42155651636812846 0.00644122383252818 0.043854231006794316
86 0.3394524959742351 0.42155651636812846 0.00966183574879227 0.043854231006794316
34 0.5882447665056361 0.6306361951822113 0.08695652173913043 0.3199505867819642
53 0.5877616747181964 0.9292773316862261 0.16972624798711755 0.11117974058060531