49 0.2761401557285873 0.2743972445464983 0.05228031145717464 0.06659012629161883
42 0.20912124582869857 0.23191733639494833 0.044215795328142384 0.05166475315729047
42 0.21996662958843158 0.34443168771526983 0.04254727474972191 0.05223880597014925
42 0.13515016685205783 0.3777267508610792 0.044215795328142384 0.05166475315729047
42 0.14488320355951056 0.49770378874856486 0.04199110122358176 0.05453501722158439
25 0.07814238042269188 0.49138920780711826 0.05116796440489433 0.05855338691159587
25 0.11234705228031146 0.03214695752009185 0.047830923248053395 0.05970149253731343
42 0.30617352614015575 0.43742824339839265 0.023915461624026697 0.025832376578645237
25 0.32619577308120135 0.34443168771526983 0.04588431590656285 0.05625717566016074
74 0.1682424916573971 0.4133180252583238 0.029477196885428252 0.07175660160734787
22 0.20995550611790878 0.439150401836969 0.01918798665183537 0.02468427095292767
35 0.030867630700778644 0.023536165327210104 0.019744160177975527 0.0338691159586682
17 0.035595105672969966 0.20034443168771526 0.028921023359288096 0.01951779563719862
3 0.1646273637374861 0.2743972445464983 0.02836484983314794 0.04764638346727899
48 0.18520578420467185 0.3048220436280138 0.021690767519466074 0.025832376578645237
96 0.19744160177975528 0.2743972445464983 0.017519466073414907 0.022962112514351322
25 0.728587319243604 0.399540757749713 0.08398220244716352 0.1756601607347876
9 0.6023359288097887 0.3949483352468427 0.08620689655172414 0.17221584385763491
56 0.5164071190211346 0.39724454649827784 0.013904338153503892 0.08725602755453502