42 0.10313562523611636 0.28493317132442286 0.029467321496033247 0.04981773997569866
93 0.6633925198337741 0.06804374240583232 0.06724593879863996 0.031591737545565005
42 0.6673592746505478 0.19866342648845686 0.06592368719304874 0.038882138517618466
42 0.6949376652814507 0.29222357229647633 0.06989044200982245 0.03523693803159174
42 0.5636569701548924 0.13487241798298907 0.0409897997733283 0.01701093560145808
42 0.6178692859841329 0.018833535844471446 0.07121269361541367 0.037059538274605106
1 0.18284850774461656 0.26852976913730253 0.026445032111824706 0.02187120291616039
1 0.595391008689082 0.25212636695018226 0.05685681904042312 0.04374240583232078
17 0.6131469588213071 0.2825030376670717 0.05289006422364941 0.013973268529769137
47 0.5017000377786173 0.13608748481166463 0.03570079335096336 0.024301336573511544
93 0.6422364941443143 0.14094775212636695 0.07385719682659615 0.03402187120291616
25 0.41915375897242163 0.6366950182260024 0.06271250472232716 0.06257594167679223
42 0.41613146958821307 0.37667071688942894 0.055534567434831886 0.057715674362089915
42 0.4168870419342652 0.4520048602673147 0.05194559879108425 0.060753341433778855
42 0.41650925576123915 0.5303766707168894 0.05289006422364941 0.06136087484811665
42 0.70797128825085 0.675577156743621 0.022478277295051002 0.02916160388821385
39 0.3403853418964866 0.45443499392466585 0.018889308651303362 0.019441069258809233