42 0.20295566502463055 0.0899149453219927 0.0748768472906404 0.09477521263669501
42 0.37733990147783253 0.0692588092345079 0.07881773399014778 0.0899149453219927
25 0.36798029556650247 0.2120291616038882 0.08472906403940887 0.10935601458080195
74 0.2541871921182266 0.02551640340218712 0.10443349753694581 0.05103280680437424
3 0.052216748768472904 0.028554070473876064 0.06896551724137931 0.05710814094775213
25 0.8871921182266009 0.17314702308626975 0.05714285714285714 0.07776427703523693
42 0.8842364532019704 0.2916160388821385 0.054187192118226604 0.05589307411907655
22 0.9532019704433498 0.3037667071688943 0.020689655172413793 0.02916160388821385
22 0.483743842364532 0.31227217496962334 0.02561576354679803 0.014580801944106925
22 0.5241379310344828 0.27946537059538273 0.02561576354679803 0.02916160388821385
22 0.5935960591133005 0.2764277035236938 0.03251231527093596 0.02551640340218712
42 0.5576354679802956 0.2825030376670717 0.03152709359605911 0.03645200486026731
42 0.9541871921182266 0.2132442284325638 0.026600985221674877 0.030376670716889428
7 0.4852216748768473 0.2733900364520049 0.030541871921182268 0.06804374240583232
95 0.9433497536945813 0.24908869987849333 0.05812807881773399 0.02187120291616039
1 0.9847290640394089 0.267314702308627 0.030541871921182268 0.05103280680437424
42 0.2852216748768473 0.5145808019441069 0.03251231527093596 0.041312272174969626
42 0.28374384236453204 0.6846901579586877 0.03645320197044335 0.05224787363304982
42 0.2827586206896552 0.8541919805589308 0.035467980295566505 0.03766707168894289
42 0.28374384236453204 0.3377885783718105 0.035467980295566505 0.03645200486026731
42 0.19458128078817735 0.3955042527339004 0.03842364532019704 0.04374240583232078
42 0.19408866995073892 0.5643985419198055 0.0374384236453202 0.04374240583232078
42 0.19458128078817735 0.7375455650060754 0.034482758620689655 0.04374240583232078
42 0.19458128078817735 0.9046172539489672 0.034482758620689655 0.04860267314702309
29 0.19458128078817735 0.45504252733900363 0.03152709359605911 0.05224787363304982
29 0.19458128078817735 0.6287970838396112 0.02561576354679803 0.06318347509113001
29 0.19655172413793104 0.8007290400972054 0.029556650246305417 0.05953827460510328
29 0.19655172413793104 0.9678007290400972 0.029556650246305417 0.05103280680437424
7 0.25862068965517243 0.8809234507897934 0.027586206896551724 0.04738760631834751
7 0.2571428571428571 0.5358444714459295 0.026600985221674877 0.0583232077764277
7 0.2571428571428571 0.7065613608748481 0.022660098522167486 0.061968408262454436
7 0.254679802955665 0.35479951397326853 0.02167487684729064 0.06561360874848117
2 0.01625615763546798 0.9781287970838396 0.030541871921182268 0.030376670716889428
2 0.008374384236453201 0.8080194410692588 0.016748768472906402 0.02916160388821385