49 0.21614151464897732 0.06682867557715674 0.05085682697622996 0.11907654921020656
42 0.5210060807075733 0.19258809234507898 0.0406301824212272 0.020048602673147023
46 0.5055279159756771 0.05285540704738761 0.02542841348811498 0.013973268529769137
46 0.5815367606412383 0.05285540704738761 0.026533996683250415 0.014580801944106925
42 0.5447761194029851 0.03645200486026731 0.0505804311774461 0.0212636695018226
46 0.611387506909895 0.17739975698663427 0.026533996683250415 0.016403402187120292
46 0.4134881149806523 0.1767922235722965 0.021006080707573246 0.018226002430133656
42 0.13156440022111665 0.6166464155528554 0.00552791597567717 0.027946537059538274
22 0.13156440022111665 0.5528554070473876 0.00552791597567717 0.03645200486026731
46 0.13930348258706468 0.5814094775212637 0.00912106135986733 0.04738760631834751
86 0.14483139856274185 0.4356014580801944 0.005251520176893312 0.05589307411907655
29 0.12769485903814262 0.44349939246658565 0.014096185737976783 0.08140947752126367
56 0.09812050856826976 0.393681652490887 0.004975124378109453 0.04860267314702309
42 0.10392482034273079 0.4422843256379101 0.011608623548922056 0.09963547995139732
42 0.42509673852957436 0.5018226002430134 0.0666113875069099 0.050425273390036454
42 0.5458817025981205 0.45018226002430134 0.03648424543946932 0.0212636695018226
1 0.49640685461580986 0.491494532199271 0.04975124378109453 0.06500607533414338
7 0.38916528468767275 0.4422843256379101 0.07849640685461581 0.031591737545565005
42 0.3963515754560531 0.3784933171324423 0.03648424543946932 0.018226002430133656
22 0.44665561083471533 0.4471445929526124 0.03150912106135987 0.020048602673147023
22 0.3969043670536208 0.4106925880923451 0.030127142067440577 0.0212636695018226
38 0.7037037037037037 0.4793438639125152 0.030127142067440577 0.016403402187120292