49 0.26439482961222094 0.40704738760631837 0.05405405405405406 0.11907654921020656
42 0.19506462984723855 0.330498177399757 0.045828437132784956 0.09234507897934387
42 0.20652173913043478 0.5321992709599028 0.04406580493537015 0.09356014580801944
42 0.11868390129259694 0.5826245443499393 0.045828437132784956 0.07411907654921021
25 0.09518213866039953 0.013365735115431349 0.04935370152761457 0.026731470230862697
25 0.3163924794359577 0.5321992709599028 0.04759106933019976 0.10085054678007291
74 0.15276145710928318 0.6051032806804374 0.03055229142185664 0.02916160388821385
17 0.015569917743830788 0.27399756986634266 0.029964747356051705 0.03523693803159174
3 0.1492361927144536 0.40643985419198053 0.02937720329024677 0.0850546780072904
48 0.17038777908343125 0.4617253948967193 0.022326674500587545 0.046172539489671933
96 0.18301997649823737 0.40704738760631837 0.018213866039952998 0.041312272174969626
36 0.20329024676850763 0.9319562575941677 0.06110458284371328 0.13608748481166463
100 0.10311398354876616 0.9495747266099636 0.03701527614571093 0.10085054678007291
44 0.01263219741480611 0.9155528554070473 0.02526439482961222 0.16889428918590524