49 0.12374581939799331 0.1701093560145808 0.10256410256410256 0.11907654921020656
42 0.2552954292084727 0.24665856622114216 0.08695652173913043 0.09234507897934387
42 0.23355629877369008 0.04556500607533415 0.08361204013377926 0.0911300121506683
42 0.40022296544035674 0.015795868772782502 0.08695652173913043 0.031591737545565005
25 0.03511705685618729 0.04738760631834751 0.07023411371237458 0.09477521263669501
17 0.5785953177257525 0.3031591737545565 0.022296544035674472 0.03523693803159174
3 0.34225195094760313 0.17071688942891858 0.055741360089186176 0.0850546780072904
48 0.30211817168338906 0.11543134872417983 0.042363433667781496 0.046172539489671933
96 0.27814938684503904 0.1701093560145808 0.03455964325529543 0.041312272174969626
42 0.830546265328874 0.1433778857837181 0.04124860646599777 0.04374240583232078
46 0.9219620958751393 0.10996354799513973 0.026755852842809364 0.03645200486026731
46 0.721850613154961 0.10874848116646416 0.021181716833890748 0.040097205346294046
1 0.36231884057971014 0.7035236938031592 0.044593088071348944 0.08140947752126367
1 0.1767001114827202 0.8128797083839611 0.04905239687848383 0.07533414337788578
1 0.10256410256410256 0.8262454434993924 0.044593088071348944 0.07897934386391252
25 0.27647714604236345 0.5054678007290401 0.07023411371237458 0.08262454434993925
56 0.10535117056856187 0.4690157958687728 0.03455964325529543 0.03645200486026731
38 0.13377926421404682 0.7114216281895505 0.033444816053511704 0.03402187120291616
39 0.12040133779264214 0.9586877278250304 0.026755852842809364 0.023086269744835967
39 0.1488294314381271 0.9343863912515188 0.01560758082497213 0.03645200486026731
22 0.07357859531772576 0.7551640340218712 0.024526198439241916 0.032806804374240585
46 0.13656633221850614 0.7545565006075334 0.05239687848383501 0.031591737545565005
42 0.13377926421404682 0.5054678007290401 0.06020066889632107 0.06804374240583232
42 0.189520624303233 0.6962332928311057 0.056856187290969896 0.07290400972053462
22 0.21683389074693424 0.7545565006075334 0.03455964325529543 0.027946537059538274
42 0.3004459308807135 0.7563791008505468 0.042363433667781496 0.030376670716889428
1 0.49498327759197325 0.8262454434993924 0.05128205128205128 0.08262454434993925
42 0.48773690078037907 0.9240583232077765 0.07915273132664437 0.08869987849331713
42 0.35451505016722407 0.5808019441069259 0.0802675585284281 0.09477521263669501
39 0.8216276477146043 0.701093560145808 0.023411371237458192 0.04981773997569866