49 0.49191750278706803 0.45413122721749694 0.10869565217391304 0.11239368165249089
42 0.4215496098104794 0.5976670716889428 0.08500557413600891 0.0956865127582017
42 0.6061872909698997 0.5741190765492102 0.08639910813823858 0.0911300121506683
42 0.6612374581939799 0.7556257594167679 0.08500557413600891 0.0956865127582017
42 0.8584169453734671 0.7351154313487241 0.08918617614269789 0.0911300121506683
25 0.8479710144927536 0.8778857837181046 0.09615384615384616 0.10935601458080195
25 0.09336677814938685 0.804228432563791 0.09754738015607581 0.10176184690157959
42 0.7594760312151616 0.3903402187120292 0.04180602006688963 0.05164034021871203
25 0.6061872909698997 0.3470595382746051 0.09197324414715718 0.09872417982989064
74 0.7197658862876254 0.6849939246658566 0.11845039018952062 0.0637910085054678
22 0.761571906354515 0.5961482381530984 0.040412486064659976 0.04100850546780073
35 0.0802675585284281 0.9787363304981774 0.055741360089186176 0.0425273390036452
17 0.3699888517279822 0.9693195625759417 0.03205128205128205 0.06136087484811665
3 0.49094760312151614 0.692588092345079 0.07803790412486064 0.05981773997569868
48 0.5419732441471572 0.6491251518833536 0.04287625418060205 0.04579586877278257
96 0.4913823857302118 0.6229526123936817 0.037736900780379064 0.038323207776427656