49 0.21847147950089127 0.14413793103448275 0.07386363636363637 0.04896551724137931
49 0.3103832442067736 0.14310344827586208 0.07230392156862746 0.0496551724137931
42 0.22036541889483066 0.23689655172413793 0.06361408199643494 0.043448275862068966
42 0.3088235294117647 0.2382758620689655 0.06205436720142603 0.043448275862068966
25 0.21802584670231728 0.04103448275862069 0.06517379679144385 0.04448275862068966
25 0.30804367201426025 0.041379310344827586 0.0659536541889483 0.04551724137931035
30 0.22003119429590018 0.3027586206896552 0.03453654188948307 0.014137931034482758
30 0.3083778966131907 0.3027586206896552 0.0393270944741533 0.014137931034482758
46 0.4800579322638146 0.4103448275862069 0.021167557932263815 0.029655172413793104
46 0.5122549019607843 0.45827586206896553 0.028297682709447415 0.01310344827586207
46 0.4784982174688057 0.2589655172413793 0.021167557932263815 0.02689655172413793
39 0.4317067736185383 0.3758620689655172 0.016488413547237075 0.02103448275862069
42 0.6723484848484849 0.01206896551724138 0.010472370766488414 0.02413793103448276
42 0.6896167557932263 0.21517241379310345 0.008467023172905526 0.028965517241379312
42 0.6724598930481284 0.1796551724137931 0.010249554367201427 0.025517241379310347
42 0.6901737967914439 0.08379310344827587 0.009581105169340463 0.02689655172413793
42 0.7387477718360071 0.12482758620689655 0.00980392156862745 0.03310344827586207
42 0.7837566844919787 0.12413793103448276 0.008912655971479501 0.027586206896551724
42 0.8050356506238859 0.21793103448275863 0.019830659536541888 0.05655172413793103
42 0.7131238859180036 0.34172413793103446 0.010249554367201427 0.02689655172413793
42 0.7759581105169341 0.34241379310344827 0.011140819964349376 0.028275862068965516
42 0.8380124777183601 0.34172413793103446 0.010472370766488414 0.029655172413793104
42 0.8870320855614974 0.2524137931034483 0.008912655971479501 0.028965517241379312
42 0.9438502673796791 0.10137931034482758 0.0196078431372549 0.05724137931034483
42 0.9604500891265597 0.4093103448275862 0.010249554367201427 0.027586206896551724
42 0.8639705882352942 0.12206896551724138 0.008467023172905526 0.03310344827586207
42 0.9125445632798574 0.21655172413793103 0.008689839572192513 0.030344827586206897
93 0.8772281639928698 0.42172413793103447 0.015819964349376114 0.05103448275862069
22 0.8521613190730838 0.34241379310344827 0.006907308377896613 0.021379310344827585
22 0.8241978609625669 0.34241379310344827 0.007798573975044563 0.02482758620689655
22 0.7918894830659536 0.34241379310344827 0.0071301247771836 0.02
42 0.7629233511586453 0.4144827586206897 0.011140819964349376 0.028965517241379312
42 0.7290552584670231 0.4196551724137931 0.008689839572192513 0.03103448275862069
86 0.7173573975044564 0.3837931034482759 0.009135472370766489 0.023448275862068966
86 0.8063725490196079 0.40344827586206894 0.007798573975044563 0.03103448275862069
46 0.80548128342246 0.4393103448275862 0.013368983957219251 0.03103448275862069
46 0.829879679144385 0.37724137931034485 0.00980392156862745 0.03103448275862069
1 0.8585115864527629 0.4027586206896552 0.013146167557932263 0.06275862068965517
39 0.98150623885918 0.3803448275862069 0.010026737967914439 0.011034482758620689
39 0.9401737967914439 0.3793103448275862 0.00980392156862745 0.008275862068965517
29 0.8045900178253119 0.3255172413793103 0.011586452762923352 0.060689655172413794
42 0.8266488413547237 0.2731034482758621 0.017379679144385027 0.05862068965517241
22 0.7386363636363636 0.07448275862068965 0.010026737967914439 0.030344827586206897
22 0.7842023172905526 0.06896551724137931 0.010249554367201427 0.02620689655172414
22 0.8636363636363636 0.06689655172413793 0.008467023172905526 0.02413793103448276
22 0.9146613190730838 0.021724137931034483 0.0071301247771836 0.023448275862068966
39 0.9220142602495544 0.02 0.0053475935828877 0.02482758620689655
22 0.9264705882352942 0.06827586206896552 0.008021390374331552 0.02482758620689655
22 0.9263591800356507 0.14 0.008912655971479501 0.02689655172413793
86 0.6822638146167558 0.0034482758620689655 0.0106951871657754 0.006896551724137931
1 0.8021390374331551 0.017586206896551725 0.022281639928698752 0.03517241379310345
1 0.7508912655971479 0.011724137931034483 0.022281639928698752 0.023448275862068966
1 0.8470365418894831 0.016551724137931035 0.022058823529411766 0.03310344827586207
22 0.768048128342246 0.006206896551724138 0.008912655971479501 0.012413793103448275