49 0.14226827094474154 0.1296551724137931 0.0481283422459893 0.044137931034482755
49 0.20209447415329768 0.12862068965517243 0.04712566844919786 0.04448275862068966
42 0.14349376114081996 0.21310344827586206 0.04144385026737968 0.03896551724137931
42 0.20109180035650623 0.21448275862068966 0.04044117647058824 0.03896551724137931
25 0.14204545454545456 0.03689655172413793 0.042446524064171126 0.04
25 0.20053475935828877 0.037241379310344824 0.043003565062388595 0.04103448275862069
30 0.14327094474153299 0.27241379310344827 0.02250445632798574 0.012758620689655173
30 0.20086898395721925 0.27241379310344827 0.025623885918003565 0.012758620689655173
46 0.3126114081996435 0.36931034482758623 0.013814616755793227 0.026551724137931033
46 0.3336675579322638 0.41206896551724137 0.01838235294117647 0.011724137931034483
46 0.31160873440285203 0.23310344827586207 0.013814616755793227 0.02413793103448276
39 0.28119429590017825 0.33827586206896554 0.0106951871657754 0.01896551724137931
42 0.2661541889483066 0.5017241379310344 0.028409090909090908 0.06379310344827586
56 0.28108288770053474 0.47379310344827585 0.01626559714795009 0.02793103448275862