49 0.058333333333333334 0.15279361459521096 0.10952380952380952 0.09920182440136831
42 0.055952380952380955 0.34321550741163054 0.09404761904761905 0.08665906499429875
46 0.3130952380952381 0.3848346636259977 0.03214285714285714 0.053591790193842644
42 0.6047619047619047 0.41334093500570124 0.03214285714285714 0.0330672748004561
42 0.7154761904761905 0.4104903078677309 0.02619047619047619 0.029646522234891677
42 0.8791666666666667 0.3888255416191562 0.06547619047619048 0.059293044469783354
22 0.7666666666666667 0.41163055872291904 0.034523809523809526 0.020524515393386546
22 0.8267857142857142 0.4549600912200684 0.025 0.009122006841505131
22 0.5523809523809524 0.4104903078677309 0.02619047619047619 0.020524515393386546
22 0.4994047619047619 0.4549600912200684 0.02023809523809524 0.009122006841505131
7 0.8208333333333333 0.4047890535917902 0.0380952380952381 0.06499429874572406
7 0.5053571428571428 0.4007981755986317 0.03214285714285714 0.06955530216647662
95 0.6285714285714286 0.15450399087799316 0.02738095238095238 0.05131128848346636
35 0.8279761904761904 0.10490307867730901 0.047619047619047616 0.03192702394526796
35 0.825 0.15792474344355759 0.03571428571428571 0.03420752565564424
25 0.10297619047619047 0.5148232611174458 0.07261904761904762 0.06499429874572406
25 0.16547619047619047 0.7559863169897377 0.06428571428571428 0.06841505131128849
42 0.23035714285714284 0.5153933865450399 0.060714285714285714 0.05815279361459521
42 0.3636904761904762 0.48517673888255414 0.060714285714285714 0.05131128848346636
42 0.26785714285714285 0.75769669327252 0.058333333333333334 0.05815279361459521
42 0.2833333333333333 0.8808437856328393 0.06666666666666667 0.05815279361459521
42 0.28214285714285714 0.9384264538198404 0.06190476190476191 0.05473204104903079
49 0.07142857142857142 0.8802736602052451 0.07380952380952381 0.07069555302166476
42 0.1523809523809524 0.9338654503990877 0.06190476190476191 0.06157354618015964
49 0.32976190476190476 0.6482326111744584 0.07857142857142857 0.06727480045610035
22 0.35 0.9897377423033067 0.02619047619047619 0.020524515393386546
3 0.1988095238095238 0.8819840364880274 0.0380952380952381 0.05017103762827822
3 0.44702380952380955 0.5262257696693272 0.04880952380952381 0.03420752565564424
42 0.3488095238095238 0.8318129988597491 0.02857142857142857 0.03192702394526796
42 0.3476190476190476 0.8911060433295325 0.02738095238095238 0.03078677309007982
96 0.44583333333333336 0.5689851767388826 0.023809523809523808 0.03192702394526796
48 0.41845238095238096 0.5496009122006842 0.04642857142857143 0.021664766248574687
35 0.2154761904761905 0.6944127708095781 0.03333333333333333 0.028506271379703536
96 0.15654761904761905 0.879133409350057 0.04285714285714286 0.02394526795895097
48 0.17023809523809524 0.8477765108323831 0.02857142857142857 0.0330672748004561
25 0.5041666666666667 0.7041049030786773 0.02976190476190476 0.06271379703534778
35 0.5434523809523809 0.7805017103762828 0.041666666666666664 0.0330672748004561
35 0.5422619047619047 0.9213226909920182 0.039285714285714285 0.03420752565564424
35 0.9636904761904762 0.5752565564424174 0.04404761904761905 0.0330672748004561