49 0.21829810901001112 0.1379703534777651 0.07369299221357063 0.046750285062713795
49 0.31006674082313684 0.13683010262257697 0.07230255839822025 0.04732041049030787
42 0.22024471635150167 0.22690992018244013 0.06368186874304783 0.04161915621436716
42 0.3086763070077864 0.22805017103762829 0.06201334816462736 0.04161915621436716
25 0.21802002224694106 0.03933865450399088 0.06507230255839822 0.042759407069555305
25 0.3078420467185762 0.03933865450399088 0.06590656284760846 0.04389965792474344
30 0.21996662958843158 0.290193842645382 0.034482758620689655 0.013683010262257697
30 0.3081201334816463 0.290193842645382 0.03921023359288098 0.013683010262257697
46 0.47969966629588434 0.3933865450399088 0.021134593993325918 0.028506271379703536
46 0.5119577308120133 0.43899657924743446 0.02836484983314794 0.012542759407069556
46 0.4783092324805339 0.24800456100342075 0.021134593993325918 0.02565564424173318
39 0.43159065628476084 0.3603192702394527 0.016407119021134595 0.019954389965792473
102 0.7580645161290323 0.08038768529076397 0.06117908787541713 0.16077537058152794
101 0.7594549499443827 0.2748004561003421 0.059510567296996664 0.19840364880273662
103 0.756952169076752 0.43044469783352335 0.05672969966629588 0.09692132269099202
30 0.432146829810901 0.4960091220068415 0.021134593993325918 0.03420752565564424
71 0.4313125695216908 0.6442417331812998 0.12291434927697442 0.1733181299885975
97 0.4324249165739711 0.8369441277080958 0.046162402669632924 0.09692132269099202
25 0.8083982202447163 0.5091220068415051 0.08509454949944383 0.06043329532497149
9 0.8064516129032258 0.7115165336374002 0.08342602892102335 0.17673888255416192
56 0.807285873192436 0.9179019384264538 0.042269187986651836 0.08893956670467502