49 0.3456534594914252 0.19240271772699197 0.04908338261383797 0.06114885731933292
49 0.3465405085748078 0.2683755404570723 0.04967474866942637 0.0596046942557134
42 0.25280898876404495 0.1942557134033354 0.04346540508574808 0.05250154416306362
42 0.25162625665286814 0.26714021000617666 0.04346540508574808 0.051266213712168
25 0.4491425192193968 0.19209388511426806 0.0446481371969249 0.054045707226683136
25 0.4488468361916026 0.26652254478072884 0.04553518628030751 0.054663372452130946
30 0.1865759905381431 0.19394688079061148 0.014192785334121822 0.02872143298332304
30 0.1865759905381431 0.26683137739345275 0.014192785334121822 0.03242742433600988
46 0.07894736842105263 0.40920321185917236 0.02956830277942046 0.017603458925262508
46 0.03134240094618569 0.4354539839407041 0.013010053222945003 0.02347127856701668
46 0.2306327616794796 0.407041383570105 0.02690715552927262 0.017603458925262508
39 0.11354228267297457 0.3687461395923409 0.020993494973388527 0.013588634959851761
34 0.7421643997634536 0.12198888202594194 0.306327616794796 0.16676961087090797
53 0.4943820224719101 0.14206300185299567 0.02956830277942046 0.28412600370599134