49 0.18419506462984725 0.2377423033067275 0.06756756756756757 0.03876852907639681
49 0.18301997649823737 0.18985176738882553 0.06844888366627497 0.037628278221208664
42 0.3119858989424207 0.23660205245153934 0.05963572267920094 0.0330672748004561
42 0.3137485311398355 0.1904218928164196 0.05963572267920094 0.03249714937286203
25 0.04200940070505288 0.2377423033067275 0.06139835487661575 0.03420752565564424
25 0.04230317273795535 0.19099201824401368 0.06286721504112809 0.03420752565564424
30 0.40305522914218567 0.23717217787913342 0.019682726204465335 0.018244013683010263
30 0.40305522914218567 0.19099201824401368 0.019682726204465335 0.020524515393386546
46 0.5511163337250293 0.10148232611174458 0.040834312573443006 0.010832383124287344
46 0.6166274970622797 0.08437856328392246 0.017920094007050528 0.014823261117445839
46 0.3425381903642773 0.10262257696693272 0.03701527614571093 0.010832383124287344
39 0.5035252643948296 0.1265678449258837 0.029083431257344302 0.00855188141391106
42 0.8102232667450059 0.3198403648802737 0.036427732079905996 0.06727480045610035
42 0.8692714453584018 0.18415051311288483 0.0282021151586369 0.06271379703534778
42 0.935957696827262 0.09920182440136831 0.01880141010575793 0.04104903078677309
22 0.8525264394829613 0.03534777651083238 0.01410105757931845 0.029646522234891677
22 0.8816098707403055 0.10034207525655645 0.015863689776733254 0.03078677309007982
93 0.9142185663924794 0.02394526795895097 0.02702702702702703 0.04789053591790194
1 0.9071680376028202 0.1676168757126568 0.026439482961222092 0.08437856328392246
7 0.849294947121034 0.09692132269099202 0.033490011750881316 0.04561003420752566
17 0.8475323149236192 0.338654503990878 0.02702702702702703 0.029646522234891677
49 0.7737955346650999 0.3050171037628278 0.03701527614571093 0.06841505131128849
25 0.7288484136310224 0.30444697833523376 0.03936545240893067 0.07525655644241733
36 0.15276145710928318 0.6168757126567845 0.06110458284371328 0.1379703534777651
100 0.2529377203290247 0.6026225769669328 0.03701527614571093 0.10148232611174458
44 0.3537015276145711 0.6031927023945268 0.045828437132784956 0.22805017103762829
14 0.45299647473560517 0.6180159635119726 0.04465334900117509 0.15279361459521096
36 0.8448883666274971 0.5735461801596351 0.06110458284371328 0.1379703534777651
100 0.9450646298472385 0.5592930444697833 0.03701527614571093 0.10148232611174458