49 0.17484423676012462 0.34627016129032256 0.06697819314641744 0.09475806451612903
49 0.17367601246105918 0.2283266129032258 0.06775700934579439 0.09274193548387097
42 0.3014018691588785 0.34375 0.059190031152647975 0.08165322580645161
42 0.30334890965732086 0.23034274193548387 0.059190031152647975 0.07963709677419355
25 0.03387850467289719 0.3467741935483871 0.06074766355140187 0.08366935483870967
25 0.03426791277258567 0.2313508064516129 0.06230529595015576 0.0846774193548387
30 0.3917445482866044 0.3442540322580645 0.019470404984423675 0.04435483870967742
30 0.3917445482866044 0.23084677419354838 0.019470404984423675 0.05040322580645161
46 0.33138629283489096 0.01310483870967742 0.03660436137071651 0.02620967741935484
46 0.21300623052959503 0.6794354838709677 0.030373831775700934 0.03024193548387097
46 0.39602803738317754 0.6794354838709677 0.03582554517133956 0.024193548387096774
42 0.30412772585669784 0.6814516129032258 0.07087227414330217 0.09879032258064516
42 0.8060747663551402 0.9128024193548387 0.03115264797507788 0.05040322580645161
42 0.8469626168224299 0.6219758064516129 0.0630841121495327 0.024193548387096774
46 0.5899532710280374 0.8225806451612904 0.03894080996884735 0.04133064516129032
46 0.5342679127725857 0.7444556451612904 0.027258566978193146 0.056451612903225805
46 0.5327102803738317 0.6411290322580645 0.029595015576323987 0.057459677419354836
94 0.6425233644859814 0.6713709677419355 0.02102803738317757 0.07762096774193548
22 0.602803738317757 0.6930443548387096 0.03115264797507788 0.03125
94 0.6701713395638629 0.6300403225806451 0.014797507788161994 0.04032258064516129
102 0.6993769470404985 0.6214717741935484 0.04361370716510903 0.023185483870967742
46 0.6631619937694704 0.6920362903225806 0.03894080996884735 0.04536290322580645