49 0.3311071428571429 0.2886316989737742 0.11160714285714286 0.0983466362599772
49 0.47023809523809523 0.2864880273660205 0.11011904761904762 0.09977194982896237
42 0.33408333333333334 0.4739224629418472 0.09672619047619048 0.08694412770809579
42 0.46801190476190474 0.47677309007981755 0.09375 0.08694412770809579
25 0.33035714285714285 0.0819612314709236 0.09821428571428571 0.08979475484606614
25 0.4665238095238095 0.08266818700114024 0.09970238095238096 0.09122006841505131
30 0.3333333333333333 0.6057582668187002 0.05357142857142857 0.028506271379703536
30 0.46726190476190477 0.6057582668187002 0.05952380952380952 0.028506271379703536
46 0.7276785714285714 0.8209806157354618 0.03273809523809524 0.05986316989737742
46 0.7760476190476191 0.9164766248574686 0.043154761904761904 0.02565564424173318
46 0.7247023809523809 0.5181071835803877 0.03273809523809524 0.05273660205245154
39 0.6540238095238096 0.7518586088939566 0.025297619047619048 0.04133409350057012