49 0.10146252285191956 0.4657142857142857 0.05240706886045095 0.07673469387755102
49 0.10054844606946983 0.37020408163265306 0.05301645338208409 0.07510204081632653
42 0.20048750761730652 0.4636734693877551 0.04631322364411944 0.06612244897959184
42 0.2020109689213894 0.37183673469387757 0.04631322364411944 0.06448979591836734
25 0.007312614259597806 0.4657142857142857 0.014625228519195612 0.06775510204081632
25 0.007921998781230956 0.3722448979591837 0.015843997562461912 0.06857142857142857
30 0.27117611212675197 0.46408163265306124 0.015234613040828763 0.035918367346938776
30 0.27117611212675197 0.3722448979591837 0.015234613040828763 0.04081632653061224
46 0.38604509445460083 0.19387755102040816 0.031687995124923825 0.022040816326530613
46 0.4369287020109689 0.16040816326530613 0.014015843997562462 0.029387755102040815
46 0.22425350396099938 0.19591836734693877 0.028641072516758074 0.022040816326530613
39 0.3491773308957952 0.24408163265306124 0.02254722730042657 0.017142857142857144
42 0.5167580743449116 0.40530612244897957 0.026508226691042046 0.04979591836734694
25 0.5204143814747105 0.3330612244897959 0.019500304692260818 0.04775510204081632
25 0.5185862279098111 0.26693877551020406 0.02315661182205972 0.05714285714285714
25 0.14229128580134065 0.8110204081632653 0.039000609384521635 0.0473469387755102
42 0.20505789152955514 0.8130612244897959 0.03473491773308958 0.044897959183673466
42 0.24436319317489336 0.8551020408163266 0.031687995124923825 0.04
42 0.2708714198659354 0.7812244897959184 0.029250457038391225 0.044081632653061226
25 0.2891529555149299 0.856734693877551 0.03656307129798903 0.053061224489795916
42 0.2964655697745277 0.7575510204081632 0.016453382084095063 0.02122448979591837
22 0.20780012187690433 0.7563265306122449 0.014625228519195612 0.017142857142857144
38 0.2449725776965265 0.7877551020408163 0.018281535648994516 0.019591836734693877
42 0.16240097501523462 0.7555102040816326 0.015234613040828763 0.022040816326530613
95 0.18037781840341255 0.7644897959183673 0.010968921389396709 0.04816326530612245
38 0.24680073126142596 0.7869387755102041 0.016453382084095063 0.019591836734693877
35 0.3769043266301036 0.7044897959183674 0.019500304692260818 0.025306122448979593
1 0.18982327848872638 0.7183673469387755 0.025594149908592323 0.04897959183673469
1 0.2699573430834857 0.7159183673469388 0.024984765386959172 0.052244897959183675