49 0.10317018909899889 0.6071835803876853 0.047830923248053395 0.10718358038768529
49 0.10233592880978866 0.47377423033067273 0.04838709677419355 0.10490307867730901
42 0.1935483870967742 0.6043329532497149 0.042269187986651836 0.09236031927023945
42 0.19493882091212458 0.47605473204104903 0.042269187986651836 0.09007981755986318
25 0.011957730812013349 0.6071835803876853 0.023915461624026697 0.09464082098061574
25 0.012513904338153505 0.4766248574686431 0.02502780867630701 0.09578107183580388
30 0.25806451612903225 0.604903078677309 0.013904338153503892 0.05017103762827822
30 0.25806451612903225 0.4766248574686431 0.013904338153503892 0.05701254275940707
46 0.3629032258064516 0.2274800456100342 0.028921023359288096 0.03078677309007982
46 0.4062847608453838 0.18015963511972635 0.007230255839822024 0.04104903078677309
46 0.21523915461624027 0.23033067274800456 0.02614015572858732 0.03078677309007982
39 0.3292547274749722 0.2976054732041049 0.020578420467185762 0.02394526795895097
42 0.7602892102335929 0.2953249714937286 0.02502780867630701 0.046750285062713795
1 0.8064516129032258 0.21949828962371723 0.030589543937708564 0.10718358038768529
1 0.8058954393770856 0.08494868871151653 0.03281423804226919 0.10946408209806158
42 0.743047830923248 0.011402508551881414 0.024471635150166853 0.02280501710376283
42 0.9721913236929922 0.29646522234891676 0.05061179087875417 0.11516533637400228
42 0.9719132369299222 0.027366020524515394 0.05061179087875417 0.05473204104903079
22 0.7764182424916574 0.010262257696693273 0.017797552836484983 0.020524515393386546
86 0.6843715239154616 0.693842645381984 0.01946607341490545 0.03078677309007982
39 0.8395439377085651 0.6807297605473204 0.018909899888765295 0.02394526795895097
25 0.22775305895439377 0.7753705815279361 0.08398220244716352 0.1322690992018244
9 0.35400444938820913 0.7770809578107184 0.08620689655172414 0.13568985176738882
11 0.5203003337041157 0.7485746864310148 0.04505005561735261 0.07867730900798175
61 0.614293659621802 0.7474344355758267 0.047274749721913235 0.07639680729760548
75 0.7105116796440489 0.7462941847206386 0.05061179087875417 0.07411630558722919
99 0.8047830923248054 0.7462941847206386 0.04560622914349277 0.07411630558722919