42 0.444633730834753 0.21577017114914426 0.03705281090289608 0.022004889975550123
42 0.4940374787052811 0.07579462102689487 0.07495741056218058 0.03728606356968215
42 0.5604770017035775 0.03361858190709047 0.07325383304940375 0.030562347188264057
42 0.6443781942078365 0.034229828850855744 0.07027257240204429 0.0323960880195599
46 0.18824531516183987 0.17665036674816625 0.046422487223168656 0.017726161369193152
46 0.12223168654173765 0.14242053789731052 0.03236797274275979 0.02444987775061125
46 0.1201022146507666 0.097799511002445 0.03534923339011925 0.02506112469437653
46 0.18867120954003408 0.0647921760391198 0.049829642248722314 0.017726161369193152
94 0.2504258943781942 0.11063569682151589 0.02512776831345826 0.03361858190709047
22 0.20357751277683134 0.12041564792176039 0.03705281090289608 0.013447432762836185
94 0.2836456558773424 0.0843520782396088 0.01746166950596252 0.03484107579462103
25 0.4280238500851789 0.035452322738386305 0.08049403747870527 0.03361858190709047
102 0.31814310051107325 0.0812958435207824 0.051959114139693355 0.02567237163814181
39 0.6533219761499148 0.05867970660146699 0.04088586030664395 0.01039119804400978
46 0.27512776831345825 0.1198044009779951 0.046422487223168656 0.019559902200488997
42 0.721465076660988 0.2078239608801956 0.028960817717206135 0.042787286063569685
93 0.6993185689948893 0.11797066014669927 0.039182282793867124 0.0647921760391198
1 0.6899488926746167 0.28056234718826406 0.020442930153321975 0.09168704156479218
1 0.20017035775127767 0.4187041564792176 0.046422487223168656 0.08007334963325183
1 0.12989778534923338 0.43337408312958436 0.042163543441226574 0.08374083129584352
39 0.1469335604770017 0.5733496332518337 0.02555366269165247 0.02444987775061125
39 0.1737649063032368 0.5476772616136919 0.014906303236797274 0.03850855745721271
22 0.10221465076660988 0.36674816625916873 0.02385008517887564 0.014669926650366748
46 0.16183986371379896 0.36613691931540343 0.049403747870528106 0.013447432762836185
22 0.23807495741056217 0.36552567237163813 0.03321976149914821 0.012224938875305624
42 0.31729131175468483 0.36674816625916873 0.04003407155025554 0.014669926650366748
1 0.502129471890971 0.43337408312958436 0.048551959114139696 0.08740831295843521
42 0.49531516183986374 0.5366748166259169 0.07495741056218058 0.0941320293398533