42 0.3365539452495974 0.36124694376528116 0.0322061191626409 0.061124694376528114
42 0.3788244766505636 0.011613691931540342 0.06521739130434782 0.023227383863080684
46 0.11312399355877617 0.25183374083129584 0.040257648953301126 0.05012224938875306
46 0.05555555555555555 0.15709046454767725 0.02818035426731079 0.06845965770171149
46 0.05394524959742351 0.03300733496332518 0.030595813204508857 0.06601466992665037
94 0.16747181964573268 0.06845965770171149 0.021739130434782608 0.0941320293398533
22 0.12640901771336555 0.09474327628361859 0.0322061191626409 0.037897310513447434
94 0.1960547504025765 0.021393643031784843 0.015297906602254429 0.042787286063569685
102 0.22624798711755234 0.01039119804400978 0.04508856682769726 0.02078239608801956
46 0.1888083735909823 0.09352078239608802 0.040257648953301126 0.05378973105134474
29 0.6404991948470209 0.39975550122249387 0.071658615136876 0.05867970660146699
22 0.6602254428341385 0.30623471882640585 0.026570048309178744 0.04156479217603912
1 0.7105475040257649 0.3471882640586797 0.033816425120772944 0.040342298288508556
22 0.7423510466988728 0.39853300733496333 0.03140096618357488 0.04523227383863081
94 0.7250402576489533 0.1430317848410758 0.06360708534621579 0.03300733496332518
42 0.8578904991948471 0.06234718826405868 0.037037037037037035 0.0488997555012225
86 0.9508856682769726 0.2756723716381418 0.040257648953301126 0.05378973105134474
39 0.9001610305958132 0.06295843520782396 0.016908212560386472 0.04645476772616137
22 0.6203703703703703 0.023227383863080684 0.028985507246376812 0.035452322738386305
42 0.5277777777777778 0.3918092909535452 0.06038647342995169 0.0745721271393643
46 0.5845410628019324 0.0776283618581907 0.029790660225442835 0.03667481662591687
86 0.535829307568438 0.044009779951100246 0.03140096618357488 0.0488997555012225
39 0.8168276972624798 0.06295843520782396 0.020933977455716585 0.05012224938875306
42 0.7415458937198067 0.10757946210268948 0.0322061191626409 0.04156479217603912
86 0.6880032206119162 0.30134474327628363 0.028985507246376812 0.05378973105134474
42 0.2975040257648953 0.8832518337408313 0.06360708534621579 0.10513447432762836
42 0.35466988727858295 0.7561124694376528 0.0644122383252818 0.09657701711491443
42 0.41304347826086957 0.7579462102689487 0.033816425120772944 0.1198044009779951
39 0.4243156199677939 0.8355745721271394 0.011272141706924315 0.03300733496332518
39 0.42351046698872785 0.6809290953545232 0.01288244766505636 0.02444987775061125
25 0.23953301127214172 0.758557457212714 0.07407407407407407 0.11124694376528117
93 0.43760064412238325 0.5354523227383863 0.015297906602254429 0.05134474327628362
47 0.5148953301127214 0.5446210268948656 0.018115942028985508 0.042787286063569685
42 0.47383252818035426 0.543398533007335 0.0213365539452496 0.02628361858190709