42 0.33366573593936977 0.3061127029608405 0.02772237734343837 0.031041069723018146
42 0.3703629836457918 0.10744985673352435 0.05624252094136418 0.05300859598853868
42 0.42022337455125647 0.04727793696275072 0.05484642999601117 0.04297994269340974
42 0.4834463502193857 0.04871060171919771 0.05265257279617072 0.045845272206303724
46 0.14120462704427603 0.2502387774594078 0.03470283207020343 0.025310410697230182
46 0.09154367770243318 0.2020057306590258 0.024331870761866773 0.034861509073543455
46 0.09014758675708018 0.13801337153772683 0.02632628639808536 0.03533906399235912
46 0.1414040686078979 0.09169054441260745 0.03749501396090946 0.025310410697230182
94 0.187873952931791 0.15663801337153774 0.01874750698045473 0.04775549188156638
22 0.15257279617072197 0.17000955109837632 0.02772237734343837 0.019102196752626553
94 0.21260470682090146 0.11938872970391595 0.01316314319904268 0.04918815663801337
25 0.3211009174311927 0.049665711556829036 0.06043079377742321 0.04775549188156638
102 0.23853211009174313 0.11461318051575932 0.038891104906262464 0.03629417382999045
39 0.4900279218189071 0.0830945558739255 0.030514559234144395 0.014804202483285577
46 0.20642201834862386 0.16953199617956066 0.03470283207020343 0.027220630372492838
42 0.8007578779417631 0.498567335243553 0.03789389708815317 0.021012416427889206
42 0.7961707219784603 0.19627507163323782 0.03909054646988432 0.0964660936007641
22 0.9349820502592741 0.19531996179560648 0.016753091344236137 0.04775549188156638
1 0.9040686078978859 0.4589302769818529 0.02512963701635421 0.10028653295128939
1 0.9020741922616673 0.26552053486150906 0.02114080574391703 0.10219675262655205
42 0.6635420821699242 0.19531996179560648 0.017151974471479856 0.038204393505253106
46 0.6033107299561229 0.11270296084049666 0.017949740725967292 0.06685768863419293
42 0.5660151575588352 0.06972301814708691 0.016753091344236137 0.041069723018147083
22 0.8815317112086158 0.36723973256924547 0.011966493817311527 0.041069723018147083
39 0.8944954128440367 0.3624641833810888 0.008775428799361787 0.03533906399235912
95 0.8821300358994815 0.3013371537726839 0.01316314319904268 0.06876790830945559
42 0.9650977263661747 0.1924546322827125 0.013960909453530115 0.03533906399235912
95 0.6216593538093339 0.32521489971346706 0.014758675708017551 0.05921680993314231
30 0.5837654567211807 0.1518624641833811 0.01316314319904268 0.06494746895893028
1 0.7014359792580774 0.45988538681948427 0.02114080574391703 0.09264565425023878
1 0.7014359792580774 0.26456542502387775 0.02114080574391703 0.09742120343839542