42 0.4148471615720524 0.4343373493975904 0.034934497816593885 0.04939759036144578
42 0.4611353711790393 0.056626506024096385 0.07074235807860262 0.10240963855421686
46 0.17248908296943233 0.3325301204819277 0.043668122270742356 0.04939759036144578
46 0.11004366812227075 0.2391566265060241 0.03056768558951965 0.06746987951807229
46 0.10829694323144105 0.11566265060240964 0.03318777292576419 0.06867469879518072
46 0.17292576419213973 0.02530120481927711 0.04716157205240175 0.04939759036144578
94 0.2314410480349345 0.15180722891566265 0.023580786026200874 0.0927710843373494
22 0.1868995633187773 0.17771084337349397 0.034934497816593885 0.03734939759036145
94 0.26244541484716155 0.07951807228915662 0.016593886462882096 0.09518072289156626
102 0.29519650655021834 0.07048192771084337 0.04890829694323144 0.06987951807228916
46 0.254585152838428 0.17650602409638555 0.043668122270742356 0.05301204819277108
46 0.596943231441048 0.03433734939759036 0.014847161572052401 0.06626506024096386
22 0.596943231441048 0.11144578313253012 0.014847161572052401 0.04216867469879518
25 0.8270742358078602 0.422289156626506 0.07860262008733625 0.07349397590361446
42 0.9506550218340611 0.42289156626506025 0.07423580786026202 0.07228915662650602
42 0.3567685589519651 0.9903614457831326 0.048034934497816595 0.01927710843373494
7 0.32707423580786027 0.9319277108433734 0.04890829694323144 0.05542168674698795
22 0.3314410480349345 0.8662650602409638 0.026200873362445413 0.04216867469879518
42 0.33406113537117904 0.8096385542168675 0.0314410480349345 0.03132530120481928
42 0.3314410480349345 0.7210843373493976 0.026200873362445413 0.043373493975903614
42 0.36026200873362446 0.5096385542168674 0.05414847161572053 0.08072289156626505
42 0.440174672489083 0.5939759036144578 0.028820960698689956 0.03734939759036145
1 0.4078602620087336 0.5632530120481928 0.025327510917030567 0.05542168674698795
29 0.33013100436681225 0.6030120481927711 0.05327510917030567 0.046987951807228916
22 0.3327510917030568 0.6626506024096386 0.032314410480349345 0.03734939759036145
25 0.4104803493449782 0.8421686746987952 0.05327510917030567 0.06626506024096386
42 0.43624454148471614 0.9343373493975904 0.034934497816593885 0.03855421686746988
22 0.37248908296943234 0.936144578313253 0.029694323144104803 0.03253012048192771
42 0.7493449781659388 0.8283132530120482 0.04890829694323144 0.06746987951807229
42 0.9532751091703057 0.8825301204819277 0.04716157205240175 0.07108433734939759
1 0.6676855895196506 0.7475903614457832 0.03842794759825328 0.0855421686746988
1 0.7602620087336245 0.4686746987951807 0.03580786026200873 0.01927710843373494
93 0.9606986899563319 0.9903614457831326 0.043668122270742356 0.01927710843373494
1 0.6043668122270742 0.7469879518072289 0.029694323144104803 0.07228915662650602
1 0.8572052401746725 0.7710843373493976 0.04104803493449782 0.07951807228915662
1 0.9065502183406113 0.7427710843373494 0.032314410480349345 0.0746987951807229
1 0.9558951965065502 0.7403614457831326 0.04017467248908297 0.0819277108433735
95 0.891703056768559 0.48012048192771084 0.04192139737991266 0.024096385542168676
42 0.7379912663755459 0.9512048192771084 0.05589519650655022 0.0855421686746988
86 0.8685589519650655 0.7343373493975903 0.022707423580786028 0.03975903614457831
30 0.9008733624454148 0.7957831325301205 0.03056768558951965 0.02650602409638554
30 0.9685589519650655 0.7626506024096386 0.022707423580786028 0.03253012048192771
30 0.8235807860262009 0.46987951807228917 0.02445414847161572 0.021686746987951807
39 0.62882096069869 0.7457831325301205 0.026200873362445413 0.04096385542168675