42 0.17967032967032967 0.2671232876712329 0.028296703296703297 0.0410958904109589
42 0.14203296703296703 0.5278253424657534 0.057417582417582415 0.06977739726027397
42 0.0912087912087912 0.6074486301369864 0.05576923076923077 0.05650684931506849
42 0.026648351648351647 0.6048801369863014 0.05302197802197802 0.06035958904109589
46 0.3758241758241758 0.3403253424657534 0.03543956043956044 0.03339041095890411
46 0.42637362637362636 0.4041095890410959 0.024725274725274724 0.04580479452054795
46 0.4277472527472527 0.488013698630137 0.026923076923076925 0.04666095890410959
46 0.37554945054945055 0.5492294520547946 0.03818681318681319 0.03339041095890411
94 0.328021978021978 0.4631849315068493 0.019230769230769232 0.06292808219178082
22 0.36428571428571427 0.4456335616438356 0.028296703296703297 0.025256849315068493
94 0.303021978021978 0.5124143835616438 0.013461538461538462 0.0646404109589041
25 0.19230769230769232 0.6040239726027398 0.06153846153846154 0.06292808219178082
102 0.2763736263736264 0.5184075342465754 0.03956043956043956 0.047517123287671235
39 0.020054945054945057 0.5603595890410958 0.031043956043956045 0.019691780821917807
46 0.30934065934065935 0.4464897260273973 0.03543956043956044 0.03595890410958904
25 0.9574175824175825 0.4922945205479452 0.08516483516483517 0.1541095890410959
39 0.46483516483516485 0.6759417808219178 0.008791208791208791 0.012842465753424657
102 0.08516483516483517 0.8647260273972602 0.02912087912087912 0.04366438356164384
46 0.24010989010989012 0.754708904109589 0.02032967032967033 0.046232876712328765
93 0.381043956043956 0.803082191780822 0.038461538461538464 0.0642123287671233
42 0.44368131868131866 0.9815924657534246 0.02142857142857143 0.036815068493150686
93 0.28626373626373625 0.9653253424657534 0.04065934065934066 0.06934931506849315
93 0.24010989010989012 0.8660102739726028 0.03901098901098901 0.11986301369863013
1 0.39285714285714285 0.8617294520547946 0.04945054945054945 0.05051369863013699
39 0.1510989010989011 0.7893835616438356 0.022527472527472527 0.01797945205479452
42 0.8398351648351648 0.7315924657534246 0.025274725274725275 0.03339041095890411
42 0.7370879120879121 0.6836472602739726 0.023626373626373626 0.028253424657534245
93 0.8535714285714285 0.9113869863013698 0.04065934065934066 0.06592465753424658
39 0.8214285714285714 0.8407534246575342 0.016483516483516484 0.030821917808219176
86 0.7519230769230769 0.740154109589041 0.022527472527472527 0.02910958904109589