46 0.19772481040086673 0.11735941320293398 0.05417118093174431 0.05012224938875306
46 0.27518959913326113 0.21210268948655256 0.03791982665222102 0.06845965770171149
46 0.27735644637053086 0.3374083129584352 0.041170097508125676 0.06968215158924206
46 0.19718309859154928 0.4290953545232274 0.05850487540628386 0.05012224938875306
94 0.12459371614301191 0.30073349633251834 0.02925243770314193 0.0941320293398533
22 0.17984832069339113 0.27444987775061125 0.04333694474539545 0.037897310513447434
94 0.08613217768147345 0.3740831295843521 0.020585048754062838 0.09657701711491443
102 0.04550379198266522 0.38325183374083127 0.06067172264355363 0.07090464547677261
46 0.09588299024918744 0.2756723716381418 0.05417118093174431 0.05378973105134474
42 0.8423618634886241 0.3533007334963325 0.04875406283856988 0.05990220048899755
42 0.562296858071506 0.18337408312958436 0.04008667388949079 0.044009779951100246
46 0.4734561213434453 0.2169926650366748 0.02600216684723727 0.03667481662591687
46 0.6679306608884074 0.21821515892420537 0.020585048754062838 0.040342298288508556
42 0.176056338028169 0.5165036674816625 0.030335861321776816 0.03178484107579462
29 0.28819068255687974 0.5525672371638142 0.06175514626218852 0.04156479217603912
22 0.26652221018418204 0.5048899755501223 0.028169014084507043 0.03300733496332518
22 0.2659804983748646 0.597799511002445 0.021668472372697724 0.030562347188264057
46 0.2659804983748646 0.6570904645476773 0.021668472372697724 0.040342298288508556
1 0.228602383531961 0.613080684596577 0.06175514626218852 0.044009779951100246
42 0.32448537378114845 0.6045232273838631 0.050920910075839654 0.06968215158924206
25 0.7849404117009751 0.6418092909535452 0.06392199349945829 0.07946210268948656
25 0.46316359696641385 0.6625916870415648 0.06500541711809317 0.07701711491442542
25 0.376489707475623 0.8539119804400978 0.05308775731310943 0.0745721271393643
49 0.6446370530877573 0.6625916870415648 0.0628385698808234 0.07823960880195599
22 0.7708559046587216 0.7396088019559902 0.028169014084507043 0.030562347188264057
42 0.7085590465872156 0.8037897310513448 0.06392199349945829 0.08068459657701711
42 0.7036836403033586 0.8954767726161369 0.06933911159263272 0.07823960880195599
42 0.6457204767063922 0.5574572127139364 0.06608884073672806 0.09168704156479218
42 0.6998916576381365 0.9767726161369193 0.06933911159263272 0.04645476772616137
42 0.3754062838569881 0.7347188264058679 0.050920910075839654 0.08068459657701711
39 0.5330444203683641 0.4938875305623472 0.035752979414951244 0.018337408312958436
39 0.7881906825568797 0.8979217603911981 0.01950162513542795 0.022004889975550123