42 0.1761069006781013 0.14756446991404013 0.02772237734343837 0.022445081184336198
42 0.1394096529716793 0.2913085004775549 0.05624252094136418 0.038204393505253106
42 0.0895492620662146 0.335243553008596 0.05484642999601117 0.031041069723018146
42 0.025927403270841642 0.333810888252149 0.051854806541683285 0.033428844317096466
46 0.3685680095731951 0.18815663801337154 0.03470283207020343 0.01862464183381089
46 0.4182289589150379 0.223018147086915 0.024331870761866773 0.025310410697230182
46 0.4196250498603909 0.2693409742120344 0.02632628639808536 0.025787965616045846
46 0.3683685680095732 0.3032473734479465 0.03749501396090946 0.01862464183381089
94 0.3218986836856801 0.2559694364851958 0.01874750698045473 0.034861509073543455
22 0.35719984044674913 0.24594078319006685 0.02772237734343837 0.013849092645654251
94 0.2971679297965696 0.282712511938873 0.01316314319904268 0.03581661891117478
25 0.18867171918627842 0.3333333333333333 0.06043079377742321 0.034861509073543455
102 0.27124052652572794 0.28605539637058264 0.038891104906262464 0.02626552053486151
39 0.01974471479856402 0.30945558739255014 0.030514559234144395 0.010983763132760267
46 0.30335061826884724 0.24641833810888253 0.03470283207020343 0.02005730659025788
42 0.25249301954527326 0.49140401146131807 0.03948942959712804 0.07163323782234957
1 0.20781810929397687 0.4689589302769819 0.02772237734343837 0.08213944603629417
7 0.27243717590745914 0.39159503342884433 0.03390506581571599 0.033428844317096466
42 0.17391304347826086 0.3973256924546323 0.019345831671320302 0.028175740210124166
42 0.6238532110091743 0.43600764087870103 0.017949740725967292 0.04775549188156638
42 0.6248504188272836 0.7750716332378224 0.017151974471479856 0.038204393505253106
46 0.6850817710410849 0.8576886341929322 0.017949740725967292 0.06685768863419293
46 0.6755085759872358 0.38013371537726837 0.02114080574391703 0.021012416427889206
46 0.7130035899481452 0.38108882521489973 0.021938571998404467 0.022922636103151862
42 0.7223773434383726 0.9006685768863419 0.016753091344236137 0.041069723018147083
95 0.6667331471878739 0.6451766953199618 0.014758675708017551 0.05921680993314231
30 0.7046270442760271 0.8185291308500477 0.01316314319904268 0.06494746895893028
86 0.7279617072197846 0.9847182425978988 0.011966493817311527 0.030563514804202482
1 0.5869565217391305 0.5105062082139447 0.02114080574391703 0.09264565425023878
1 0.5869565217391305 0.7058261700095511 0.02114080574391703 0.09742120343839542
22 0.601715197447148 0.43600764087870103 0.01316314319904268 0.03151862464183381
23 0.5907459114479457 0.3825214899713467 0.011168727562824093 0.025787965616045846