42 0.12784398699891658 0.2988997555012225 0.04333694474539545 0.061124694376528114
46 0.4284940411700975 0.4083129584352078 0.05417118093174431 0.05012224938875306
46 0.5054171180931745 0.4938875305623472 0.03791982665222102 0.05134474327628362
42 0.6603466955579632 0.0776283618581907 0.030335861321776816 0.03178484107579462
42 0.7036836403033586 0.029339853300733496 0.032502708559046585 0.030562347188264057
29 0.7724810400866738 0.1136919315403423 0.06175514626218852 0.04156479217603912
22 0.7508125677139762 0.06601466992665037 0.028169014084507043 0.03300733496332518
22 0.7502708559046587 0.15892420537897312 0.021668472372697724 0.030562347188264057
46 0.7502708559046587 0.21821515892420537 0.021668472372697724 0.040342298288508556
1 0.8212351029252438 0.022004889975550123 0.06933911159263272 0.044009779951100246
1 0.7128927410617552 0.17420537897310515 0.06175514626218852 0.044009779951100246
47 0.866738894907909 0.061124694376528114 0.027085590465872156 0.0488997555012225
42 0.8114842903575298 0.1656479217603912 0.0552546045503792 0.06968215158924206
56 0.9593716143011918 0.15097799511002444 0.028169014084507043 0.04156479217603912
42 0.9349945828819068 0.11430317848410758 0.05742145178764897 0.06601466992665037
95 0.8764897074756229 0.4449877750611247 0.01950162513542795 0.05867970660146699
46 0.856988082340195 0.46454767726161367 0.04008667388949079 0.02444987775061125
46 0.9241603466955579 0.495721271393643 0.021668472372697724 0.035452322738386305
46 0.9236186348862405 0.5165036674816625 0.020585048754062838 0.006112469437652812
1 0.42416034669555797 0.863080684596577 0.07692307692307693 0.05623471882640587
1 0.2914409534127844 0.91320293398533 0.047670639219934995 0.09535452322738386
1 0.3196099674972914 0.9779951100244498 0.047670639219934995 0.044009779951100246
1 0.1733477789815818 0.9193154034229829 0.04983748645720477 0.09046454767726161
1 0.14897074756229686 0.9834963325183375 0.044420368364030335 0.03300733496332518
25 0.22643553629469124 0.7341075794621027 0.0628385698808234 0.07946210268948656
42 0.08721560130010834 0.6858190709046454 0.03466955579631636 0.03667481662591687
42 0.090465872156013 0.7775061124694377 0.03358613217768147 0.037897310513447434
1 0.023293607800650054 0.726161369193154 0.04658721560130011 0.0488997555012225
39 0.2952329360780065 0.7286063569682152 0.02275189599133261 0.035452322738386305
93 0.13488624052004333 0.7420537897310513 0.05308775731310943 0.06723716381418093
42 0.228602383531961 0.8710268948655256 0.07367280606717226 0.08557457212713937
35 0.27302275189599134 0.636919315403423 0.02925243770314193 0.040342298288508556
35 0.08938244853737812 0.6020782396088019 0.02925243770314193 0.04156479217603912
86 0.13867822318526543 0.9193154034229829 0.03683640303358613 0.03300733496332518
42 0.6700975081256771 0.5971882640586798 0.030335861321776816 0.03178484107579462
42 0.7134344528710725 0.5488997555012225 0.032502708559046585 0.030562347188264057
29 0.7822318526543879 0.6332518337408313 0.06175514626218852 0.04156479217603912
22 0.7605633802816901 0.5855745721271394 0.028169014084507043 0.03300733496332518
22 0.7600216684723727 0.6784841075794621 0.021668472372697724 0.030562347188264057
46 0.7600216684723727 0.7377750611246944 0.021668472372697724 0.040342298288508556
1 0.8309859154929577 0.5415647921760391 0.06933911159263272 0.044009779951100246
1 0.7226435536294691 0.6937652811735942 0.06175514626218852 0.044009779951100246
47 0.8764897074756229 0.5806845965770171 0.027085590465872156 0.0488997555012225
42 0.8212351029252438 0.6852078239608802 0.0552546045503792 0.06968215158924206
56 0.9691224268689057 0.6705378973105135 0.028169014084507043 0.04156479217603912
42 0.9447453954496208 0.6338630806845966 0.05742145178764897 0.06601466992665037
95 0.886240520043337 0.9645476772616137 0.01950162513542795 0.05867970660146699
46 0.866738894907909 0.9841075794621027 0.04008667388949079 0.02444987775061125