42 0.3877551020408163 0.6387530562347188 0.06802721088435375 0.0488997555012225
42 0.8214285714285714 0.7037041564792176 0.11564625850340136 0.0993276283618582
42 0.9530612244897959 0.7915647921760391 0.09387755102040816 0.09657701711491443
42 0.9496598639455782 0.91320293398533 0.10068027210884353 0.11246943765281174
46 0.5093605442176871 0.2995110024449878 0.05612244897959184 0.061124694376528114
46 0.6148027210884354 0.2124083129584352 0.07653061224489796 0.042787286063569685
46 0.7542585034013606 0.2093520782396088 0.07653061224489796 0.04584352078239609
46 0.8562993197278912 0.30028117359413203 0.05612244897959184 0.06570904645476773
94 0.7134421768707483 0.38202933985330073 0.10374149659863946 0.03361858190709047
22 0.684530612244898 0.3193765281173594 0.04251700680272109 0.0488997555012225
94 0.7950748299319728 0.42558679706601465 0.10714285714285714 0.022921760391198046
25 0.9476190476190476 0.6167481662591687 0.10476190476190476 0.10635696821515893
102 0.8052789115646258 0.4714303178484108 0.07993197278911565 0.06876528117359414
39 0.8750068027210884 0.9145843520782396 0.03231292517006803 0.0534841075794621
46 0.6855102040816327 0.41424205378973106 0.060707482993197205 0.061124694376528114