42 0.28792270531400965 0.3422982885085575 0.023993558776167472 0.03484107579462103
42 0.3196457326892109 0.12041564792176039 0.048470209339774556 0.059290953545232276
42 0.36280193236714975 0.053178484107579464 0.04734299516908213 0.04828850855745721
42 0.4172302737520129 0.054400977995110025 0.04541062801932367 0.05134474327628362
46 0.12173913043478261 0.27995110024449876 0.02995169082125604 0.028728606356968216
46 0.07906602254428341 0.22616136919315402 0.020933977455716585 0.039119804400977995
46 0.07777777777777778 0.15464547677261614 0.022705314009661835 0.03973105134474328
46 0.12206119162640902 0.10207823960880195 0.0323671497584541 0.028728606356968216
94 0.16215780998389695 0.1754278728606357 0.01610305958132045 0.05378973105134474
22 0.13172302737520128 0.19070904645476772 0.023993558776167472 0.021393643031784843
94 0.18341384863123994 0.13386308068459657 0.011433172302737521 0.0550122249388753
25 0.27713365539452495 0.055623471882640586 0.052012882447665054 0.05378973105134474
102 0.20595813204508856 0.12836185819070906 0.03349436392914654 0.040342298288508556
39 0.42286634460547506 0.09290953545232274 0.02640901771336554 0.01650366748166259
46 0.17809983896940418 0.18948655256723718 0.02995169082125604 0.030562347188264057