46 0.00510204081632653 0.1425339366515837 0.01020408163265306 0.042986425339366516
46 0.05582232893157263 0.13970588235294118 0.03481392557022809 0.033936651583710405
46 0.34813925570228094 0.20701357466063347 0.033013205282112844 0.038461538461538464
46 0.28391356542617047 0.0757918552036199 0.022809123649459785 0.05429864253393665
46 0.10294117647058823 0.22058823529411764 0.0234093637454982 0.058823529411764705
22 0.02701080432172869 0.23925339366515838 0.024009603841536616 0.038461538461538464
94 0.03721488595438175 0.29524886877828055 0.04201680672268908 0.033936651583710405
42 0.08643457382953182 0.5938914027149321 0.04561824729891957 0.09049773755656108
42 0.4372749099639856 0.17081447963800905 0.02460984393757503 0.09954751131221719
22 0.3097238895558223 0.2081447963800905 0.02040816326530612 0.03506787330316742
25 0.14795918367346939 0.5147058823529411 0.05042016806722689 0.10180995475113122
42 0.14765906362545017 0.6742081447963801 0.04921968787515006 0.09728506787330317
42 0.14795918367346939 0.7686651583710408 0.0546218487394958 0.06221719457013575
39 0.11074429771908763 0.7850678733031674 0.013805522208883553 0.029411764705882353
39 0.1836734693877551 0.7861990950226244 0.010804321728691477 0.027149321266968326
94 0.07262905162064826 0.3376696832579186 0.03841536614645858 0.016968325791855202
46 0.07803121248499399 0.3156108597285068 0.015006002400960384 0.04411764705882353
102 0.07893157262905162 0.3766968325791855 0.036614645858343335 0.06561085972850679
46 0.02701080432172869 0.3269230769230769 0.02581032412965186 0.05203619909502263
42 0.4744897959183674 0.34502262443438914 0.014105642256902761 0.0746606334841629
93 0.45558223289315725 0.4485294117647059 0.012004801920768308 0.11877828054298642
86 0.5069027611044418 0.23642533936651583 0.014105642256902761 0.0661764705882353
86 0.4894957983193277 0.4315610859728507 0.014105642256902761 0.07918552036199095
42 0.1908763505402161 0.875 0.02460984393757503 0.03959276018099547
42 0.032713085234093636 0.8755656108597285 0.024009603841536616 0.04638009049773756
42 0.24759903961584634 0.9847285067873304 0.018607442977190875 0.030542986425339366
79 0.005702280912364946 0.9423076923076923 0.011404561824729893 0.020361990950226245
46 0.03331332533013205 0.918552036199095 0.0078031212484993995 0.021493212669683258
3 0.09543817527010805 0.9462669683257918 0.01680672268907563 0.027149321266968326
29 0.19057623049219688 0.9326923076923077 0.019807923169267706 0.04751131221719457
42 0.24909963985594238 0.8218325791855203 0.019807923169267706 0.03619909502262444
7 0.23019207683073228 0.8427601809954751 0.015606242496998799 0.049773755656108594
7 0.23109243697478993 0.9920814479638009 0.01680672268907563 0.01583710407239819
79 0.3910564225690276 0.9417420814479638 0.02040816326530612 0.02262443438914027