46 0.11183431952662722 0.053604436229205174 0.029585798816568046 0.03512014787430684
46 0.0650887573964497 0.11829944547134935 0.021301775147928994 0.04805914972273567
46 0.17159763313609466 0.05129390018484288 0.03431952662721893 0.027726432532347505
46 0.4597633136094675 0.10628465804066543 0.03254437869822485 0.031423290203327174
46 0.39644970414201186 0.010628465804066543 0.022485207100591716 0.021256931608133085
46 0.21804733727810652 0.11737523105360444 0.023076923076923078 0.04805914972273567
22 0.14319526627218934 0.13262476894639558 0.023668639053254437 0.031423290203327174
94 0.15325443786982249 0.17837338262476896 0.04142011834319527 0.027726432532347505
42 0.01301775147928994 0.3724584103512015 0.02603550295857988 0.038817005545286505
42 0.2017751479289941 0.41266173752310537 0.04497041420118343 0.054528650646950096
22 0.42189349112426033 0.10720887245841035 0.020118343195266272 0.02865064695009242
25 0.26242603550295857 0.3576709796672828 0.04970414201183432 0.08317929759704251
94 0.1881656804733728 0.21303142329020333 0.0378698224852071 0.013863216266173753
46 0.19349112426035503 0.19500924214417745 0.014792899408284023 0.036044362292051754
102 0.19437869822485207 0.24491682070240295 0.03609467455621302 0.053604436229205174
46 0.14319526627218934 0.20425138632162662 0.02544378698224852 0.04251386321626617
25 0.7733727810650888 0.059149722735674676 0.031360946745562134 0.048983364140480594
25 0.9680473372781065 0.05961182994454713 0.03195266272189349 0.04528650646950092
25 0.9946745562130177 0.06007393715341959 0.010650887573964497 0.04621072088724584
49 0.836094674556213 0.060536044362292055 0.029585798816568046 0.04713493530499076
47 0.3819526627218935 0.5101663585951941 0.042899408284023666 0.012939001848428836
42 0.5014792899408284 0.5300369685767098 0.026923076923076925 0.016173752310536044
49 0.8789940828402367 0.5018484288354899 0.08698224852071006 0.12384473197781885
66 0.8792899408284024 0.7060998151571165 0.09230769230769231 0.14510166358595195
77 0.8784023668639053 0.9168207024029574 0.0893491124260355 0.14417744916820702