46 0.24034090909090908 0.2152046783625731 0.03125 0.03976608187134503
46 0.17954545454545454 0.07953216374269007 0.02159090909090909 0.056140350877192984
46 0.009659090909090909 0.22923976608187135 0.019318181818181818 0.0608187134502924
42 0.3352272727272727 0.17777777777777778 0.04375 0.10292397660818714
25 0.3931818181818182 0.09532163742690059 0.051704545454545454 0.10409356725146199
42 0.39375 0.252046783625731 0.05227272727272727 0.12280701754385964
22 0.20397727272727273 0.21637426900584794 0.019318181818181818 0.03625730994152047
93 0.6113636363636363 0.3374269005847953 0.042045454545454546 0.08304093567251462
46 0.6022727272727273 0.43625730994152045 0.03238636363636364 0.04327485380116959
93 0.6761363636363636 0.43508771929824563 0.07670454545454546 0.07719298245614035
42 0.4278409090909091 0.01871345029239766 0.015909090909090907 0.03742690058479532
1 0.6701704545454545 0.021637426900584796 0.03238636363636364 0.04327485380116959
93 0.7153409090909091 0.030994152046783626 0.03977272727272727 0.06198830409356725
42 0.9269886363636364 0.011695906432748537 0.024431818181818183 0.023391812865497075
47 0.5332386363636363 0.05672514619883041 0.03238636363636364 0.031578947368421054
86 0.5335227272727273 0.005847953216374269 0.02159090909090909 0.011695906432748537
42 0.026988636363636364 0.7374269005847953 0.01534090909090909 0.044444444444444446
42 0.028409090909090908 0.8327485380116959 0.020454545454545454 0.03976608187134503
35 0.2099431818181818 0.6678362573099416 0.023295454545454546 0.0304093567251462
46 0.07272727272727272 0.9064327485380117 0.02159090909090909 0.03976608187134503
95 0.08494318181818182 0.8865497076023392 0.01534090909090909 0.06315789473684211
22 0.044886363636363634 0.7853801169590643 0.014772727272727272 0.02456140350877193
42 0.06931818181818182 0.7842105263157895 0.01818181818181818 0.03625730994152047
38 0.06335227272727273 0.5169590643274854 0.009659090909090909 0.02456140350877193
86 0.44176136363636365 0.48771929824561405 0.02556818181818182 0.016374269005847954