46 0.16506550218340613 0.10120481927710843 0.043668122270742356 0.04578313253012048
46 0.09606986899563319 0.1855421686746988 0.0314410480349345 0.06265060240963856
46 0.25327510917030566 0.09819277108433735 0.050655021834061134 0.03614457831325301
46 0.5790393013100437 0.030120481927710843 0.02096069868995633 0.05783132530120482
46 0.32183406113537116 0.18433734939759036 0.03406113537117904 0.06265060240963856
22 0.211353711790393 0.20421686746987952 0.034934497816593885 0.04096385542168675
94 0.2262008733624454 0.26385542168674697 0.0611353711790393 0.03614457831325301
94 0.2777292576419214 0.30903614457831324 0.05589519650655022 0.018072289156626505
46 0.28558951965065504 0.2855421686746988 0.021834061135371178 0.046987951807228916
102 0.2868995633187773 0.3325301204819277 0.05327510917030567 0.033734939759036145
46 0.211353711790393 0.29759036144578316 0.03755458515283843 0.05542168674698795
25 0.7318777292576419 0.010843373493975903 0.05414847161572053 0.021686746987951807
93 0.6244541484716157 0.17349397590361446 0.043668122270742356 0.05783132530120482
1 0.6240174672489083 0.10180722891566266 0.021834061135371178 0.05903614457831325
46 0.7008733624454149 0.32349397590361445 0.023580786026200874 0.051807228915662654
95 0.8427947598253275 0.19457831325301206 0.01921397379912664 0.05421686746987952
42 0.6213973799126637 0.013855421686746987 0.05502183406113537 0.027710843373493974
35 0.985589519650655 0.14216867469879518 0.028820960698689956 0.033734939759036145
35 0.9868995633187773 0.19819277108433736 0.026200873362445413 0.03734939759036145
35 0.6026200873362445 0.29156626506024097 0.026200873362445413 0.033734939759036145
1 0.2165938864628821 0.38012048192771086 0.022707423580786028 0.06144578313253012
42 0.25021834061135373 0.422289156626506 0.017903930131004366 0.04216867469879518
1 0.2834061135371179 0.4789156626506024 0.0222707423580786 0.09036144578313253
42 0.33013100436681225 0.4210843373493976 0.01834061135371179 0.04216867469879518
42 0.5602620087336244 0.5457831325301205 0.03973799126637555 0.08072289156626505