46 0.18449781659388648 0.23493975903614459 0.043668122270742356 0.045180722891566265
46 0.11517903930131004 0.3192771084337349 0.03165938864628821 0.06325301204819277
46 0.27238427947598254 0.2319277108433735 0.05131004366812227 0.03614457831325301
46 0.6975982532751092 0.3034698795180723 0.048034934497816595 0.04066265060240964
46 0.6042620087336245 0.16415662650602408 0.03384279475982533 0.0572289156626506
46 0.3411615720524017 0.3177710843373494 0.03384279475982533 0.06325301204819277
22 0.23034934497816595 0.33810843373493976 0.034934497816593885 0.04066265060240964
94 0.24563318777292575 0.39759036144578314 0.0611353711790393 0.03614457831325301
42 0.03820960698689956 0.6506024096385542 0.039301310043668124 0.05120481927710843
42 0.3171441048034934 0.7153614457831325 0.0665938864628821 0.0963855421686747
42 0.8438864628820961 0.26506024096385544 0.06768558951965066 0.10542168674698796
25 0.9328646288209608 0.17997590361445784 0.07969432314410481 0.10692771084337349
42 0.9339563318777293 0.34186746987951805 0.08187772925764192 0.12650602409638553
42 0.8815545851528386 0.8260602409638554 0.06877729257641932 0.10090361445783133
22 0.8695458515283843 0.9216867469879518 0.02947598253275109 0.045180722891566265
29 0.9388646288209607 0.8908192771084338 0.04148471615720524 0.10692771084337349
56 0.8990218340611354 0.6799759036144578 0.04039301310043668 0.04066265060240964
42 0.9388646288209607 0.7259036144578314 0.06768558951965066 0.09036144578313253
46 0.6402882096069868 0.03162650602409638 0.03384279475982533 0.02710843373493976
22 0.6419213973799127 0.3049759036144578 0.03056768558951965 0.03765060240963856
25 0.4066637554585153 0.6310240963855421 0.07314410480349345 0.10843373493975904
42 0.40611353711790393 0.8012048192771084 0.07205240174672489 0.10240963855421686
42 0.4066637554585153 0.9231927710843374 0.07969432314410481 0.10843373493975904
39 0.35262008733624456 0.9231927710843374 0.019650655021834062 0.0391566265060241
39 0.4585152838427948 0.9254578313253012 0.015283842794759825 0.03765060240963856
94 0.29694323144104806 0.4427710843373494 0.056768558951965066 0.018072289156626505
46 0.30458515283842796 0.41943373493975905 0.021834061135371178 0.046686746987951805
102 0.30622707423580786 0.48419277108433734 0.05349344978165939 0.07078313253012049
46 0.7231441048034934 0.9765060240963855 0.026200873362445413 0.046987951807228916
46 0.23034934497816595 0.43148192771084337 0.03711790393013101 0.05572289156626506