46 0.58125 0.04705215419501134 0.02784090909090909 0.04365079365079365
46 0.5829545454545455 0.1354875283446712 0.021875 0.05102040816326531
46 0.5394886363636363 0.5629251700680272 0.025 0.0481859410430839
46 0.6241477272727273 0.46938775510204084 0.035227272727272725 0.03344671201814059
46 0.5309659090909091 0.2046485260770975 0.03806818181818182 0.034013605442176874
22 0.5184659090909091 0.09297052154195011 0.025 0.035147392290249435
94 0.48210227272727274 0.10884353741496598 0.021875 0.061224489795918366
42 0.28892045454545456 0.18027210884353742 0.05880681818181818 0.06689342403628118
42 0.5622159090909091 0.7023809523809523 0.06420454545454546 0.05328798185941043
42 0.2215909090909091 0.7210884353741497 0.06164772727272727 0.015873015873015872
22 0.1627840909090909 0.7250566893424036 0.02784090909090909 0.007936507936507936
46 0.7048295454545455 0.5056689342403629 0.016761363636363637 0.034013605442176874
22 0.5386363636363637 0.5073696145124716 0.022727272727272728 0.030045351473922902
25 0.3403409090909091 0.27040816326530615 0.0659090909090909 0.07369614512471655
42 0.23664772727272726 0.2698412698412698 0.06306818181818181 0.07199546485260772
42 0.16221590909090908 0.27040816326530615 0.0659090909090909 0.07993197278911565
39 0.16221590909090908 0.2165532879818594 0.023579545454545454 0.02040816326530612
39 0.16107954545454545 0.322562358276644 0.022727272727272728 0.015873015873015872
94 0.45482954545454546 0.16043083900226757 0.011079545454545455 0.05612244897959184
46 0.46903409090909093 0.16780045351473924 0.02869318181818182 0.022108843537414966
102 0.42954545454545456 0.16950113378684808 0.04261363636363636 0.053854875283446714
46 0.12982954545454545 0.5890022675736961 0.02869318181818182 0.026077097505668934
46 0.4616477272727273 0.09297052154195011 0.03380681818181818 0.03798185941043084