94 0.1340909090909091 0.011111111111111112 0.03977272727272727 0.022222222222222223
42 0.005965909090909091 0.25029239766081873 0.011931818181818182 0.04912280701754386
42 0.1806818181818182 0.3134502923976608 0.04318181818181818 0.0935672514619883
25 0.23892045454545455 0.23157894736842105 0.04772727272727273 0.10526315789473684
42 0.23863636363636365 0.39649122807017545 0.04659090909090909 0.10058479532163743
42 0.23892045454545455 0.495906432748538 0.051704545454545454 0.06783625730994151
39 0.20369318181818183 0.5128654970760234 0.013068181818181817 0.03391812865497076
39 0.2727272727272727 0.5140350877192983 0.010227272727272727 0.031578947368421054
94 0.16761363636363635 0.048538011695906436 0.03636363636363636 0.017543859649122806
46 0.17272727272727273 0.025730994152046785 0.014204545454545454 0.0456140350877193
102 0.17357954545454546 0.08888888888888889 0.03465909090909091 0.06783625730994151
46 0.12443181818181819 0.03742690058479532 0.024431818181818183 0.05380116959064327
79 0.44176136363636365 0.19064327485380117 0.024431818181818183 0.028070175438596492
79 0.4434659090909091 0.34210526315789475 0.023295454545454546 0.02982456140350877
79 0.4414772727272727 0.4871345029239766 0.019886363636363636 0.023976608187134502
22 0.46732954545454547 0.19298245614035087 0.010227272727272727 0.021637426900584796
23 0.4659090909090909 0.34269005847953216 0.015625 0.021637426900584796
23 0.4659090909090909 0.48771929824561405 0.011647727272727273 0.02865497076023392
65 0.5133522727272727 0.11403508771929824 0.04772727272727273 0.06783625730994151
65 0.5139204545454545 0.2654970760233918 0.04318181818181818 0.06666666666666667
65 0.5113636363636364 0.4099415204678363 0.042045454545454546 0.06491228070175438
73 0.5292613636363637 0.1935672514619883 0.07755681818181819 0.05087719298245614
73 0.5309659090909091 0.3391812865497076 0.07556818181818181 0.048538011695906436
73 0.5323863636363636 0.48830409356725146 0.07102272727272728 0.048538011695906436
93 0.7159090909090909 0.5432748538011696 0.042045454545454546 0.026900584795321637
46 0.7068181818181818 0.6140350877192983 0.03238636363636364 0.04327485380116959
93 0.7806818181818181 0.6128654970760234 0.07670454545454546 0.07719298245614035
102 0.95 0.9485380116959065 0.038636363636363635 0.05847953216374269