46 0.1071228266965788 0.059931506849315065 0.028042624789680313 0.032534246575342464
46 0.0628154795288839 0.11986301369863013 0.020190689848569827 0.04452054794520548
46 0.16376892877173305 0.05779109589041096 0.03252944475602917 0.025684931506849314
46 0.4369040942232193 0.10873287671232877 0.030846887268648347 0.02910958904109589
46 0.37689287717330344 0.014982876712328766 0.02131239484015704 0.029965753424657533
46 0.20779584969153111 0.1190068493150685 0.021873247335950644 0.04452054794520548
22 0.13684800897363994 0.1331335616438356 0.022434099831744252 0.02910958904109589
94 0.14638250140213124 0.175513698630137 0.03925967470555244 0.025684931506849314
42 0.01346045989904655 0.3553082191780822 0.025238362310712283 0.03595890410958904
42 0.19237240605720696 0.401541095890411 0.04262478968031408 0.0684931506849315
42 0.5305664610207516 0.08133561643835617 0.04318564217610768 0.07534246575342465
42 0.5513180033651149 0.4794520547945205 0.03701626472237801 0.07191780821917808
56 0.5614133482893999 0.3762842465753425 0.01682557487380819 0.028253424657534245
22 0.4010095344924285 0.1095890410958904 0.019068984856982614 0.026541095890410957
25 0.2498597868760516 0.3416095890410959 0.04711160964666293 0.07705479452054795
42 0.2495793606281548 0.4623287671232877 0.045989904655075714 0.07363013698630137
94 0.17947279865395402 0.20761986301369864 0.0358945597307908 0.012842465753424657
46 0.18452047111609646 0.1909246575342466 0.014021312394840156 0.03339041095890411
102 0.18536174985978687 0.23715753424657535 0.034212002243409985 0.04965753424657534
46 0.13684800897363994 0.199486301369863 0.02411665731912507 0.039383561643835614