42 0.33458864426419466 0.3148471615720524 0.04577056778679027 0.07336244541484715
22 0.3264774044032445 0.38427947598253276 0.019698725376593278 0.03318777292576419
29 0.3725376593279258 0.3620087336244541 0.027809965237543453 0.0777292576419214
56 0.34617612977983775 0.2091703056768559 0.027230590961761298 0.028820960698689956
42 0.3725376593279258 0.2423580786026201 0.04519119351100811 0.06550218340611354
25 0.021726535341830822 0.1737991266375546 0.043453070683661645 0.07860262008733625
42 0.021436848203939745 0.29694323144104806 0.04287369640787949 0.07510917030567686
42 0.022885283893395135 0.38253275109170304 0.04577056778679027 0.07336244541484715
39 0.05388180764774044 0.3868995633187773 0.010428736964078795 0.027074235807860263
46 0.22943221320973348 0.4131004366812227 0.01738122827346466 0.01222707423580786
42 0.6500579374275782 0.0314410480349345 0.03707995365005794 0.05327510917030567
42 0.6758400926998841 0.12445414847161572 0.03765932792584009 0.0445414847161572
42 0.43076477404403246 0.14759825327510917 0.03302433371958285 0.0462882096069869
42 0.5915411355735806 0.25109170305676853 0.01853997682502897 0.026200873362445413
42 0.6144264194669756 0.2183406113537118 0.017960602549246814 0.029694323144104803
42 0.6355735805330244 0.2537117903930131 0.023174971031286212 0.027074235807860263
42 0.8122827346465817 0.02925764192139738 0.01738122827346466 0.0314410480349345
42 0.8615295480880649 0.029694323144104803 0.026651216685979143 0.029694323144104803
42 0.8635573580533025 0.05982532751091703 0.019119351100811123 0.029694323144104803
46 0.7879490150637312 0.09475982532751091 0.013325608342989572 0.029694323144104803
46 0.5842989571263036 0.18034934497816593 0.023754345307068367 0.021834061135371178
46 0.6526651216685979 0.17860262008733624 0.021436848203939745 0.02096069868995633
46 0.7016222479721901 0.17903930131004367 0.02433371958285052 0.02096069868995633
22 0.6303592120509849 0.18034934497816593 0.014484356894553883 0.021834061135371178
22 0.6749710312862109 0.1781659388646288 0.016222479721900347 0.017467248908296942
3 0.44380069524913096 0.10480349344978165 0.027230590961761298 0.03318777292576419
49 0.5020278099652375 0.07248908296943231 0.03765932792584009 0.05589519650655022
46 0.4107763615295481 0.385589519650655 0.0220162224797219 0.023580786026200874
42 0.42265353418308227 0.02314410480349345 0.028389339513325607 0.0462882096069869
47 0.6297798377752027 0.08820960698689956 0.023174971031286212 0.02445414847161572
46 0.5848783314020858 0.0868995633187773 0.023174971031286212 0.025327510917030567
38 0.6506373117033604 0.1462882096069869 0.020278099652375436 0.023580786026200874
25 0.4803012746234067 0.02314410480349345 0.03707995365005794 0.0462882096069869
48 0.42786790266512165 0.08471615720524017 0.016801853997682505 0.02445414847161572
96 0.4452491309385863 0.0685589519650655 0.014484356894553883 0.027074235807860263
69 0.354577056778679 0.47729257641921397 0.08690614136732329 0.11615720524017467
58 0.3522595596755504 0.6689956331877729 0.09501738122827347 0.13973799126637554
54 0.35168018539976825 0.8698689956331878 0.08980301274623406 0.13449781659388646
68 0.9829084588644265 0.5659388646288209 0.013904982618771726 0.04890829694323144
68 0.9826187717265353 0.44759825327510916 0.014484356894553883 0.0462882096069869
46 0.40585168018539974 0.743231441048035 0.01216685979142526 0.017467248908296942
68 0.4171494785631518 0.45982532751091704 0.011587485515643106 0.028820960698689956
68 0.41772885283893396 0.5847161572052402 0.011587485515643106 0.025327510917030567
68 0.41801853997682503 0.7366812227074235 0.01216685979142526 0.03406113537117904