56 0.2361533779671333 0.10858585858585859 0.03377967133292757 0.023989898989898988
46 0.09951308581862446 0.2638888888888889 0.02130249543517955 0.03345959595959596
22 0.2133292757151552 0.2342171717171717 0.021911138161898967 0.020202020202020204
29 0.2681071211199026 0.21843434343434343 0.034996956786366405 0.054924242424242424
22 0.32227632379793064 0.2335858585858586 0.023432744978697503 0.020202020202020204
1 0.2991479001825928 0.2720959595959596 0.02282410225197809 0.025883838383838384
22 0.2702373706634206 0.2967171717171717 0.02556299452221546 0.023989898989898988
94 0.4138770541692027 0.28345959595959597 0.01856360316494218 0.04861111111111111
42 0.45952525867315885 0.3851010101010101 0.027388922702373707 0.028409090909090908
86 0.33931832014607427 0.45707070707070707 0.030432136335970784 0.030934343434343436
39 0.4592209373097991 0.41792929292929293 0.026171637248934874 0.013257575757575758
22 0.48143639683505784 0.20265151515151514 0.02008520998174072 0.022095959595959596
42 0.22337188070602557 0.1849747474747475 0.05447352404138771 0.04734848484848485
42 0.26871576384662205 0.13257575757575757 0.05234327449786975 0.046085858585858584
46 0.45100426049908704 0.1755050505050505 0.020693852708460133 0.022727272727272728
46 0.4035301278149726 0.03409090909090909 0.021911138161898967 0.030934343434343436
86 0.4698721850273889 0.13762626262626262 0.027388922702373707 0.023989898989898988
94 0.5161290322580645 0.1875 0.02008520998174072 0.04419191919191919
39 0.4592209373097991 0.35353535353535354 0.028910529519172244 0.015782828282828284
42 0.4339622641509434 0.29608585858585856 0.023432744978697503 0.02462121212121212
1 0.18533171028606207 0.3181818181818182 0.02404138770541692 0.032196969696969696
86 0.32501521606816797 0.255050505050505 0.030432136335970784 0.022095959595959596
46 0.536518563603165 0.20454545454545456 0.036518563603164945 0.01893939393939394
49 0.7878880097382837 0.13131313131313133 0.038953134510042606 0.07449494949494949
25 0.7875836883749239 0.3023989898989899 0.03834449178332319 0.07954545454545454
25 0.7781497261107729 0.013257575757575758 0.03956177723676202 0.026515151515151516
25 0.8651856360316494 0.4532828282828283 0.035909920876445525 0.07323232323232323
95 0.6704199634814364 0.2689393939393939 0.01278149726110773 0.06313131313131314
42 0.8146682897139379 0.4532828282828283 0.03712720632988436 0.07323232323232323
42 0.7300669506999391 0.14015151515151514 0.03956177723676202 0.08838383838383838
42 0.8578819233110164 0.06186868686868687 0.03469263542300669 0.07828282828282829
42 0.9032258064516129 0.06060606060606061 0.036518563603164945 0.07323232323232323
42 0.9503956177723676 0.061237373737373736 0.03712720632988436 0.07449494949494949
39 0.9047474132684115 0.16856060606060605 0.011564211807668898 0.026515151515151516
92 0.41996348143639683 0.5549242424242424 0.05112598904443092 0.10732323232323232
105 0.41996348143639683 0.7683080808080808 0.054169202678027994 0.10732323232323232
106 0.42057212416311623 0.9659090909090909 0.05234327449786975 0.06818181818181818
46 0.7702373706634206 0.5347222222222222 0.019476567255021303 0.026515151515151516
46 0.7720632988435788 0.7159090909090909 0.018867924528301886 0.027777777777777776
46 0.7720632988435788 0.8952020202020202 0.018867924528301886 0.023989898989898988
3 0.6804625684723068 0.7178030303030303 0.018259281801582473 0.039141414141414144
3 0.689592209373098 0.8983585858585859 0.018867924528301886 0.03787878787878788
3 0.671941570298235 0.5410353535353535 0.019476567255021303 0.036616161616161616
42 0.8262325015216068 0.5896464646464646 0.018867924528301886 0.04292929292929293
42 0.8271454656116859 0.7676767676767676 0.023128423615337797 0.04040404040404041
42 0.8262325015216068 0.9444444444444444 0.02008520998174072 0.045454545454545456
42 0.7705416920267802 0.9892676767676768 0.021911138161898967 0.021464646464646464
7 0.8076688983566647 0.6111111111111112 0.01704199634814364 0.05555555555555555
7 0.8088861838101035 0.7935606060606061 0.016433353621424222 0.05303030303030303
7 0.8076688983566647 0.9728535353535354 0.015216068167985392 0.05176767676767677
47 0.9619598295800366 0.5372474747474747 0.02130249543517955 0.02904040404040404
47 0.9616555082166768 0.7140151515151515 0.020693852708460133 0.03156565656565657
47 0.9631771150334754 0.8933080808080808 0.017650639074863056 0.02904040404040404
38 0.984479610468655 0.5422979797979798 0.010346926354230066 0.03282828282828283
38 0.9829580036518564 0.7146464646464646 0.011564211807668898 0.03282828282828283
38 0.9838709677419355 0.8952020202020202 0.010955569080949483 0.03282828282828283
38 0.7723676202069385 0.51010101010101 0.016433353621424222 0.022727272727272728
38 0.7717589774802192 0.6887626262626263 0.01704199634814364 0.020202020202020204
38 0.7717589774802192 0.86489898989899 0.015216068167985392 0.01893939393939394
42 0.77084601339014 0.827020202020202 0.024345709068776627 0.04419191919191919
42 0.7714546561168594 0.6439393939393939 0.02251978088861838 0.04671717171717172