56 0.3750054644808743 0.2217550505050505 0.05327868852459016 0.04892676767676768
46 0.15779234972677594 0.538989898989899 0.03415300546448088 0.06786616161616162
22 0.33879781420765026 0.47821969696969696 0.03551912568306011 0.041035353535353536
29 0.425551912568306 0.4458712121212121 0.056010928961748634 0.11205808080808081
22 0.5116174863387978 0.47664141414141414 0.036885245901639344 0.041035353535353536
1 0.47473224043715845 0.5555555555555556 0.036885245901639344 0.05366161616161616
22 0.42896174863387976 0.6052777777777778 0.040983606557377046 0.04892676767676768
94 0.657103825136612 0.5784469696969697 0.030054644808743168 0.09943181818181818
42 0.7295081967213115 0.786780303030303 0.04371584699453552 0.05839646464646465
86 0.5389398907103825 0.9327651515151515 0.04781420765027322 0.06313131313131314
39 0.7288306010928962 0.8530681818181818 0.04234972677595628 0.02683080808080808
22 0.7643497267759563 0.41430555555555554 0.031420765027322405 0.045770202020202023
42 0.3545136612021858 0.3780050505050505 0.0860655737704918 0.09627525252525253
42 0.4269180327868852 0.26988636363636365 0.08333333333333333 0.0946969696969697
46 0.7158469945355191 0.35827020202020204 0.03278688524590164 0.04734848484848485
46 0.6407103825136612 0.06944444444444445 0.03551912568306011 0.06313131313131314
86 0.7459016393442623 0.28172979797979797 0.04371584699453552 0.04892676767676768
94 0.8189945355191257 0.38273989898989896 0.031420765027322405 0.08996212121212122
39 0.7288306010928962 0.7220707070707071 0.045081967213114756 0.03314393939393939
42 0.6892131147540984 0.6044823232323232 0.036885245901639344 0.050505050505050504
1 0.2937158469945355 0.6486742424242424 0.03825136612021858 0.06628787878787878
86 0.5157158469945355 0.5200505050505051 0.04781420765027322 0.045770202020202023
46 0.8517814207650273 0.41746212121212123 0.05874316939890711 0.039457070707070704