29 0.22163515016685206 0.43111366245694605 0.04949944382647386 0.03559127439724455
22 0.23526140155728587 0.3530424799081516 0.01835372636262514 0.03903559127439724
1 0.2700222469410456 0.39150401836969 0.02335928809788654 0.03788748564867968
22 0.2917130144605117 0.4334098737083812 0.021690767519466074 0.030998851894374284
94 0.2800333704115684 0.1997703788748565 0.0439377085650723 0.030998851894374284
42 0.3718020022246941 0.12399540757749714 0.025583982202447165 0.045924225028702644
86 0.4360400444938821 0.3243398392652124 0.027808676307007785 0.0505166475315729
39 0.40100111234705227 0.12456946039035591 0.01167964404894327 0.04362801377726751
22 0.20773081201334817 0.08725602755453502 0.020022246941045607 0.03329506314580941
42 0.14377085650723026 0.42365097588978184 0.04171301446051168 0.0505166475315729
46 0.18298109010011124 0.1383467278989667 0.020578420467185762 0.03444316877152698
46 0.05589543937708565 0.21699196326061998 0.027808676307007785 0.03673938002296211
86 0.1493325917686318 0.10677382319173363 0.021690767519466074 0.045924225028702644
94 0.19382647385984428 0.029850746268656716 0.039488320355951054 0.03329506314580941
39 0.34343715239154615 0.12456946039035591 0.014460511679644048 0.04822043628013777
42 0.2914349276974416 0.16647531572904709 0.02224694104560623 0.03903559127439724
86 0.2544493882091212 0.3484500574052813 0.020022246941045607 0.0505166475315729
46 0.20884315906562848 0.012629161882893225 0.017241379310344827 0.02525832376578645
1 0.7344271412680756 0.3817451205510907 0.036151279199110126 0.04936854190585534
42 0.7575083426028921 0.309414466130884 0.018909899888765295 0.03903559127439724
1 0.7828142380422692 0.23765786452353616 0.040600667408231365 0.04822043628013777
42 0.756952169076752 0.13605051664753157 0.018909899888765295 0.040183696900114814