56 0.10936623667975323 0.4242294520547945 0.021873247335950644 0.04195205479452055
46 0.2504206393718452 0.5941780821917808 0.03028603477285474 0.026541095890410957
22 0.2232192933258553 0.4524828767123288 0.018508132361189006 0.0273972602739726
29 0.20891755468311834 0.3844178082191781 0.04991587212563096 0.04366438356164384
22 0.2226584408300617 0.317208904109589 0.018508132361189006 0.02910958904109589
1 0.25771172181716206 0.3458904109589041 0.023555804823331465 0.028253424657534245
22 0.2798653954010095 0.3818493150684932 0.021873247335950644 0.031678082191780824
94 0.267807066741447 0.2029109589041096 0.0443073471676949 0.023116438356164382
42 0.36034772854739205 0.1464041095890411 0.025799214806505887 0.03424657534246575
86 0.4251261918115536 0.2958047945205479 0.028042624789680313 0.03767123287671233
39 0.38979248457655635 0.1468321917808219 0.011777902411665733 0.032534246575342464
22 0.19489624228827818 0.1190068493150685 0.020190689848569827 0.02482876712328767
42 0.17891194615816042 0.4400684931506849 0.04318564217610768 0.06763698630136987
42 0.13067863151991027 0.3835616438356164 0.04206393718452047 0.06506849315068493
46 0.16993830622546272 0.15710616438356165 0.02075154234436343 0.025684931506849314
46 0.04178351093662367 0.21575342465753425 0.028042624789680313 0.0273972602739726
86 0.13600673022994952 0.13356164383561644 0.021873247335950644 0.03424657534246575
94 0.18087492989343804 0.0761986301369863 0.039820527201346045 0.02482876712328767
39 0.3317442512619181 0.1468321917808219 0.014582164890633763 0.03595890410958904
42 0.27930454290521595 0.1780821917808219 0.022434099831744252 0.02910958904109589
1 0.2989343802579921 0.488013698630137 0.029164329781267526 0.029965753424657533
86 0.24200785193494112 0.3137842465753425 0.020190689848569827 0.03767123287671233
46 0.1962983735277622 0.05051369863013699 0.017386427369601793 0.045376712328767124
46 0.4568143578238923 0.3163527397260274 0.014021312394840156 0.029965753424657533
39 0.23499719573752104 0.9648972602739726 0.012338754907459339 0.02482876712328767
25 0.2952888390353337 0.9670376712328768 0.03701626472237801 0.05650684931506849
42 0.29697139652271454 0.8720034246575342 0.034772854739203586 0.05136986301369863
42 0.29725182277061135 0.8082191780821918 0.034212002243409985 0.0488013698630137
39 0.33146382501402133 0.8082191780821918 0.012338754907459339 0.02482876712328767
1 0.29949523275378576 0.7217465753424658 0.01962983735277622 0.05565068493150685
49 0.3286595625350533 0.668236301369863 0.03925967470555244 0.01797945205479452
25 0.3286595625350533 0.7478595890410958 0.0358945597307908 0.04965753424657534
39 0.2641615255187886 0.809931506849315 0.01065619742007852 0.023116438356164382
42 0.24593381940549636 0.6999143835616438 0.015703869882220976 0.0273972602739726