56 0.2510969285999202 0.09073543457497613 0.035899481451934584 0.02005730659025788
46 0.10570402871958516 0.22110792741165233 0.022736338252891904 0.027698185291308502
22 0.22696449940167532 0.19627507163323782 0.023334662943757477 0.017191977077363897
29 0.28500199441563623 0.18242597898758356 0.0372955723972876 0.045845272206303724
22 0.34264060630235343 0.19531996179560648 0.02493019545273235 0.017191977077363897
1 0.31810929397686477 0.22779369627507162 0.024132429198244914 0.021967526265520534
22 0.28719585161547667 0.24785100286532952 0.027124052652572797 0.02005730659025788
94 0.4399680893498205 0.23686723973256923 0.01974471479856402 0.041069723018147083
42 0.48863183087355405 0.3223495702005731 0.029317909852413244 0.02387774594078319
86 0.36078978859194255 0.3825214899713467 0.03211009174311927 0.025787965616045846
39 0.4882329477463103 0.3495702005730659 0.02772237734343837 0.010983763132760267
22 0.5119664938173115 0.16953199617956066 0.02114080574391703 0.01862464183381089
42 0.23753490227363383 0.15472779369627507 0.05783805345033905 0.039637058261700095
42 0.28579976067012364 0.11079274116523401 0.0556441962504986 0.03868194842406877
46 0.47945751894694855 0.14708691499522444 0.021938571998404467 0.019102196752626553
46 0.4289988033506183 0.02865329512893983 0.023334662943757477 0.025787965616045846
86 0.49960111687275627 0.11556829035339064 0.029317909852413244 0.02005730659025788
94 0.5486637415237335 0.15663801337153774 0.02114080574391703 0.03677172874880611
39 0.4882329477463103 0.29608404966571156 0.030714000797766254 0.013371537726838587
42 0.46150777822098127 0.24785100286532952 0.02493019545273235 0.020534861509073542
1 0.19684882329477463 0.26599808978032474 0.025528520143597924 0.026743075453677174
86 0.34543278819305945 0.21298949379178606 0.03211009174311927 0.01862464183381089
46 0.570602313522138 0.17096466093600765 0.038891104906262464 0.01623686723973257
42 0.038691663342640605 0.4207258834765998 0.016753091344236137 0.021967526265520534
42 0.0725967291583566 0.5907354345749761 0.031112883925009972 0.07927411652340019
42 0.03769445552453131 0.7411652340019103 0.03988831272437176 0.09742120343839542
42 0.12265656162744316 0.7588347659980897 0.035899481451934584 0.09073543457497613
42 0.12145991224571201 0.4326647564469914 0.01994415636218588 0.04297994269340974
42 0.262664539289988 0.7478510028653295 0.04028719585161548 0.0936007640878701
25 0.07359393697646589 0.7005730659025788 0.03191065017949741 0.07640878701050621
22 0.09373753490227363 0.9794651384909264 0.013960909453530115 0.03151862464183381
22 0.5035899481451934 0.8710601719197708 0.014758675708017551 0.04202483285577841
42 0.6053051455923415 0.9799426934097422 0.017151974471479856 0.04011461318051576
1 0.060231352213801354 0.9746895893027698 0.04148384523334663 0.050620821394460364
1 0.15137614678899083 0.9880611270296084 0.04507379337854009 0.02387774594078319
1 0.23354607100119665 0.9880611270296084 0.04268049461507778 0.02387774594078319
1 0.5283207020343039 0.8390639923591213 0.038691663342640605 0.06017191977077364
1 0.5787794176306342 0.8361986628462273 0.03988831272437176 0.05730659025787966
22 0.6047068209014759 0.9068767908309455 0.015955325089748704 0.04297994269340974
42 0.5029916234543279 0.9269340974212035 0.014758675708017551 0.04775549188156638
42 0.5029916234543279 0.6743075453677173 0.05065815715995214 0.11270296084049666
42 0.6053051455923415 0.671919770773639 0.04507379337854009 0.11174785100286533
42 0.6493817311527722 0.5912129894937918 0.040686078978859196 0.0936007640878701
42 0.26306342241723174 0.4302769818529131 0.015955325089748704 0.041069723018147083
93 0.09373753490227363 0.8080229226361032 0.028719585161547666 0.07163323782234957
22 0.19126445951336257 0.9522445081184336 0.017151974471479856 0.02865329512893983
39 0.19325887514958118 0.9832855778414518 0.014758675708017551 0.021012416427889206
95 0.2187873952931791 0.9536771728748806 0.028719585161547666 0.03151862464183381
93 0.36996410051854806 0.833810888252149 0.029118468288791385 0.07449856733524356
95 0.38272836059034704 0.9555873925501432 0.03709613083366574 0.02865329512893983
1 0.06661348224970083 0.5191021967526266 0.040686078978859196 0.06017191977077364
1 0.15257279617072197 0.5210124164278892 0.038691663342640605 0.050620821394460364
1 0.23414439569206222 0.5210124164278892 0.040686078978859196 0.050620821394460364
22 0.12145991224571201 0.48567335243553006 0.01316314319904268 0.03151862464183381
39 0.3673713601914639 0.44221585482330467 0.007977662544874352 0.045845272206303724
23 0.09812524930195453 0.5119388729703916 0.01316314319904268 0.026743075453677174