56 0.4092431346282652 0.12563131313131312 0.026121902210314803 0.06186868686868687
22 0.2732752846617549 0.08396464646464646 0.022103148024112524 0.04040404040404041
29 0.29035498995311454 0.18434343434343434 0.05961152042866711 0.06439393939393939
22 0.2739450770261219 0.28345959595959597 0.022103148024112524 0.04292929292929293
1 0.23208305425318151 0.24116161616161616 0.02813127930341594 0.041666666666666664
22 0.2056262558606832 0.18813131313131312 0.026121902210314803 0.04671717171717172
94 0.22002679169457467 0.45202020202020204 0.05291359678499665 0.03409090909090909
42 0.10951105157401206 0.5353535353535354 0.030810448760884127 0.050505050505050504
86 0.032150033489618215 0.31502525252525254 0.033489618218352314 0.05555555555555555
39 0.07434695244474213 0.5347222222222222 0.01406563965170797 0.047979797979797977
22 0.30676490288010716 0.5732323232323232 0.024112525117213665 0.03282828282828283
42 0.3261888814467515 0.10227272727272728 0.05157401205626256 0.09974747474747475
42 0.38379102478231747 0.1856060606060606 0.05023442732752847 0.09595959595959595
46 0.33690555927662424 0.5195707070707071 0.02478231748158071 0.03787878787878788
46 0.4899531145344943 0.43308080808080807 0.033489618218352314 0.04040404040404041
86 0.37742799732083054 0.5542929292929293 0.026121902210314803 0.050505050505050504
39 0.1436704621567314 0.5347222222222222 0.017414601473543203 0.05303030303030303
42 0.20629604822505024 0.48863636363636365 0.02679169457468185 0.04292929292929293
1 0.18285331547220363 0.03156565656565657 0.034829202947086406 0.04419191919191919
86 0.2508372404554588 0.288510101010101 0.024112525117213665 0.05555555555555555
42 0.7635632953784327 0.31313131313131315 0.03014065639651708 0.05176767676767677
1 0.7079705291359678 0.3970959595959596 0.036838580040187544 0.11868686868686869
1 0.7083054253181513 0.5372474747474747 0.03951774949765573 0.10479797979797979
35 0.28767582049564633 0.6824494949494949 0.024112525117213665 0.06313131313131314
39 0.30274614869390487 0.7815656565656566 0.014735432016075016 0.036616161616161616
25 0.2307434695244474 0.7784090909090909 0.04420629604822505 0.08333333333333333
42 0.2287340924313463 0.9185606060606061 0.041527126590756865 0.07575757575757576
42 0.22806430006697923 0.9880050505050505 0.04085733422638982 0.023989898989898988
39 0.26758204956463494 0.9962121212121212 0.012726054922973878 0.007575757575757576
39 0.7602143335565975 0.7323232323232324 0.01406563965170797 0.05176767676767677