56 0.09573195053849222 0.37392550143266473 0.015755883526126845 0.03581661891117478
46 0.1974471479856402 0.5191021967526266 0.021739130434782608 0.022922636103151862
22 0.17790187475069805 0.39780324737344797 0.01336258476266454 0.023400191021967526
29 0.1675309134423614 0.33954154727793695 0.035899481451934584 0.03724928366762178
22 0.17750299162345431 0.2822349570200573 0.01336258476266454 0.024832855778414518
1 0.20263262863980855 0.30659025787965616 0.016952532907857996 0.024355300859598854
22 0.21858795372955725 0.3376313276026743 0.015755883526126845 0.027220630372492838
94 0.21001196649381731 0.18433619866284623 0.03191065017949741 0.019579751671442217
42 0.27662544874351813 0.1361031518624642 0.01854806541683287 0.02913085004775549
86 0.3232947746310331 0.2640878701050621 0.02014359792580774 0.03199617956064948
39 0.29776625448743516 0.13658070678127984 0.008575987235739928 0.027698185291308502
22 0.1573593936976466 0.11270296084049666 0.014559234144395692 0.021012416427889206
42 0.14579178300757878 0.38729703915950336 0.031112883925009972 0.05778414517669532
42 0.11108895093737535 0.3390639923591213 0.030315117670522536 0.055396370582617004
46 0.1394096529716793 0.1451766953199618 0.014958117271639409 0.021967526265520534
46 0.04706820901475867 0.19531996179560648 0.02014359792580774 0.023400191021967526
86 0.11487834064619067 0.1251193887297039 0.015755883526126845 0.02913085004775549
94 0.14738731551655365 0.07593123209169055 0.028719585161547666 0.021012416427889206
39 0.2560829676904667 0.13658070678127984 0.010570402871958515 0.030563514804202482
42 0.21818907060231352 0.16332378223495703 0.016154766653370563 0.024832855778414518
1 0.2323494216194655 0.4283667621776504 0.020941364180295175 0.025787965616045846
86 0.19126445951336257 0.2793696275071633 0.014559234144395692 0.03199617956064948
46 0.1583566015157559 0.05396370582617001 0.012564818508177105 0.03868194842406877
22 0.11607499002792182 0.9651384909264565 0.016753091344236137 0.04775549188156638
22 0.0885520542481053 0.7425978987583572 0.015955325089748704 0.03151862464183381
22 0.11587554846429995 0.6962750716332379 0.014758675708017551 0.034383954154727794
42 0.14619066613482248 0.9622731614135626 0.013960909453530115 0.03533906399235912
42 0.13482249700837654 0.6212989493791786 0.03191065017949741 0.0830945558739255
93 0.014359792580773833 0.7091690544412608 0.028719585161547666 0.06972301814708691
95 0.06402074192261667 0.6786055396370583 0.011966493817311527 0.08882521489971347