56 0.15017000377786174 0.2702020202020202 0.024744994333207405 0.025883838383838384
46 0.3095957687948621 0.375 0.03418964865885909 0.016414141414141416
22 0.2788061956932376 0.2878787878787879 0.020967132602946734 0.017045454545454544
29 0.26275028333962974 0.2455808080808081 0.056479032867397055 0.027146464646464648
22 0.27823951643369854 0.2039141414141414 0.020967132602946734 0.018308080808080808
1 0.3179070646014356 0.2215909090909091 0.02663392519833774 0.017676767676767676
22 0.342840952021156 0.24368686868686867 0.024744994333207405 0.019570707070707072
94 0.3292406497922176 0.13320707070707072 0.05005666792595391 0.01452020202020202
42 0.4338874197204382 0.09848484848484848 0.029089535323007176 0.021464646464646464
86 0.5069890442009822 0.19065656565656566 0.03173403853418965 0.02335858585858586
39 0.46713260294673215 0.09848484848484848 0.013222516055912353 0.020202020202020204
22 0.24688326407253494 0.08143939393939394 0.02285606346807707 0.015151515151515152
42 0.22874952776728372 0.2803030303030303 0.048734416320362677 0.041666666666666664
42 0.17434831885153004 0.24494949494949494 0.04760105780128447 0.04040404040404041
46 0.21873819418209295 0.10479797979797979 0.02342274272761617 0.015782828282828284
46 0.07385719682659615 0.1414141414141414 0.03173403853418965 0.017045454545454544
86 0.18039289761994712 0.09027777777777778 0.024744994333207405 0.021464646464646464
94 0.2310162448054401 0.054924242424242424 0.044956554590102005 0.015151515151515152
39 0.4015867019267095 0.09848484848484848 0.016433698526633924 0.022095959595959596
42 0.3422742727616169 0.11805555555555555 0.025311673592746504 0.018308080808080808
1 0.3643747638836419 0.30934343434343436 0.03286739705326785 0.018308080808080808
86 0.30015111446921044 0.20202020202020202 0.02285606346807707 0.02335858585858586
46 0.24839440876463922 0.039141414141414144 0.019644880997355497 0.027777777777777776
42 0.8294295428787306 0.3213383838383838 0.01662259161314696 0.047979797979797977
42 0.7737060823573857 0.11553030303030302 0.018511522478277295 0.05555555555555555
46 0.7194937665281451 0.24053030303030304 0.024933887419720437 0.047979797979797977
46 0.893275406120136 0.24936868686868688 0.024933887419720437 0.045454545454545456
93 0.798073290517567 0.24936868686868688 0.029467321496033247 0.10101010101010101
42 0.7905175670570457 0.017045454545454544 0.03135625236116358 0.03409090909090909
22 0.8513411409142425 0.3181818181818182 0.01511144692104269 0.059343434343434344
1 0.8133736305251228 0.3806818181818182 0.018133736305251228 0.07702020202020202
93 0.7538723082735171 0.20517676767676768 0.024178315073668303 0.08333333333333333
7 0.7689837551945599 0.3143939393939394 0.03324518322629392 0.07196969696969698
86 0.7990177559501322 0.07575757575757576 0.018133736305251228 0.059343434343434344
46 0.26331696259916887 0.43434343434343436 0.02568945976577257 0.030303030303030304