56 0.45161290322580644 0.14822294022617125 0.03068450039339103 0.0395799676898223
22 0.29189614476789927 0.1215670436187399 0.025963808025177025 0.025848142164781908
29 0.3119590873328088 0.18578352180936994 0.07002360346184107 0.04119547657512116
22 0.2926829268292683 0.24919224555735056 0.025963808025177025 0.027463651050080775
1 0.24350904799370574 0.22213247172859452 0.03304484657749803 0.02665589660743134
22 0.21243115656963021 0.18820678513731826 0.03068450039339103 0.02988691437802908
94 0.22934697088906372 0.3570274636510501 0.06215578284815106 0.021809369951534735
42 0.0995279307631786 0.41033925686591277 0.03619197482297404 0.03231017770597738
86 0.014162077104642014 0.2689822294022617 0.02832415420928403 0.035541195476575124
39 0.058221872541306056 0.40993537964458804 0.016522423288749016 0.030694668820678513
22 0.3316286388670338 0.43618739903069464 0.02832415420928403 0.023424878836833602
42 0.35405192761605037 0.1332794830371567 0.06058221872541306 0.06381260096930533
42 0.4217151848937844 0.18659127625201938 0.059008654602675056 0.061389337641357025
46 0.36664044059795436 0.40024232633279483 0.029110936270653028 0.024232633279483037
46 0.5428796223446105 0.34491114701130854 0.03304484657749803 0.025848142164781908
86 0.4142407553107789 0.42245557350565427 0.03068450039339103 0.03231017770597738
94 0.35129819040125887 0.4721324717285945 0.05586152635719906 0.015347334410339256
39 0.13965381589299763 0.40993537964458804 0.020456333595594022 0.033925686591276254
42 0.21321793863099922 0.3804523424878837 0.03147128245476003 0.027463651050080775
1 0.18568056648308418 0.08804523424878836 0.040912667191188044 0.02827140549273021
86 0.2655389457120378 0.2524232633279483 0.02832415420928403 0.035541195476575124
49 0.6695515342250197 0.31260096930533116 0.08025177025963807 0.0791599353796446
25 0.6420141620771046 0.1938610662358643 0.07553107789142408 0.06785137318255251
42 0.581825334382376 0.36106623586429726 0.044846577498033044 0.06946688206785137
56 0.6207710464201416 0.10581583198707593 0.02675059008654603 0.03715670436187399
42 0.5916601101494886 0.07067851373182553 0.06136900078678206 0.06381260096930533
86 0.7938630999213218 0.045234248788368334 0.02675059008654603 0.030694668820678513
93 0.7509834775767112 0.061389337641357025 0.05428796223446106 0.05896607431340872