56 0.4045545880776959 0.08764135702746365 0.026121902210314803 0.0395799676898223
22 0.26858673811118555 0.06098546042003231 0.022103148024112524 0.025848142164781908
29 0.2856664434025452 0.12520193861066237 0.05961152042866711 0.04119547657512116
22 0.2692565304755526 0.18861066235864296 0.022103148024112524 0.027463651050080775
1 0.2273945077026122 0.16155088852988692 0.02813127930341594 0.02665589660743134
22 0.20093770931011387 0.12762520193861066 0.026121902210314803 0.02988691437802908
94 0.21533824514400535 0.2964458804523425 0.05291359678499665 0.021809369951534735
42 0.10482250502344273 0.34975767366720517 0.030810448760884127 0.03231017770597738
86 0.027461486939048894 0.20880452342487885 0.033489618218352314 0.035541195476575124
39 0.06965840589417281 0.34935379644588044 0.01406563965170797 0.030694668820678513
22 0.30241125251172135 0.3756058158319871 0.024112525117213665 0.023424878836833602
42 0.3215003348961822 0.07269789983844911 0.05157401205626256 0.06381260096930533
42 0.37910247823174814 0.1260096930533118 0.05023442732752847 0.061389337641357025
46 0.3322170127260549 0.33966074313408723 0.02478231748158071 0.024232633279483037
86 0.3727394507702612 0.36187399030694667 0.026121902210314803 0.03231017770597738
39 0.13898191560616208 0.34935379644588044 0.017414601473543203 0.033925686591276254
42 0.2016075016744809 0.3198707592891761 0.02679169457468185 0.027463651050080775
1 0.1781647689216343 0.027463651050080775 0.034829202947086406 0.02827140549273021
86 0.24614869390488947 0.19184168012924072 0.024112525117213665 0.035541195476575124
42 0.49899531145344944 0.08966074313408724 0.02679169457468185 0.03715670436187399
42 0.5880776959142666 0.03715670436187399 0.033489618218352314 0.035541195476575124
42 0.5572672471533825 0.04119547657512116 0.02813127930341594 0.03715670436187399
1 0.46416610850636303 0.051292407108239096 0.029470864032150032 0.033117932148626815
1 0.2304085733422639 0.4208400646203554 0.016075016744809108 0.0630048465266559
1 0.23107836570663096 0.5193861066235864 0.017749497655726726 0.09087237479806139
42 0.2649028801071668 0.5888529886914378 0.013395847287340924 0.036752827140549275
42 0.14099129269926322 0.577140549273021 0.027461486939048894 0.06704361873990307
22 0.24681848626925654 0.5912762520193862 0.00971198928332217 0.03877221324717286