46 0.013436249285305889 0.3310204081632653 0.026872498570611778 0.017142857142857144
46 0.060034305317324184 0.313469387755102 0.018582046883933678 0.018367346938775512
42 0.24614065180102915 0.3783673469387755 0.049170954831332186 0.030204081632653063
42 0.341052029731275 0.3306122448979592 0.017438536306460833 0.04081632653061224
25 0.3433390508862207 0.2714285714285714 0.012864493996569469 0.03877551020408163
25 0.3421955403087479 0.21755102040816326 0.015151515151515152 0.04653061224489796
42 0.7967409948542024 0.17387755102040817 0.04345340194396798 0.06285714285714286
42 0.517724413950829 0.15918367346938775 0.045740423098913664 0.062040816326530614
42 0.5540308747855918 0.10571428571428572 0.04288164665523156 0.062040816326530614
42 0.5866209262435678 0.2563265306122449 0.023441966838193252 0.029387755102040815
39 0.6180674671240709 0.503265306122449 0.009719839908519153 0.029387755102040815
39 0.6194968553459119 0.3289795918367347 0.012006861063464836 0.02122448979591837
42 0.8007432818753574 0.05918367346938776 0.05317324185248713 0.0783673469387755
95 0.9053744997141223 0.34653061224489795 0.018867924528301886 0.06285714285714286
95 0.5831903945111492 0.5061224489795918 0.0137221269296741 0.0473469387755102
30 0.5889079473985135 0.15877551020408162 0.016580903373356205 0.04
30 0.5957690108633504 0.10612244897959183 0.015437392795883362 0.04163265306122449
23 0.7295597484276729 0.38448979591836735 0.018867924528301886 0.029387755102040815
23 0.6532304173813608 0.31510204081632653 0.017724413950829045 0.0326530612244898
23 0.7141223556317896 0.3163265306122449 0.018867924528301886 0.025306122448979593
23 0.868210405946255 0.38571428571428573 0.014865637507146942 0.029387755102040815
23 0.8330474556889651 0.20938775510204083 0.017724413950829045 0.022040816326530613
23 0.8416237850200115 0.0910204081632653 0.017152658662092625 0.025306122448979593
23 0.8513436249285306 0.005714285714285714 0.02058319039451115 0.011428571428571429
23 0.7590051457975986 0.21183673469387754 0.018867924528301886 0.022040816326530613
23 0.759576901086335 0.09387755102040816 0.019439679817038306 0.024489795918367346