46 0.010046885465505693 0.007346938775510204 0.020093770931011386 0.014693877551020407
46 0.03415941058271936 0.060408163265306125 0.02813127930341594 0.026122448979591838
42 0.01942397856664434 0.4840816326530612 0.03884795713328868 0.08653061224489796
25 0.09845947756195579 0.48489795918367345 0.06028131279303416 0.07510204081632653
25 0.18218352310783656 0.4840816326530612 0.072337575351641 0.08
22 0.42799732083054254 0.2542857142857143 0.024112525117213665 0.018367346938775512
42 0.427662424648359 0.3693877551020408 0.021433355659745478 0.0236734693877551
42 0.36537173476222373 0.2518367346938776 0.047890154052243804 0.04081632653061224
42 0.427662424648359 0.19224489795918367 0.018754186202277295 0.017551020408163264
42 0.39752176825184193 0.3346938775510204 0.046215673141326186 0.03918367346938775
56 0.3392498325519089 0.28530612244897957 0.02478231748158071 0.015510204081632653
42 0.3134628265237776 0.3040816326530612 0.047890154052243804 0.03918367346938775
25 0.3141326188881447 0.363265306122449 0.04956463496316142 0.04244897959183674
1 0.471198928332217 0.33510204081632655 0.05760214333556597 0.02979591836734694
1 0.471198928332217 0.2310204081632653 0.05592766242464836 0.026122448979591838
95 0.41527126590756863 0.21714285714285714 0.047890154052243804 0.014693877551020407
38 0.39216342933690557 0.3040816326530612 0.018754186202277295 0.022857142857142857
25 0.36537173476222373 0.1710204081632653 0.05592766242464836 0.03918367346938775
35 0.48894842598794375 0.4763265306122449 0.03281982585398526 0.026122448979591838
46 0.4273275284661755 0.3053061224489796 0.016744809109176157 0.02857142857142857
1 0.020763563295378432 0.7204081632653061 0.041527126590756865 0.04816326530612245
42 0.058606831882116545 0.6285714285714286 0.026121902210314803 0.035918367346938776
42 0.05726724715338245 0.9636734693877551 0.06095110515740121 0.07265306122448979
42 0.13228399196249163 0.8914285714285715 0.0622906898861353 0.06693877551020408
42 0.18888144675150703 0.9673469387755103 0.05492297387809779 0.0653061224489796
22 0.06095110515740121 0.6775510204081633 0.02813127930341594 0.026122448979591838