46 0.024875621890547265 0.36775510204081635 0.04975124378109453 0.018775510204081632
46 0.11138750690989498 0.3485714285714286 0.03482587064676617 0.02040816326530612
42 0.4566058595909342 0.42081632653061224 0.0912106135986733 0.03387755102040816
42 0.6332227750138197 0.36775510204081635 0.0326147042564953 0.045306122448979594
25 0.6376451077943616 0.3020408163265306 0.02377003869541183 0.04326530612244898
25 0.6354339414040907 0.2420408163265306 0.028192371475953566 0.05183673469387755
42 0.6644555002763958 0.9587755102040816 0.028192371475953566 0.04244897959183674
3 0.6821448313985627 0.9946938775510205 0.018794914317302378 0.010612244897959184
25 0.7423991155334438 0.9310204081632653 0.030403537866224434 0.052244897959183675
35 0.7794361525704809 0.8881632653061224 0.016030956329463792 0.02857142857142857
35 0.847705914870094 0.8889795918367347 0.01658374792703151 0.026938775510204082
35 0.9027086788280818 0.889795918367347 0.017136539524599224 0.025306122448979593
35 0.9322830292979547 0.8914285714285715 0.014372581536760642 0.025306122448979593
35 0.679657269209508 0.6020408163265306 0.016030956329463792 0.025306122448979593