46 0.3981117230527144 0.2506122448979592 0.023603461841070025 0.0326530612244898
46 0.34264358772619985 0.28448979591836737 0.025177025963808025 0.03428571428571429
42 0.0924468922108576 0.1620408163265306 0.06608969315499606 0.05714285714285714
25 0.4268292682926829 0.037959183673469385 0.03383162863886703 0.053061224489795916
42 0.4402045633359559 0.46408163265306124 0.04366640440597954 0.0473469387755102
42 0.44689221085759245 0.1273469387755102 0.045633359559402044 0.044897959183673466
46 0.5224232887490166 0.1236734693877551 0.02753737214791503 0.020816326530612245
46 0.496852871754524 0.03469387755102041 0.014555468135326514 0.024489795918367346
22 0.42210857592446893 0.21061224489795918 0.01730920535011802 0.025714285714285714
22 0.42289535798583794 0.3795918367346939 0.01730920535011802 0.02
7 0.43194335169158143 0.4204081632653061 0.044059795436664044 0.027755102040816326
42 0.42486231313926043 0.253469387755102 0.023210070810385522 0.025714285714285714
42 0.4240755310778914 0.3379591836734694 0.023210070810385522 0.024489795918367346
7 0.43469708890637293 0.1742857142857143 0.04956726986624705 0.026938775510204082
95 0.50786782061369 0.1310204081632653 0.012195121951219513 0.052244897959183675
42 0.3843430369787569 0.6640816326530612 0.04799370574350905 0.052244897959183675
42 0.3005507474429583 0.7004081632653061 0.04012588512981904 0.053061224489795916
42 0.18646734854445318 0.5816326530612245 0.023603461841070025 0.026122448979591838
42 0.21597167584579072 0.6138775510204082 0.02675059008654603 0.025306122448979593
42 0.1841070023603462 0.643673469387755 0.024390243902439025 0.0326530612244898
42 0.38630999213217937 0.8926530612244898 0.02832415420928403 0.024489795918367346
42 0.3859166011014949 0.9620408163265306 0.02675059008654603 0.037551020408163265
42 0.35877261998426435 0.9648979591836735 0.02675059008654603 0.027755102040816326
46 0.32730133752950435 0.8583673469387755 0.02675059008654603 0.018775510204081632
46 0.25019669551534224 0.5714285714285714 0.01966955153422502 0.03346938775510204
46 0.25177025963808025 0.6677551020408163 0.01888276947285602 0.029387755102040815
46 0.2513768686073958 0.736734693877551 0.01888276947285602 0.03510204081632653
22 0.25019669551534224 0.6363265306122449 0.01966955153422502 0.02040816326530612
22 0.2521636506687647 0.6991836734693877 0.015735641227380016 0.022857142857142857
47 0.3332022029897718 0.6355102040816326 0.022029897718332022 0.03346938775510204
46 0.33438237608182536 0.5722448979591837 0.022816679779701022 0.0326530612244898
38 0.2808811959087333 0.6648979591836734 0.021243115656963022 0.02857142857142857