25 0.7344097995545658 0.1293877551020408 0.0645879732739421 0.052244897959183675
42 0.7316258351893096 0.21346938775510205 0.061247216035634745 0.04653061224489796
42 0.6742761692650334 0.26612244897959186 0.05456570155902005 0.04244897959183674
42 0.7750556792873051 0.3016326530612245 0.060133630289532294 0.03918367346938775
25 0.6720489977728286 0.32612244897959186 0.07238307349665925 0.04897959183673469
42 0.8073496659242761 0.33591836734693875 0.028953229398663696 0.022040816326530613
22 0.8090200445434298 0.21714285714285714 0.02338530066815145 0.019591836734693877
38 0.7661469933184856 0.26693877551020406 0.026726057906458798 0.024489795918367346
22 0.40256124721603564 0.19877551020408163 0.036748329621380846 0.0163265306122449
42 0.36414253897550114 0.20244897959183675 0.028953229398663696 0.024489795918367346
93 0.35579064587973275 0.32816326530612244 0.012249443207126948 0.044081632653061226
42 0.8101336302895323 0.15632653061224488 0.030066815144766147 0.02040816326530612
95 0.7978841870824054 0.18040816326530612 0.06570155902004454 0.014693877551020407
38 0.767260579064588 0.2693877551020408 0.026726057906458798 0.022040816326530613
1 0.36971046770601335 0.43020408163265306 0.0400890868596882 0.019591836734693877
42 0.3769487750556793 0.39387755102040817 0.05456570155902005 0.05142857142857143
35 0.8791759465478842 0.43510204081632653 0.034521158129175944 0.009795918367346938
1 0.8608017817371938 0.19306122448979593 0.066815144766147 0.03428571428571429
1 0.8641425389755011 0.3004081632653061 0.07126948775055679 0.03346938775510204
1 0.08574610244988864 0.5963265306122449 0.051224944320712694 0.05795918367346939
1 0.13140311804008908 0.6963265306122449 0.08685968819599109 0.035918367346938776
1 0.21380846325167038 0.6751020408163265 0.08685968819599109 0.035918367346938776
1 0.13697104677060135 0.7853061224489796 0.08240534521158129 0.037551020408163265
1 0.2143652561247216 0.8036734693877551 0.06792873051224944 0.03346938775510204
1 0.2433184855233853 0.5983673469387755 0.04788418708240535 0.05795918367346939
1 0.33351893095768376 0.6551020408163265 0.03229398663697105 0.036734693877551024
25 0.32293986636971045 0.9330612244897959 0.053452115812917596 0.05061224489795919
42 0.012249443207126948 0.8473469387755102 0.024498886414253896 0.024489795918367346
42 0.339086859688196 0.7110204081632653 0.021158129175946547 0.024489795918367346
25 0.33351893095768376 0.47551020408163264 0.03229398663697105 0.05142857142857143
1 0.24665924276169265 0.8979591836734694 0.07238307349665925 0.036734693877551024
1 0.33797327394209353 0.8726530612244898 0.02338530066815145 0.03428571428571429
42 0.25111358574610243 0.7481632653061224 0.08240534521158129 0.04897959183673469
42 0.09298440979955457 0.7436734693877551 0.0779510022271715 0.05551020408163265
86 0.13697104677060135 0.8114285714285714 0.030066815144766147 0.027755102040816326
86 0.22605790645879734 0.8718367346938776 0.034521158129175944 0.027755102040816326
42 0.5679287305122495 0.503265306122449 0.045657015590200446 0.02857142857142857
42 0.6737193763919822 0.5853061224489796 0.034521158129175944 0.027755102040816326
42 0.5679287305122495 0.6236734693877551 0.04120267260579064 0.031020408163265307
42 0.5695991091314031 0.7444897959183674 0.03897550111358575 0.027755102040816326
3 0.4086859688195991 0.6751020408163265 0.0378619153674833 0.022040816326530613
3 0.4287305122494432 0.7959183673469388 0.04120267260579064 0.02122448979591837
3 0.3908685968819599 0.5546938775510204 0.031180400890868598 0.019591836734693877
64 0.4860801781737194 0.9922448979591837 0.03897550111358575 0.015510204081632653
7 0.6414253897550112 0.7195918367346938 0.030066815144766147 0.044081632653061226
42 0.6737193763919822 0.7057142857142857 0.035634743875278395 0.031020408163265307
79 0.9432071269487751 0.7918367346938775 0.034521158129175944 0.017959183673469388
22 0.982739420935412 0.7930612244897959 0.01670378619153675 0.02040816326530612
22 0.9816258351893096 0.6722448979591836 0.01670378619153675 0.017959183673469388
79 0.9415367483296214 0.6710204081632654 0.034521158129175944 0.017142857142857144
29 0.5684855233853007 0.7861224489795918 0.0334075723830735 0.031020408163265307
29 0.5690423162583519 0.6644897959183673 0.042316258351893093 0.03346938775510204
29 0.5673719376391982 0.5448979591836735 0.036748329621380846 0.03428571428571429
42 0.6759465478841871 0.4648979591836735 0.036748329621380846 0.026122448979591838
7 0.64086859688196 0.48 0.028953229398663696 0.035918367346938776
7 0.6425389755011136 0.6016326530612245 0.031180400890868598 0.03836734693877551
79 0.9393095768374164 0.5514285714285714 0.0378619153674833 0.0163265306122449