46 0.017837235228539576 0.06938775510204082 0.03567447045707915 0.0326530612244898
46 0.09866220735785954 0.036326530612244896 0.03567447045707915 0.03428571428571429
64 0.5167224080267558 0.17755102040816326 0.03901895206243032 0.04
42 0.6465997770345596 0.18979591836734694 0.08472686733556299 0.06775510204081632
93 0.5919732441471572 0.2559183673469388 0.0758082497212932 0.054693877551020405
42 0.9704570791527313 0.15714285714285714 0.059085841694537344 0.061224489795918366
47 0.41638795986622074 0.11591836734693878 0.014492753623188406 0.022857142857142857
3 0.653288740245262 0.1273469387755102 0.04124860646599777 0.04
39 0.9843924191750278 0.08938775510204082 0.03121516164994426 0.012244897959183673
39 0.5217391304347826 0.2057142857142857 0.033444816053511704 0.009795918367346938
39 0.5217391304347826 0.1493877551020408 0.028985507246376812 0.009795918367346938
42 0.44871794871794873 0.045714285714285714 0.046822742474916385 0.03183673469387755
68 0.6465997770345596 0.09061224489795919 0.032329988851727984 0.014693877551020407
68 0.5819397993311036 0.044897959183673466 0.01560758082497213 0.022040816326530613
42 0.2798216276477146 0.9926530612244898 0.044593088071348944 0.014693877551020407
86 0.3573021181716834 0.9779591836734693 0.05239687848383501 0.04
49 0.6878483835005574 0.7044897959183674 0.10256410256410256 0.08
42 0.8193979933110368 0.7559183673469387 0.08695652173913043 0.062040816326530614
42 0.7976588628762542 0.6204081632653061 0.08361204013377926 0.06285714285714286
42 0.9604236343366778 0.5804081632653061 0.07915273132664437 0.062040816326530614
42 0.9453734671125975 0.4489795918367347 0.08249721293199554 0.03918367346938775
25 0.9810479375696767 0.98 0.0379041248606466 0.04
42 0.6287625418060201 0.5085714285714286 0.046822742474916385 0.031020408163265307
25 0.5891861761426979 0.6204081632653061 0.0903010033444816 0.06693877551020408
74 0.8996655518394648 0.5375510204081633 0.057971014492753624 0.08653061224489796
22 0.8177257525083612 0.506938775510204 0.0379041248606466 0.029387755102040815
3 0.9063545150501672 0.7048979591836735 0.054626532887402456 0.05714285714285714
48 0.8662207357859532 0.6677551020408163 0.042363433667781496 0.031020408163265307
96 0.8422519509476031 0.7044897959183674 0.03567447045707915 0.027755102040816326