25 0.5284552845528455 0.15791599353796446 0.07886178861788617 0.025848142164781908
42 0.382520325203252 0.194264943457189 0.07357723577235772 0.02544426494345719
42 0.20934959349593496 0.22819063004846526 0.08333333333333333 0.03150242326332795
25 0.20365853658536584 0.26696284329563813 0.08577235772357723 0.027463651050080775
46 0.6613821138211382 0.2403069466882068 0.02886178861788618 0.01332794830371567
49 0.38170731707317074 0.1583198707592892 0.07723577235772358 0.027463651050080775
93 0.967479674796748 0.1732633279483037 0.05447154471544716 0.051696284329563816
93 0.7329268292682927 0.172859450726979 0.046341463414634146 0.051696284329563816
93 0.8589430894308943 0.29361873990306947 0.052845528455284556 0.05250403877221325
42 0.9215447154471544 0.24353796445880452 0.030894308943089432 0.033925686591276254
8 0.9288617886178862 0.12722132471728595 0.05365853658536585 0.033117932148626815
22 0.8349593495934959 0.12197092084006463 0.026016260162601626 0.022617124394184167
22 0.9211382113821138 0.19022617124394184 0.026016260162601626 0.024232633279483037
22 0.36910569105691055 0.34894991922455576 0.025609756097560974 0.029079159935379646
1 0.3203252032520325 0.327140549273021 0.032520325203252036 0.014539579967689823
94 0.30691056910569103 0.46365105008077545 0.06138211382113821 0.023021001615508886
42 0.17886178861788618 0.5205977382875606 0.03577235772357724 0.034329563812600966
86 0.08902439024390243 0.37035541195476573 0.03861788617886179 0.03796445880452343
39 0.13821138211382114 0.5197899838449112 0.016260162601626018 0.033521809369951534
22 0.40772357723577235 0.5480613893376414 0.02804878048780488 0.025040387722132473
46 0.44227642276422763 0.5096930533117933 0.02967479674796748 0.025848142164781908
46 0.6195121951219512 0.4507269789983845 0.03861788617886179 0.02827140549273021
86 0.48902439024390243 0.5331179321486268 0.03008130081300813 0.034329563812600966
94 0.4268292682926829 0.5908723747980614 0.054878048780487805 0.025040387722132473
39 0.21829268292682927 0.5197899838449112 0.02032520325203252 0.035137318255250405
42 0.2910569105691057 0.4886914378029079 0.030894308943089432 0.029079159935379646
86 0.34227642276422765 0.3525848142164782 0.02804878048780488 0.03796445880452343
46 0.4056910569105691 0.6167205169628432 0.023983739837398373 0.046445880452342485
49 0.916260162601626 0.49676898222940225 0.08292682926829269 0.0791599353796446
25 0.8878048780487805 0.3780290791599354 0.07804878048780488 0.06785137318255251
42 0.7731707317073171 0.38206785137318255 0.06666666666666667 0.06623586429725363
42 0.7634146341463415 0.6122778675282714 0.04065040650406504 0.035541195476575124
42 0.7264227642276423 0.6163166397415186 0.03333333333333333 0.03715670436187399
42 0.8154471544715447 0.5452342487883683 0.06666666666666667 0.06946688206785137
3 0.7443089430894309 0.4979806138933764 0.03170731707317073 0.04765751211631664
48 0.774390243902439 0.4620355411954766 0.02926829268292683 0.033117932148626815
96 0.7926829268292683 0.4975767366720517 0.026829268292682926 0.023424878836833602