25 0.5058398220244716 0.27632805219012113 0.07563959955506118 0.045200372786579686
42 0.36624026696329254 0.3397017707362535 0.0703559510567297 0.04473438956197577
42 0.20050055617352613 0.39888164026095063 0.07981090100111235 0.054520037278657965
25 0.19521690767519467 0.4664492078285182 0.08231368186874305 0.04799627213420317
46 0.6334816462736373 0.41985088536812676 0.027808676307007785 0.023299161230195712
49 0.3654060066740823 0.27632805219012113 0.07397107897664071 0.04799627213420317
25 0.8779199110122358 0.5046598322460392 0.08398220244716352 0.10904007455731593
9 0.7516685205784205 0.5037278657968313 0.08620689655172414 0.11090400745573159
42 0.8364849833147943 0.9813606710158435 0.03114571746384872 0.03727865796831314
42 0.7522246941045606 0.9459459459459459 0.030589543937708564 0.048462255358807084
42 0.7511123470522804 0.9874184529356943 0.02836484983314794 0.02516309412861137
42 0.6943826473859844 0.8741845293569431 0.029477196885428252 0.0521901211556384
42 0.7369299221357063 0.5801491146318732 0.03225806451612903 0.04193849021435228
42 0.7366518353726362 0.630475302889096 0.03170189098998888 0.05498602050326188
42 0.828420467185762 0.5778191985088537 0.03281423804226919 0.03727865796831314
42 0.768075639599555 0.6756756756756757 0.017797552836484983 0.0260950605778192
42 0.7844827586206896 0.8984156570363467 0.01946607341490545 0.027958993476234855
1 0.8743047830923248 0.5694315004659832 0.024471635150166853 0.02050326188257223
95 0.9004449388209121 0.6640260950605779 0.013348164627363738 0.05684995340167754
3 0.7683537263626251 0.565237651444548 0.021690767519466074 0.012115563839701771
96 0.7875417130144605 0.5633737185461324 0.017797552836484983 0.008387698042870456
48 0.7791991101223582 0.581547064305685 0.014460511679644048 0.04473438956197577
48 0.7947719688542826 0.9906803355079217 0.012235817575083427 0.01863932898415657
56 0.7074527252502781 0.9016775396085741 0.013348164627363738 0.02982292637465051