25 0.19165757906215922 0.26281453867660765 0.08342420937840785 0.04193849021435228
42 0.3456924754634678 0.20410065237651445 0.0776990185387132 0.041472506989748366
42 0.5286259541984732 0.14864864864864866 0.08805888767720829 0.05079217148182665
25 0.5346237731733915 0.08574091332712022 0.09078516902944384 0.04473438956197577
46 0.0509814612868048 0.12954333643988816 0.030534351145038167 0.02190121155638397
49 0.3465103598691385 0.26234855545200375 0.08151581243184297 0.04473438956197577
22 0.8214285714285714 0.11183597390493942 0.024536532170119956 0.04100652376514446
93 0.7595419847328244 0.06011183597390494 0.019629225736095966 0.06989748369058714
46 0.8830425299890948 0.06244175209692451 0.03380588876772083 0.036346691519105315
42 0.7881679389312977 0.11556383970177074 0.019629225736095966 0.03727865796831314
1 0.7660850599781898 0.1691519105312209 0.022355507088331516 0.06430568499534017
86 0.802071973827699 0.21528424976700838 0.024536532170119956 0.03727865796831314
42 0.7682660850599782 0.8243243243243243 0.03707742639040349 0.0754892823858341
42 0.7688113413304253 0.7199440820130475 0.03816793893129771 0.07362534948741846
30 0.8293347873500545 0.8252562907735321 0.013631406761177753 0.04100652376514446
30 0.8293347873500545 0.7204100652376515 0.013631406761177753 0.046598322460391424
46 0.9318429661941112 0.5242311276794035 0.028353326063249727 0.010251630941286114
46 0.787350054525627 0.5256290773532153 0.025081788440567066 0.0130475302889096
39 0.8991275899672846 0.5740913327120224 0.019629225736095966 0.0195712954333644