25 0.1380681818181818 0.287977632805219 0.05994318181818182 0.04613233923578751
42 0.24886363636363637 0.22367194780987884 0.055965909090909094 0.045666356011183594
42 0.38039772727272725 0.16309412861137 0.06335227272727273 0.05591798695246971
25 0.3849431818181818 0.09412861136999068 0.06534090909090909 0.048928238583411
46 0.03664772727272727 0.14212488350419386 0.021875 0.023765144454799627
49 0.24943181818181817 0.287977632805219 0.058522727272727275 0.048928238583411
93 0.8363636363636363 0.3592730661696179 0.040340909090909094 0.06896551724137931
46 0.884090909090909 0.37371854613233924 0.021022727272727273 0.05312208760484623
93 0.8838068181818182 0.25256290773532153 0.0375 0.12581547064305684
42 0.6193181818181818 0.35228331780055916 0.022727272727272728 0.036346691519105315
22 0.6181818181818182 0.5456663560111836 0.017613636363636363 0.03821062441752097
22 0.6181818181818182 0.4119291705498602 0.020454545454545454 0.03821062441752097
22 0.6181818181818182 0.2954333643988816 0.017613636363636363 0.036346691519105315
46 0.61875 0.4874184529356943 0.02159090909090909 0.05498602050326188
46 0.6465909090909091 0.38676607642124883 0.03068181818181818 0.035414725069897485
1 0.66875 0.2618825722273998 0.048863636363636366 0.05405405405405406
93 0.6829545454545455 0.18872320596458528 0.03920454545454546 0.06523765144454799
47 0.7 0.4874184529356943 0.014772727272727272 0.0521901211556384
86 0.6678977272727272 0.4869524697110904 0.020454545454545454 0.034482758620689655