25 0.2851851851851852 0.1165938864628821 0.06231884057971015 0.031004366812227076
42 0.37214170692431564 0.1737991266375546 0.06151368760064412 0.028820960698689956
42 0.4537842190016103 0.24192139737991267 0.0752012882447665 0.03275109170305677
25 0.5466988727858293 0.24366812227074236 0.06602254428341385 0.03318777292576419
46 0.4534621578099839 0.03580786026200873 0.028663446054750404 0.020087336244541485
46 0.4824476650563607 0.06419213973799126 0.0322061191626409 0.011353711790393014
49 0.2855072463768116 0.17423580786026202 0.06586151368760064 0.030131004366812226
39 0.40901771336553944 0.015283842794759825 0.01932367149758454 0.015283842794759825
54 0.8017713365539453 0.026200873362445413 0.0499194847020934 0.05240174672489083
57 0.8028985507246377 0.1794759825327511 0.04895330112721417 0.1406113537117904
26 0.8030595813204509 0.33930131004366815 0.0537842190016103 0.06026200873362445
46 0.4391304347826087 0.588646288209607 0.009017713365539453 0.07117903930131005
42 0.544122383252818 0.3746724890829694 0.00676328502415459 0.010480349344978166
42 0.48808373590982285 0.5427947598253275 0.009500805152979066 0.05327510917030567
42 0.4293075684380032 0.40480349344978167 0.007407407407407408 0.048034934497816595
1 0.5146537842190017 0.4366812227074236 0.00853462157809984 0.08078602620087336
1 0.4185185185185185 0.3799126637554585 0.01320450885668277 0.02096069868995633
93 0.4706924315619968 0.5179039301310043 0.015619967793880838 0.07991266375545851
7 0.4887278582930757 0.38471615720524016 0.008695652173913044 0.03056768558951965
22 0.48760064412238324 0.6043668122270742 0.007407407407407408 0.03406113537117904
22 0.4294685990338164 0.46899563318777293 0.006924315619967794 0.04148471615720524
93 0.5380032206119163 0.4550218340611354 0.01497584541062802 0.08733624454148471
42 0.4639291465378422 0.3838427947598253 0.015136876006441223 0.028820960698689956
86 0.5106280193236715 0.5580786026200873 0.00853462157809984 0.06157205240174673
86 0.5497584541062802 0.43799126637554586 0.007890499194847021 0.055458515283842796
86 0.4101449275362319 0.43799126637554586 0.011594202898550725 0.055458515283842796
38 0.5848631239935588 0.46812227074235807 0.010305958132045089 0.04890829694323144
39 0.5847020933977456 0.6183406113537118 0.00998389694041868 0.05589519650655022
40 0.5845410628019324 0.7672489082969433 0.00966183574879227 0.03406113537117904
52 0.5853462157809984 0.9152838427947598 0.011272141706924315 0.050655021834061134
6 0.8624798711755234 0.46899563318777293 0.02640901771336554 0.07248908296943231
55 0.8626409017713366 0.6200873362445415 0.028019323671497585 0.07598253275109171
83 0.8621578099838969 0.7685589519650655 0.03671497584541063 0.09344978165938865
86 0.8624798711755234 0.9039301310043668 0.04186795491143317 0.10043668122270742