25 0.11332227750138198 0.097856477166822 0.04975124378109453 0.08108108108108109
42 0.205085682697623 0.012115563839701771 0.04643449419568822 0.024231127679403542
49 0.20591487009397458 0.09739049394221808 0.048645660585959094 0.08574091332712022
42 0.41652846876727473 0.08247903075489282 0.013819789939192924 0.02702702702702703
42 0.41708126036484244 0.33271202236719477 0.014925373134328358 0.027958993476234855
42 0.2603648424543947 0.972972972972973 0.016030956329463792 0.03075489282385834
42 0.2600884466556108 0.9035414725069898 0.015478164731896076 0.024231127679403542
42 0.23797678275290216 0.940354147250699 0.01658374792703151 0.023299161230195712
46 0.2136539524599226 0.9841565703634669 0.014925373134328358 0.03168685927306617
29 0.20287451630735212 0.8760484622553588 0.03150912106135987 0.03168685927306617
22 0.21393034825870647 0.9123951537744641 0.014372581536760642 0.02516309412861137
22 0.21420674405749032 0.8415657036346692 0.01105583195135434 0.023299161230195712
46 0.21420674405749032 0.7963653308480895 0.01105583195135434 0.03075489282385834
1 0.177722498618021 0.9468779123951537 0.035378662244333885 0.035414725069897485
1 0.23327805417357655 0.8299161230195713 0.03150912106135987 0.033550792171481825
46 0.1558872305140962 0.9841565703634669 0.012161415146489774 0.03168685927306617
47 0.15478164731896074 0.9161230195712954 0.013819789939192924 0.03727865796831314
42 0.18297401879491432 0.8364398881640261 0.028192371475953566 0.05312208760484623
56 0.10751796572692095 0.84762348555452 0.014372581536760642 0.032618825722273995
42 0.11995577667219458 0.8755824790307549 0.029297954671088998 0.05032618825722274
95 0.1498065229408513 0.6234855545200373 0.009950248756218905 0.04473438956197577
46 0.1597567716970702 0.608574091332712 0.02045328911000553 0.01863932898415657
46 0.12548369264787176 0.5848089468779124 0.01105583195135434 0.02702702702702703
46 0.12576008844665562 0.5615097856477167 0.010503040353786623 0.01863932898415657