25 0.41058394160583944 0.1989748369058714 0.10583941605839416 0.08387698042870456
42 0.5583941605839416 0.35414725069897485 0.10462287104622871 0.0782851817334576
49 0.41119221411192214 0.3550792171481827 0.11192214111922141 0.08201304753028892
25 0.7135036496350365 0.3811742777260019 0.06934306569343066 0.05405405405405406
42 0.7141119221411192 0.2982292637465051 0.058394160583941604 0.048462255358807084
42 0.9744525547445255 0.10764212488350419 0.051094890510948905 0.047530288909599254
1 0.8692214111922141 0.19478098788443615 0.07542579075425791 0.03168685927306617
22 0.8680048661800487 0.12628145386766076 0.0267639902676399 0.01863932898415657
22 0.9263990267639902 0.16775396085740912 0.025547445255474453 0.021435228331780055
7 0.9227493917274939 0.11835973904939422 0.0364963503649635 0.0521901211556384
93 0.7049878345498783 0.2096924510717614 0.052311435523114354 0.04287045666356011
42 0.7001216545012166 0.1244175209692451 0.0340632603406326 0.02516309412861137
42 0.8126520681265207 0.12534948741845295 0.032846715328467155 0.02516309412861137
42 0.9251824817518248 0.22041006523765144 0.027980535279805353 0.022367194780987885
46 0.49391727493917276 0.5591798695246971 0.025547445255474453 0.02050326188257223
65 0.016423357664233577 0.6444547996272134 0.032846715328467155 0.05125815470643057
25 0.020072992700729927 0.7758620689655172 0.040145985401459854 0.047530288909599254
25 0.020072992700729927 0.8420316868592731 0.040145985401459854 0.05125815470643057
42 0.48418491484184917 0.9422180801491147 0.06082725060827251 0.04100652376514446
42 0.6313868613138686 0.8341099720410066 0.06204379562043796 0.049394221808014914
49 0.01824817518248175 0.9431500465983225 0.0364963503649635 0.048462255358807084