49 0.6154289004029937 0.03571428571428571 0.028785261945883708 0.07142857142857142
49 0.6162924582613701 0.3431919642857143 0.027058146229130685 0.10602678571428571
93 0.08232584916522741 0.16350446428571427 0.04145077720207254 0.0859375
42 0.12492803684513529 0.38058035714285715 0.04951065054691998 0.09151785714285714
86 0.5086355785837651 0.17801339285714285 0.022452504317789293 0.041294642857142856
22 0.5616004605641911 0.2728794642857143 0.02648244099021301 0.036830357142857144
93 0.47524467472654003 0.29520089285714285 0.04778353483016695 0.08370535714285714
46 0.08232584916522741 0.5245535714285714 0.014968336211859529 0.029017857142857144
22 0.20322394933793897 0.47544642857142855 0.027633851468048358 0.04017857142857143
22 0.12118595279217041 0.4732142857142857 0.018998272884283247 0.03794642857142857
56 0.18739205526770294 0.24497767857142858 0.02648244099021301 0.041294642857142856
29 0.16234887737478412 0.4453125 0.03223949337938975 0.11607142857142858
42 0.15947035118019573 0.2857142857142857 0.04432930339666091 0.09151785714285714
25 0.7383419689119171 0.06919642857142858 0.03742084052964882 0.06584821428571429
25 0.7481289579735175 0.40066964285714285 0.03626943005181347 0.06696428571428571
25 0.9634427173287277 0.14955357142857142 0.0333909038572251 0.06473214285714286
25 0.8382268278641336 0.4955357142857143 0.03511801957397812 0.06696428571428571
49 0.7481289579735175 0.21372767857142858 0.03684513529073115 0.06473214285714286
22 0.784398388025331 0.08370535714285714 0.014392630972941854 0.029017857142857144
95 0.641335636154289 0.33872767857142855 0.012665515256188831 0.0546875
42 0.8146229130685089 0.14787946428571427 0.037996545768566495 0.06584821428571429
42 0.8578008059873344 0.15290178571428573 0.03684513529073115 0.07142857142857142
42 0.6986183074265976 0.21261160714285715 0.04317789291882556 0.06808035714285714
42 0.9044329303396661 0.15625 0.037996545768566495 0.07142857142857142
42 0.7823834196891192 0.49720982142857145 0.037996545768566495 0.06584821428571429
94 0.6419113413932067 0.33761160714285715 0.012665515256188831 0.05915178571428571
39 0.6686816350028785 0.3286830357142857 0.008635578583765112 0.036830357142857144
39 0.8589522164651698 0.06584821428571429 0.010362694300518135 0.020089285714285716
42 0.917098445595855 0.80859375 0.03223949337938975 0.06361607142857142
1 0.9073114565342545 0.8805803571428571 0.03684513529073115 0.044642857142857144
93 0.7334484743811168 0.8973214285714286 0.03051237766263673 0.05133928571428571
42 0.6922855497985032 0.9358258928571429 0.014392630972941854 0.030133928571428572
1 0.6588946459412781 0.8805803571428571 0.039723661485319514 0.044642857142857144
7 0.6928612550374208 0.77734375 0.018998272884283247 0.06584821428571429
7 0.8721934369602763 0.7762276785714286 0.014968336211859529 0.0546875
22 0.8416810592976396 0.7823660714285714 0.011514104778353483 0.033482142857142856
42 0.8140472078295913 0.78125 0.017846862406447898 0.027901785714285716
22 0.7251007484168106 0.7818080357142857 0.010938399539435808 0.025669642857142856
42 0.7527345998848589 0.78125 0.015544041450777202 0.026785714285714284
42 0.6516983304548072 0.8125 0.029936672423719057 0.05915178571428571
42 0.874496257915947 0.9352678571428571 0.012665515256188831 0.03125