49 0.28787306384586325 0.016741071428571428 0.036267472610502456 0.033482142857142856
49 0.39799773328296184 0.015066964285714286 0.035889686437476385 0.030133928571428572
86 0.3422742727616169 0.21316964285714285 0.013978088401964487 0.04352678571428571
22 0.37438609746883267 0.11049107142857142 0.012466943709860219 0.05133928571428571
93 0.38194182092935397 0.2779017857142857 0.028333962976955042 0.09263392857142858
25 0.5885908575746128 0.43080357142857145 0.029467321496033247 0.05803571428571429
42 0.6777483944087647 0.38002232142857145 0.029089535323007176 0.08705357142857142
42 0.6501700037778617 0.42857142857142855 0.029467321496033247 0.0625
47 0.7344163203626747 0.29464285714285715 0.011333585190782017 0.06138392857142857
46 0.7092935398564413 0.21149553571428573 0.012844729882886286 0.06696428571428571
46 0.7087268605969022 0.3783482142857143 0.013978088401964487 0.06361607142857142
46 0.6885153003400075 0.4458705357142857 0.021533811862485833 0.027901785714285716
87 0.6985266339251983 0.29073660714285715 0.03362296939931998 0.07700892857142858