86 0.2781828379136287 0.10017123287671233 0.02075154234436343 0.03339041095890411
22 0.32585530005608526 0.021404109589041095 0.018508132361189006 0.039383561643835614
93 0.3370723499719574 0.14982876712328766 0.04206393718452047 0.07106164383561644
63 0.6146943353897925 0.056934931506849314 0.03028603477285474 0.07277397260273973
50 0.666573191250701 0.06035958904109589 0.049355019629837356 0.07277397260273973
59 0.7310712282669658 0.05736301369863014 0.049355019629837356 0.0779109589041096
51 0.7947279865395401 0.05607876712328767 0.045429052159282106 0.07534246575342465
60 0.8586651710600112 0.05736301369863014 0.050476724621424565 0.06934931506849315
42 0.6758272574312956 0.9678938356164384 0.03196859226023556 0.046232876712328765
96 0.7195737521031969 0.9858732876712328 0.01682557487380819 0.028253424657534245
3 0.7397644419517667 0.9845890410958904 0.019068984856982614 0.030821917808219176
42 0.7394840157038699 0.884417808219178 0.016264722378014584 0.023972602739726026
42 0.7167694896242288 0.8300513698630136 0.03028603477285474 0.04195205479452055
42 0.7047111609646662 0.740582191780822 0.030846887268648347 0.04280821917808219
56 0.783510936623668 0.6832191780821918 0.014021312394840156 0.025684931506849314
42 0.7955692652832305 0.709332191780822 0.02860347728547392 0.045376712328767124
42 0.85614133482894 0.6785102739726028 0.027481772293886708 0.04794520547945205
42 0.769209197980931 0.9657534246575342 0.02860347728547392 0.046232876712328765
48 0.7271452607964105 0.9619006849315068 0.014021312394840156 0.01797945205479452
46 0.8325855300056085 0.8095034246575342 0.014021312394840156 0.03424657534246575
47 0.8314638250140213 0.7461472602739726 0.014021312394840156 0.029965753424657533
1 0.8471676948962423 0.7705479452054794 0.020190689848569827 0.02054794520547945
46 0.8925967470555244 0.809931506849315 0.016264722378014584 0.031678082191780824
42 0.9153112731351655 0.7675513698630136 0.015703869882220976 0.02482876712328767
29 0.8813796971396523 0.7080479452054794 0.034212002243409985 0.025684931506849314
42 0.9383062254627033 0.7996575342465754 0.01346045989904655 0.031678082191780824
42 0.9371845204711161 0.7358732876712328 0.014582164890633763 0.026541095890410957
22 0.89035333707235 0.7422945205479452 0.014021312394840156 0.018835616438356163
22 0.8917554683118339 0.6767979452054794 0.012899607403252944 0.018835616438356163
46 0.8906337633202468 0.6374143835616438 0.014582164890633763 0.031678082191780824
1 0.9057767807066741 0.6618150684931506 0.018508132361189006 0.019691780821917807
42 0.7403252944475603 0.6044520547945206 0.03140773976444195 0.04366438356164384
42 0.7103196859226023 0.6832191780821918 0.017386427369601793 0.023972602739726026
42 0.6573191250701066 0.6168664383561644 0.029725182277061134 0.04280821917808219
25 0.6564778463264161 0.5492294520547946 0.03309029725182277 0.019691780821917807
2 0.7117218171620864 0.5826198630136986 0.01514301738642737 0.02910958904109589
96 0.6895681435782389 0.5847602739726028 0.014021312394840156 0.021404109589041095
48 0.6988222097588335 0.6078767123287672 0.015703869882220976 0.021404109589041095