49 0.3446126447016919 0.26729910714285715 0.01068566340160285 0.10602678571428571
86 0.2664737310774711 0.10212053571428571 0.017364203027604632 0.041294642857142856
22 0.30743544078361534 0.19698660714285715 0.020480854853072127 0.036830357142857144
93 0.2406500445235975 0.21930803571428573 0.03695458593054319 0.08370535714285714
22 0.030276046304541407 0.39955357142857145 0.0213713268032057 0.04017857142857143
56 0.018032056990204808 0.16908482142857142 0.020480854853072127 0.041294642857142856
29 0.005565449688334817 0.36941964285714285 0.011130899376669634 0.11607142857142858
42 0.006678539626001781 0.20982142857142858 0.013357079252003561 0.09151785714285714
42 0.9162956366874443 0.07087053571428571 0.03695458593054319 0.09486607142857142
42 0.9973285841495992 0.2611607142857143 0.005342831700801425 0.05580357142857143
1 0.9779608192341941 0.22265625 0.03784505788067676 0.04575892857142857
86 0.9570347284060552 0.13337053571428573 0.016918967052537846 0.046875
86 0.9632680320569902 0.30078125 0.023597506678539625 0.046875
42 0.2166073018699911 0.5016741071428571 0.02315227070347284 0.06361607142857142
56 0.2288512911843277 0.47377232142857145 0.01313446126447017 0.027901785714285716
25 0.3633125556544969 0.5245535714285714 0.026714158504007122 0.049107142857142856