86 0.3413932066781808 0.17684210526315788 0.021301093839953943 0.04105263157894737
22 0.3903281519861831 0.08 0.018998272884283247 0.04842105263157895
93 0.40184225676453655 0.23789473684210527 0.04317789291882556 0.08736842105263158
35 0.7901554404145078 0.32263157894736844 0.01669545192861255 0.0431578947368421
35 0.8845710995970063 0.3547368421052632 0.01669545192861255 0.04
1 0.9234312032239493 0.25 0.03684513529073115 0.04631578947368421
42 0.8143350604490501 0.12368421052631579 0.039723661485319514 0.06842105263157895
25 0.8137593552101324 0.2373684210526316 0.03626943005181347 0.06842105263157895
93 0.8601036269430051 0.23526315789473684 0.027633851468048358 0.05157894736842105
42 0.8845710995970063 0.2831578947368421 0.017271157167530225 0.029473684210526315
42 0.883419689119171 0.2036842105263158 0.017846862406447898 0.03263157894736842
42 0.8137593552101324 0.0431578947368421 0.03684513529073115 0.06315789473684211
39 0.7723085780080599 0.04368421052631579 0.010938399539435808 0.023157894736842106
39 0.7783534830166955 0.2431578947368421 0.0057570523891767415 0.02736842105263158
17 0.9499136442141624 0.23526315789473684 0.013816925734024179 0.049473684210526316
39 0.8454231433506045 0.0431578947368421 0.012089810017271158 0.034736842105263156