49 0.7340241796200345 0.4185267857142857 0.05839378238341959 0.10681919642857148
49 0.7332009211283822 0.743783482142857 0.053459988485895296 0.10681919642857148
69 0.9034484743811169 0.42012276785714286 0.048526194588370736 0.0844977678571429
69 0.9030339666090961 0.740591517857143 0.04440990213010931 0.08131696428571418
25 0.2640011514104778 0.12914062499999998 0.049343696027633874 0.09565848214285715
46 0.14721358664363846 0.24474330357142857 0.026315486470926873 0.027109375000000022
93 0.1858721934369603 0.5644084821428571 0.041122625215889504 0.08609374999999998
25 0.071139896373057 0.6122433035714286 0.05016695451928612 0.10523437499999996
42 0.07155440414507773 0.7645089285714286 0.05592400690846287 0.11001116071428564
42 0.2286355785837651 0.78125 0.049343696027633874 0.09247767857142845
42 0.0180944156591825 0.6919642857142857 0.036188831318365 0.09247767857142845
86 0.6123028209556707 0.5787611607142857 0.022204951065054785 0.04145089285714291
22 0.6653483016695452 0.6736272321428572 0.026315486470926908 0.03667410714285703
93 0.578992515831894 0.6959486607142857 0.04770293609671849 0.0844977678571429
39 0.036188831318365 0.32924107142857145 0.023028209556706966 0.02710937499999996
39 0.07237190558434083 0.871328125 0.016447898675877953 0.04623883928571436
46 0.1858721934369603 0.9430803571428571 0.014801381692573423 0.0653683035714285
22 0.30677029360967184 0.8761160714285714 0.02796200345423143 0.039854910714285756
22 0.22493379389752446 0.8737276785714286 0.01891767415083478 0.038270089285714244
56 0.29113989637305693 0.6457254464285714 0.026315486470926873 0.04145089285714297
29 0.26605641911341393 0.8458258928571428 0.032072538860103646 0.11639508928571425
42 0.26317789291882554 0.6863839285714286 0.044409902130109376 0.0908816964285715