42 0.1971790443293034 0.7190378710337769 0.031088082901554404 0.07164790174002048
42 0.26424870466321243 0.6745138178096213 0.03051237766263673 0.062436028659160696
42 0.3471502590673575 0.8321392016376663 0.017846862406447898 0.038894575230296824
42 0.32498560736902704 0.7901740020470829 0.017271157167530225 0.032753326509723645
42 0.34772596430627517 0.7523029682702149 0.018998272884283247 0.044012282497441144
46 0.2993667242371906 0.8433981576253838 0.017271157167530225 0.05424769703172978
46 0.2990788716177317 0.6305015353121801 0.017846862406447898 0.044012282497441144
46 0.23862982153137594 0.5076765609007164 0.028785261945883708 0.033776867963152504
46 0.2360391479562464 0.8439099283520982 0.01669545192861255 0.04196519959058342
1 0.25877950489349455 0.797338792221085 0.033966609096142776 0.04503582395087001
1 0.20610247553252733 0.4641760491299898 0.023028209556706966 0.0593654042988741
1 0.3175014392630973 0.6622313203684749 0.033966609096142776 0.03991811668372569
22 0.2970639032815199 0.7589559877175026 0.015544041450777202 0.027635619242579325
22 0.2976396085204375 0.676560900716479 0.013816925734024179 0.02354145342886387
94 0.2282671272308578 0.5235414534288638 0.010362694300518135 0.0593654042988741
47 0.2337363270005757 0.7635619242579325 0.013241220495106506 0.048106448311156604
47 0.27518710420264825 0.7338792221084954 0.0005757052389176742 0.0010235414534288639
29 0.28756476683937826 0.7200614124872057 0.0333909038572251 0.04605936540429888
56 0.18393782383419688 0.691914022517912 0.014968336211859529 0.037871033776867964
42 0.6839378238341969 0.8787103377686797 0.03166378814047208 0.05424769703172978
42 0.7820955670696603 0.8393039918116684 0.03166378814047208 0.05629477993858751
42 0.7607944732297064 0.5511770726714432 0.033966609096142776 0.062436028659160696
42 0.6681059297639609 0.49283520982599793 0.0333909038572251 0.0593654042988741
42 0.6632124352331606 0.6960081883316275 0.017271157167530225 0.02456499488229273
42 0.805699481865285 0.6499488229273286 0.015544041450777202 0.030706243602865915
42 0.6753022452504318 0.9263050153531218 0.017271157167530225 0.0255885363357216
42 0.7533103051237766 0.9268167860798362 0.015544041450777202 0.02968270214943705
3 0.7366148531951641 0.4672466734902764 0.01957397812320092 0.04196519959058342
93 0.7619458837075418 0.7574206755373593 0.02936096718480138 0.05629477993858751
93 0.7728842832469776 0.6402251791197543 0.028785261945883708 0.05322415557830092
93 0.7435233160621761 0.9887410440122825 0.03051237766263673 0.022517911975435005
47 0.6073690270581462 0.6939611054247697 0.024179620034542316 0.021494370522006142
47 0.8327576280944157 0.6509723643807575 0.014392630972941854 0.04196519959058342
47 0.7521588946459413 0.8751279426816786 0.023028209556706966 0.02354145342886387
1 0.8045480713874497 0.9744114636642784 0.02475532527345999 0.0511770726714432
1 0.791594703511802 0.4616171954964176 0.025331030512377662 0.06345957011258956
1 0.7141623488773747 0.8239508700102354 0.02360391479562464 0.06755373592630501
17 0.8909038572251008 0.9314227226202662 0.011514104778353483 0.048106448311156604
42 0.7334484743811168 0.6028659160696008 0.01669545192861255 0.028659160696008188
42 0.8753598157743235 0.9257932446264073 0.012665515256188831 0.027635619242579325
17 0.7063903281519862 0.7794268167860798 0.023028209556706966 0.02354145342886387
35 0.6436384571099597 0.8858751279426816 0.01957397812320092 0.037871033776867964
86 0.7849740932642487 0.9866939611054247 0.013241220495106506 0.02661207778915046
39 0.6646516983304548 0.6003070624360286 0.013241220495106506 0.027635619242579325
96 0.7121473805411629 0.46366427840327534 0.017271157167530225 0.03480040941658137
48 0.7210708117443869 0.49334698055271237 0.015544041450777202 0.03480040941658137
39 0.8747841105354058 0.9032753326509724 0.015544041450777202 0.019447287615148412