49 0.38113413304252997 0.20535714285714285 0.05561613958560523 0.10714285714285714
49 0.3803162486368593 0.5033482142857143 0.05070883315158124 0.05133928571428571
69 0.5417121046892039 0.20703125 0.04580152671755725 0.08370535714285714
69 0.5411668484187568 0.5078125 0.04198473282442748 0.04241071428571429
86 0.2658124318429662 0.36551339285714285 0.021264994547437296 0.041294642857142856
22 0.3159760087241003 0.4603794642857143 0.025081788440567066 0.036830357142857144
93 0.23418756815703382 0.48270089285714285 0.04525627044711014 0.08370535714285714
25 0.8135223555070883 0.05133928571428571 0.03326063249727372 0.06919642857142858
25 0.8969465648854962 0.15345982142857142 0.03162486368593239 0.06696428571428571
25 0.8871319520174482 0.46595982142857145 0.03271537622682661 0.07254464285714286
42 0.8334242093784079 0.46707589285714285 0.030534351145038167 0.05580357142857143
42 0.6079607415485279 0.49832589285714285 0.028353326063249727 0.06138392857142857
46 0.6093238822246456 0.060267857142857144 0.023991275899672846 0.030133928571428572
46 0.715103598691385 0.22600446428571427 0.019083969465648856 0.027901785714285716
95 0.710741548527808 0.010044642857142858 0.014721919302071973 0.020089285714285716
17 0.613958560523446 0.11551339285714286 0.014176663031624863 0.049107142857142856
22 0.8497818974918212 0.39285714285714285 0.017993456924754635 0.026785714285714284
49 0.9073064340239912 0.5150669642857143 0.03816793893129771 0.027901785714285716
42 0.8454198473282443 0.15290178571428573 0.03326063249727372 0.07477678571428571
30 0.6008724100327154 0.0078125 0.011995637949836423 0.015625
95 0.6573064340239912 0.32979910714285715 0.03271537622682661 0.027901785714285716
96 0.8544165757906216 0.5234375 0.014176663031624863 0.011160714285714286
42 0.061068702290076333 0.6981026785714286 0.05234460196292257 0.1015625
22 0.16057797164667395 0.5970982142857143 0.021264994547437296 0.046875
22 0.17393675027262814 0.9626116071428571 0.023991275899672846 0.05022321428571429
93 0.20419847328244276 0.80859375 0.04089422028353326 0.09486607142857142
93 0.4956379498364231 0.9330357142857143 0.0539803707742639 0.08705357142857142
93 0.4585605234460196 0.7935267857142857 0.04798255179934569 0.08705357142857142
93 0.29716466739367503 0.9709821428571429 0.04907306434023991 0.05803571428571429
93 0.22273718647764448 0.6729910714285714 0.04252998909487459 0.08035714285714286
42 0.1717557251908397 0.89453125 0.021810250817884406 0.04017857142857143
1 0.14040348964013086 0.8493303571428571 0.0376226826608506 0.044642857142857144
7 0.3462377317339149 0.8387276785714286 0.028353326063249727 0.09486607142857142
7 0.4223009814612868 0.9241071428571429 0.024536532170119956 0.07142857142857142
7 0.1752998909487459 0.7209821428571429 0.024536532170119956 0.09821428571428571
42 0.26254089422028354 0.7293526785714286 0.022355507088331516 0.041294642857142856
42 0.27262813522355506 0.828125 0.04580152671755725 0.08705357142857142
42 0.5062704471101418 0.8448660714285714 0.025627044711014176 0.04241071428571429
86 0.23446019629225737 0.7896205357142857 0.021264994547437296 0.03459821428571429
86 0.5340785169029444 0.9481026785714286 0.020719738276990186 0.05022321428571429
86 0.42202835332606325 0.7952008928571429 0.022355507088331516 0.04017857142857143
86 0.38386041439476554 0.7751116071428571 0.019629225736095966 0.044642857142857144
86 0.1134133042529989 0.9229910714285714 0.021810250817884406 0.05022321428571429
86 0.11259541984732824 0.7645089285714286 0.027808069792802616 0.04017857142857143
86 0.28326063249727373 0.9168526785714286 0.021810250817884406 0.049107142857142856
86 0.2262813522355507 0.6227678571428571 0.018538713195201745 0.04241071428571429
86 0.2208287895310796 0.5541294642857143 0.027808069792802616 0.04575892857142857
42 0.15703380588876772 0.5396205357142857 0.020719738276990186 0.021205357142857144
1 0.6941112322791713 0.7806919642857143 0.04798255179934569 0.05915178571428571
42 0.747546346782988 0.7176339285714286 0.020719738276990186 0.049107142857142856
42 0.8473282442748091 0.7946428571428571 0.04798255179934569 0.09375
42 0.8462377317339149 0.6434151785714286 0.04798255179934569 0.08370535714285714
42 0.9111232279171211 0.6422991071428571 0.04252998909487459 0.08928571428571429
42 0.9732824427480916 0.6422991071428571 0.04471101417666303 0.08816964285714286
86 0.7791712104689203 0.7745535714285714 0.020719738276990186 0.04017857142857143
25 0.8470556161395856 0.9598214285714286 0.0430752453653217 0.08035714285714286
42 0.7494547437295529 0.8526785714285714 0.017993456924754635 0.04017857142857143
1 0.6946564885496184 0.8978794642857143 0.05234460196292257 0.056919642857142856
94 0.7603598691384951 0.9609375 0.0430752453653217 0.033482142857142856