42 0.2940340909090909 0.13976608187134504 0.044886363636363634 0.10058479532163743
42 0.25369318181818185 0.2614035087719298 0.045454545454545456 0.09239766081871345
42 0.196875 0.2590643274853801 0.05454545454545454 0.11461988304093568
39 0.1965909090909091 0.18538011695906434 0.023295454545454546 0.031578947368421054
39 0.19829545454545455 0.3333333333333333 0.022727272727272728 0.023391812865497075
25 0.33494318181818183 0.2590643274853801 0.05227272727272727 0.1064327485380117
93 0.89375 0.17134502923976608 0.040340909090909094 0.08654970760233918
46 0.8460227272727273 0.15321637426900586 0.021022727272727273 0.06666666666666667
93 0.8463068181818182 0.30526315789473685 0.0375 0.15789473684210525
30 0.6659090909090909 0.795906432748538 0.06136363636363636 0.044444444444444446
71 0.5701704545454546 0.7941520467836257 0.08636363636363636 0.2584795321637427
97 0.47897727272727275 0.795906432748538 0.038636363636363635 0.09707602339181287