42 0.2082850521436848 0.16375545851528384 0.04577056778679027 0.07510917030567686
42 0.1671494785631518 0.254585152838428 0.046349942062572425 0.06899563318777292
42 0.10921205098493626 0.25283842794759825 0.055619930475086905 0.08558951965065502
39 0.10892236384704519 0.1978165938864629 0.023754345307068367 0.023580786026200874
39 0.11066048667439166 0.308296943231441 0.023174971031286212 0.017467248908296942
25 0.25 0.25283842794759825 0.05330243337195829 0.0794759825327511
13 0.5234646581691773 0.20305676855895197 0.03476245654692932 0.04104803493449782
93 0.592989571263036 0.02576419213973799 0.042294322132097335 0.05152838427947598
46 0.4666859791425261 0.09606986899563319 0.03476245654692932 0.03056768558951965
25 0.9652375434530707 0.09912663755458516 0.039397450753186555 0.08296943231441048
39 0.6138470451911935 0.2816593886462882 0.02607184241019699 0.023580786026200874
39 0.6376013904982619 0.09475982532751091 0.015643105446118192 0.03056768558951965
39 0.5182502896871379 0.015283842794759825 0.023754345307068367 0.011353711790393014
39 0.529837775202781 0.09606986899563319 0.014484356894553883 0.02445414847161572
58 0.3235805330243337 0.8419213973799127 0.09269988412514485 0.14585152838427948
54 0.190324449594438 0.8397379912663755 0.08922363847045191 0.13537117903930132
57 0.06141367323290846 0.8423580786026201 0.093279258400927 0.13275109170305677