42 0.07547169811320754 0.10458167330677291 0.049170954831332186 0.07868525896414343
42 0.1349342481417953 0.1752988047808765 0.04516866781017725 0.0796812749003984
42 0.13379073756432247 0.2749003984063745 0.05603201829616924 0.09561752988047809
39 0.09777015437392796 0.27539840637450197 0.015437392795883362 0.04083665338645418
39 0.1700971983990852 0.27241035856573703 0.011435105774728416 0.0398406374501992
46 0.341052029731275 0.3256972111553785 0.020011435105774727 0.04880478087649402
1 0.4125214408233276 0.41334661354581675 0.020011435105774727 0.053784860557768925
22 0.43281875357347055 0.27589641434262946 0.0137221269296741 0.04183266932270916
42 0.43024585477415667 0.19621513944223107 0.018867924528301886 0.0796812749003984
25 0.13350485991995426 0.03934262948207171 0.05202973127501429 0.07868525896414343
42 0.44368210405946257 0.23256972111553784 0.008004574042309892 0.07470119521912351
42 0.4471126357918811 0.4362549800796813 0.014865637507146942 0.06772908366533864
25 0.4911377930245855 0.23157370517928286 0.03887935963407661 0.08366533864541832
3 0.45368782161234994 0.3610557768924303 0.02715837621497999 0.04780876494023904
66 0.5220125786163522 0.3092629482071713 0.04373927958833619 0.08515936254980079
48 0.4451114922813036 0.33266932270916333 0.010863350485991996 0.029880478087649404
96 0.4525443110348771 0.31324701195219123 0.015151515151515152 0.053286852589641436
42 0.06832475700400228 0.897410358565737 0.0440251572327044 0.07569721115537849
42 0.24013722126929674 0.9750996015936255 0.046883933676386505 0.049800796812749
46 0.4016580903373356 0.9965139442231076 0.02115494568324757 0.0069721115537848604
42 0.14865637507146942 0.9043824701195219 0.0548885077186964 0.09262948207171315
23 0.04345340194396798 0.9606573705179283 0.015437392795883362 0.030876494023904383
23 0.126357918810749 0.975597609561753 0.017724413950829045 0.029880478087649404
23 0.19068038879359633 0.9870517928286853 0.017724413950829045 0.025896414342629483
23 0.35591766723842194 0.9935258964143426 0.017724413950829045 0.012948207171314742
23 0.04173813607775872 0.8316733067729084 0.015437392795883362 0.03286852589641434
23 0.12435677530017153 0.8326693227091634 0.017152658662092625 0.03386454183266932