42 0.1292435973793925 0.16358463726884778 0.05122096486003574 0.112375533428165
42 0.19118522930315665 0.26458036984352773 0.04705181655747469 0.11379800853485064
42 0.18999404407385348 0.406827880512091 0.058368076235854674 0.13655761024182078
39 0.15247170935080406 0.40753911806543386 0.016081000595592615 0.05832147937411095
39 0.22781417510422872 0.40327169274537694 0.011911852293031567 0.05689900426742532
25 0.1896962477665277 0.06330014224751067 0.054198927933293624 0.12660028449502134
22 0.37998808814770696 0.3762446657183499 0.02025014889815366 0.02702702702702703
42 0.3790946992257296 0.5469416785206259 0.01846337105419893 0.03556187766714083
42 0.3790946992257296 0.2844950213371266 0.016378796902918404 0.02631578947368421
1 0.4178082191780822 0.49644381223328593 0.05122096486003574 0.04551920341394026
1 0.4178082191780822 0.34210526315789475 0.048838594401429423 0.03982930298719772
95 0.3793924955330554 0.3207681365576102 0.019058963668850508 0.021337126600284494
35 0.433591423466349 0.705547652916074 0.029184038117927337 0.03840682788051209
46 0.3787969029184038 0.4523470839260313 0.014889815366289458 0.041963015647226175
25 0.04586063132817153 0.8819345661450925 0.022632519356759976 0.05689900426742532
46 0.04705181655747469 0.9359886201991465 0.01072066706372841 0.04267425320056899
42 0.20190589636688505 0.8812233285917497 0.023823704586063133 0.051209103840682786
3 0.06908874329958309 0.9708392603129445 0.02144133412745682 0.03982930298719772
79 0.012805241215008934 0.968705547652916 0.016676593210244194 0.029871977240398292
29 0.20399047051816557 0.9530583214793741 0.019654556283502083 0.05547652916073969
42 0.2605717689100655 0.8193456614509246 0.02084574151280524 0.03982930298719772
7 0.24389517569982133 0.8470839260312945 0.014889815366289458 0.06258890469416785
101 0.8174508636092912 0.8997155049786629 0.06372840976771887 0.20056899004267426