42 0.5906720741599073 0.2658371040723982 0.03447276940903824 0.016402714932126698
64 0.477694090382387 0.19513574660633484 0.02085747392815759 0.011312217194570135
86 0.41367323290845887 0.030542986425339366 0.01853997682502897 0.00904977375565611
73 0.4481460023174971 0.01753393665158371 0.026361529548088066 0.034502262443438916
25 0.05822711471610661 0.47228506787330315 0.03447276940903824 0.07070135746606335
25 0.28447276940903826 0.6176470588235294 0.03157589803012746 0.06843891402714933
93 0.3299536500579374 0.35180995475113125 0.02607184241019699 0.05373303167420815
93 0.14571263035921206 0.6131221719457014 0.026651216685979143 0.057126696832579184
42 0.3186558516801854 0.6170814479638009 0.028389339513325607 0.060520361990950226
42 0.2639049826187717 0.5067873303167421 0.028968713789107765 0.05938914027149321
42 0.33748551564310547 0.45531674208144796 0.014484356894553883 0.028846153846153848
42 0.2812862108922364 0.3501131221719457 0.016222479721900347 0.031108597285067874
1 0.11239860950173812 0.6136877828054299 0.027230590961761298 0.028846153846153848
46 0.2149478563151796 0.5130090497737556 0.023754345307068367 0.031108597285067874
46 0.23377752027809964 0.623868778280543 0.010139049826187718 0.040158371040723985
46 0.30243337195828507 0.5231900452488688 0.016222479721900347 0.01583710407239819
1 0.32300115874855156 0.4111990950226244 0.020567786790266513 0.0661764705882353
22 0.2801274623406721 0.4004524886877828 0.010139049826187718 0.024886877828054297
22 0.30619930475086904 0.45305429864253394 0.013325608342989572 0.023755656108597284
22 0.3537079953650058 0.5588235294117647 0.01216685979142526 0.02262443438914027
7 0.27549246813441486 0.4479638009049774 0.033893395133256086 0.03676470588235294
95 0.1552723059096176 0.3269230769230769 0.024913093858632676 0.026583710407239818
42 0.33603707995365006 0.5588235294117647 0.015643105446118192 0.03223981900452489
42 0.33603707995365006 0.5016968325791855 0.02954808806488992 0.0582579185520362
42 0.05880648899188876 0.6170814479638009 0.0388180764774044 0.07183257918552036
35 0.20017381228273465 0.6430995475113123 0.015643105446118192 0.03676470588235294
30 0.5811123986095017 0.5130090497737556 0.06257242178447277 0.042986425339366516
71 0.6787369640787949 0.5147058823529411 0.0880648899188876 0.25
97 0.776361529548088 0.5124434389140271 0.0492468134414832 0.09389140271493213
18 0.8681923522595597 0.5118778280542986 0.01853997682502897 0.07239819004524888