42 0.14403381642512075 0.10510668563300142 0.03399355877616749 0.0489900426742532
42 0.401682769726248 0.18096728307254623 0.06978260869565218 0.11221906116642957
42 0.4853301127214171 0.2813371266002845 0.0635185185185186 0.11379800853485064
42 0.48398550724637684 0.42358463726884776 0.07872785829307566 0.13593172119487906
39 0.4329951690821256 0.42436699857752486 0.02147342995169088 0.05847795163584639
39 0.534975845410628 0.4204267425320057 0.01610305958132045 0.05689900426742532
46 0.7756280193236715 0.4962873399715505 0.028631239935587718 0.06954480796586057
1 0.8762721417069242 0.6219345661450925 0.02772946859903386 0.07743954480796594
22 0.9098228663446055 0.42516358463726883 0.028631239935587718 0.060056899004267465
22 0.9787117552334943 0.5713655761024182 0.030418679549114494 0.048990042674253116
56 0.9411352657004832 0.13751066856330013 0.037576489533011334 0.047411095305832165
29 0.9768276972624799 0.3903840682788051 0.04454911433172297 0.11695590327169278
42 0.9214492753623189 0.31136557610241816 0.06619967793880821 0.11379800853485064
25 0.48398550724637684 0.07823613086770982 0.07335748792270523 0.13118065433854909
42 0.9714170692431562 0.18776671408250356 0.0571658615136876 0.10810810810810811