42 0.09203296703296704 0.40992018244013684 0.043406593406593405 0.09806157354618016
42 0.13104395604395605 0.2913340935005701 0.04395604395604396 0.09007981755986318
42 0.185989010989011 0.2936145952109464 0.05274725274725275 0.11174458380843785
39 0.18626373626373627 0.3654503990877993 0.022527472527472527 0.03078677309007982
39 0.18461538461538463 0.22120866590649943 0.02197802197802198 0.02280501710376283
25 0.05247252747252747 0.2936145952109464 0.05054945054945055 0.10376282782212087
93 0.5986263736263736 0.26966932725199544 0.04065934065934066 0.08779931584948689
42 0.6494505494505495 0.12029646522234892 0.02142857142857143 0.052451539338654506
95 0.6804945054945055 0.018244013683010263 0.01703296703296703 0.036488027366020526
39 0.6307692307692307 0.3637400228050171 0.016483516483516484 0.04104903078677309
86 0.7002747252747252 0.48346636259977194 0.022527472527472527 0.011402508551881414