25 0.8944411590774689 0.43372781065088756 0.03784742755765819 0.06863905325443787
42 0.8335304553518628 0.4307692307692308 0.033707865168539325 0.0650887573964497
42 0.7953873447664104 0.3698224852071006 0.03075103489059728 0.05798816568047337
42 0.7696629213483146 0.47692307692307695 0.028385570668243643 0.06390532544378698
25 0.7519219396806623 0.36745562130177517 0.03548196333530455 0.07810650887573964
42 0.7448255470136014 0.5112426035502958 0.01596688350088705 0.03076923076923077
22 0.830869308101715 0.51301775147929 0.014192785334121822 0.02485207100591716
38 0.794795978710822 0.46745562130177515 0.017740981667652277 0.028402366863905324
22 0.842400946185689 0.005917159763313609 0.013601419278533412 0.011834319526627219
22 0.8441750443524542 0.08106508875739644 0.011827321111768185 0.03905325443786982
42 0.8412182140745121 0.0378698224852071 0.017740981667652277 0.036686390532544376
93 0.7498521584861029 0.01893491124260355 0.0319337670017741 0.0378698224852071
42 0.8749260792430514 0.5142011834319526 0.01478415138971023 0.03195266272189349
95 0.8574807806031933 0.5011834319526627 0.010644589000591367 0.06982248520710059
38 0.7930218805440568 0.4686390532544379 0.01596688350088705 0.028402366863905324
1 0.6643997634535778 0.04082840236686391 0.03784742755765819 0.05325443786982249
42 0.7028385570668244 0.046153846153846156 0.03725606150206978 0.07455621301775148
35 0.6664695446481372 0.5846153846153846 0.018923713778829097 0.03076923076923077
39 0.6215257244234181 0.08579881656804733 0.013601419278533412 0.03195266272189349
1 0.8480189237137788 0.5662721893491124 0.024837374334713187 0.06745562130177515
1 0.770254287403903 0.5668639053254438 0.02424600827912478 0.06627218934911243