42 0.15198618307426598 0.2650356778797146 0.04260218767990789 0.0800203873598369
1 0.529936672423719 0.34811416921508664 0.0256188831318365 0.039755351681957186
42 0.5060449050086355 0.2640163098878695 0.044905008635578586 0.08307849133537207
25 0.5060449050086355 0.11009174311926606 0.04605641911341393 0.08613659531090724
46 0.7348877374784111 0.06269113149847094 0.02648244099021301 0.024464831804281346
93 0.7737478411053541 0.35423037716615696 0.04087507196315487 0.07849133537206932
25 0.6588946459412781 0.3980632008154944 0.05008635578583765 0.09582059123343527
42 0.6594703511801957 0.5076452599388379 0.055843408175014396 0.04281345565749235
42 0.816350028785262 0.5193679918450561 0.04951065054691998 0.019367991845056064
39 0.6327000575705239 0.1396534148827727 0.0057570523891767415 0.024464831804281346
56 0.8788140472078296 0.4286442405708461 0.02648244099021301 0.03771661569826707
42 0.8508923431203224 0.4658511722731906 0.04432930339666091 0.08256880733944955
42 0.6997697179044329 0.6009174311926605 0.046632124352331605 0.07747196738022426
42 0.7645365572826712 0.6034658511722731 0.04548071387449626 0.07747196738022426
30 0.6994818652849741 0.7186544342507645 0.025906735751295335 0.0254841997961264
30 0.7642487046632125 0.7186544342507645 0.028785261945883708 0.0254841997961264
46 0.8900402993667242 0.9113149847094801 0.016119746689694875 0.053007135575942915
46 0.9136442141623489 0.9928644240570846 0.02072538860103627 0.014271151885830785
46 0.8888888888888888 0.6406727828746177 0.016119746689694875 0.046890927624872576
39 0.8546344271732873 0.8496432212028542 0.012089810017271158 0.03669724770642202