22 0.25185551707075704 0.6480169971671388 0.01830776843146957 0.023371104815864022
22 0.22983671449777338 0.6104815864022662 0.014101929737753587 0.023371104815864022
22 0.22835230084116773 0.5446175637393768 0.012122711528946067 0.031161473087818695
42 0.23132112815437902 0.5786118980169972 0.01830776843146957 0.02903682719546742
42 0.29886194952993567 0.6487252124645893 0.01707075705096487 0.0226628895184136
93 0.32533399307273625 0.6012747875354107 0.03290450272142504 0.04603399433427762
7 0.2268678871845621 0.646600566572238 0.03414151410192974 0.026912181303116147
1 0.4136566056407719 0.5764872521246459 0.03908955962394854 0.04178470254957507
42 0.3740722414646215 0.5722379603399433 0.03834735279564572 0.058781869688385266
35 0.4482929242949035 0.6402266288951841 0.01880257298367145 0.037535410764872525
39 0.4579416130628402 0.5410764872521246 0.014101929737753587 0.025495750708215296
25 0.582384957941613 0.7259206798866855 0.03859475507174666 0.11048158640226628
42 0.6640277090549233 0.8441926345609065 0.04106877783275606 0.11898016997167139
42 0.6991588322612569 0.6423512747875354 0.03809995051954478 0.11048158640226628
42 0.6630380999505195 0.726628895184136 0.03859475507174666 0.12464589235127478
46 0.73948540326571 0.9256373937677054 0.01880257298367145 0.08498583569405099
47 0.7733795150915388 0.5339943342776204 0.014844136566056407 0.07932011331444759
46 0.7404750123701138 0.42847025495750707 0.01682335477486393 0.08498583569405099
46 0.739732805541811 0.6402266288951841 0.01830776843146957 0.08073654390934844
46 0.7120237506185056 0.8406515580736544 0.027709054923305294 0.03824362606232295
46 0.7135081642751113 0.7287535410764873 0.028203859475507173 0.039660056657223795
87 0.7253834735279565 0.9936260623229461 0.0425531914893617 0.012747875354107648
87 0.7263730826323602 0.5290368271954674 0.04403760514596734 0.09773371104815864