25 0.10544611819235226 0.7323144104803494 0.031286210892236384 0.04716157205240175
25 0.10602549246813442 0.7842794759825328 0.03186558516801854 0.0462882096069869
25 0.10631517960602549 0.8951965065502183 0.028968713789107765 0.050655021834061134
25 0.10718424101969873 0.977292576419214 0.030127462340672075 0.045414847161572056
42 0.3429895712630359 0.6131004366812227 0.02085747392815759 0.03406113537117904
42 0.32734646581691773 0.645414847161572 0.0220162224797219 0.0314410480349345
42 0.32792584009269987 0.7462882096069869 0.0220162224797219 0.0314410480349345
46 0.29374275782155274 0.4576419213973799 0.011587485515643106 0.01572052401746725
46 0.2824449594438007 0.540174672489083 0.015643105446118192 0.020087336244541485
42 0.26622247972190033 0.611353711790393 0.026651216685979143 0.04890829694323144
46 0.30677867902665124 0.7462882096069869 0.014484356894553883 0.01572052401746725
46 0.29374275782155274 0.8200873362445414 0.01216685979142526 0.028820960698689956
34 0.3342989571263036 0.7100436681222707 0.04577056778679027 0.03056768558951965
65 0.10718424101969873 0.6039301310043668 0.034183082271147164 0.05502183406113537
49 0.10544611819235226 0.8353711790393014 0.034183082271147164 0.04017467248908297
69 0.9881228273464658 0.8768558951965065 0.023754345307068367 0.13100436681222707
58 0.8873117033603708 0.874235807860262 0.09269988412514485 0.14585152838427948
54 0.7540556199304751 0.8720524017467249 0.08864426419466975 0.13537117903930132
57 0.6251448435689455 0.8746724890829695 0.09385863267670916 0.13275109170305677
26 0.5043453070683661 0.8755458515283843 0.06894553881807648 0.14585152838427948