42 0.03214596003475239 0.34761120263591433 0.06429192006950478 0.12191103789126853
42 0.8192875760208514 0.2528830313014827 0.04865334491746308 0.09390444810543658
1 0.8045178105994787 0.35914332784184516 0.05560382276281494 0.06589785831960461
93 0.5421372719374457 0.38385502471169686 0.046046915725456126 0.0757825370675453
42 0.4800173761946134 0.44069192751235586 0.021720243266724587 0.044481054365733116
1 0.42962641181581235 0.35914332784184516 0.05994787141615986 0.06589785831960461
7 0.4808861859252824 0.20675453047775946 0.02780191138140747 0.09719934102141681
7 0.7515204170286707 0.20510708401976935 0.023457862728062554 0.08072487644151564
22 0.7054735013032146 0.214168039538715 0.01737619461337967 0.047775947281713346
42 0.6637706342311034 0.21252059308072488 0.02693310165073849 0.04118616144975288
22 0.5295395308427454 0.21334431630971992 0.016507384882710686 0.03789126853377265
42 0.5712423979148566 0.21252059308072488 0.023457862728062554 0.039538714991762765
42 0.41876629018245004 0.2586490939044481 0.046046915725456126 0.08731466227347612
42 0.7549956559513467 0.43986820428336076 0.019113814074717638 0.047775947281713346
60 0.7988705473501303 0.7257001647446458 0.03214596003475239 0.05601317957166392
1 0.43918331885317113 0.8624382207578254 0.03735881841876629 0.1070840197693575
42 0.49391833188531714 0.9308072487644151 0.029539530842745437 0.057660626029654036
1 0.547784535186794 0.9728171334431631 0.035621198957428324 0.054365733113673806
42 0.6251086012163336 0.929159802306425 0.030408340573414423 0.05601317957166392
25 0.766724587315378 0.7825370675453048 0.05473501303214596 0.09555189456342669
39 0.9904430929626412 0.5963756177924218 0.019113814074717638 0.032948929159802305