42 0.08210251954821894 0.2604485219164118 0.023023457862728063 0.07849133537206932
1 0.2858384013900956 0.3419979612640163 0.013900955690703735 0.03924566768603466
42 0.2728062554300608 0.2594291539245668 0.02432667245873154 0.08154943934760449
25 0.2728062554300608 0.10805300713557595 0.02476107732406603 0.08511722731906218
46 0.6385751520417029 0.39602446483180426 0.03475238922675934 0.029561671763506627
46 0.6433536055603822 0.5040774719673802 0.038227628149435276 0.03160040774719674
29 0.7554300608166812 0.4847094801223242 0.03388357949609035 0.06116207951070336
47 0.7072111207645526 0.39398572884811417 0.03388357949609035 0.02854230377166157
22 0.7202432667245873 0.5030581039755352 0.026064291920069503 0.03363914373088685
22 0.7893136403127715 0.5015290519877675 0.018245004344048653 0.026503567787971458
46 0.8318853171155517 0.5030581039755352 0.03388357949609035 0.029561671763506627
42 0.794092093831451 0.44240570846075433 0.05560382276281494 0.05198776758409786
56 0.7797567332754127 0.30479102956167176 0.036490008688097306 0.02854230377166157
42 0.7545612510860121 0.32772680937818555 0.051259774109470024 0.05198776758409786
42 0.4834926151172893 0.25382262996941896 0.043440486533449174 0.04892966360856269
42 0.5317115551694179 0.2558613659531091 0.046046915725456126 0.05504587155963303
42 0.4800173761946134 0.09123343527013252 0.046046915725456126 0.053007135575942915
25 0.37706342311033886 0.09174311926605505 0.052128583840139006 0.06829765545361875
49 0.37706342311033886 0.1636085626911315 0.06168549087749783 0.0652395514780836
42 0.573414422241529 0.1982670744138634 0.02432667245873154 0.034658511722731905
49 0.36533449174630755 0.0254841997961264 0.051259774109470024 0.0509683995922528
1 0.6781059947871416 0.43730886850152906 0.038227628149435276 0.06931702344546381
1 0.8006081668114683 0.5127420998980632 0.03388357949609035 0.014271151885830785
42 0.8635968722849696 0.07033639143730887 0.044309296264118156 0.06320081549439348
25 0.9417897480451781 0.06880733944954129 0.05386620330147698 0.060142711518858305
49 0.9752389226759339 0.13302752293577982 0.04952215464813206 0.07033639143730887
42 0.7801911381407471 0.1707441386340469 0.030408340573414423 0.03669724770642202
42 0.8227628149435273 0.2222222222222222 0.043440486533449174 0.04994903160040775
42 0.8731537793223284 0.22477064220183487 0.04778453518679409 0.04994903160040775
3 0.4635099913119027 0.20081549439347604 0.03909643788010426 0.029561671763506627
3 0.8935708079930496 0.17227319062181448 0.03388357949609035 0.03058103975535168
49 0.4887054735013032 0.17787971457696228 0.020851433536055605 0.021406727828746176
49 0.8666377063423111 0.14780835881753313 0.02519548218940052 0.0254841997961264
96 0.46090356211989575 0.1600407747196738 0.022589052997393572 0.026503567787971458
96 0.8922675933970461 0.13200815494393475 0.022589052997393572 0.026503567787971458
42 0.026064291920069503 0.6498470948012233 0.052128583840139006 0.07849133537206932
93 0.07645525629887055 0.7252803261977574 0.05560382276281494 0.06829765545361875
93 0.20764552562988706 0.8613659531090724 0.059079061685490875 0.06625891946992865
42 0.1520417028670721 0.7828746177370031 0.036490008688097306 0.03873598369011213
42 0.26542137271937444 0.7828746177370031 0.036490008688097306 0.03669724770642202
8 0.02693310165073849 0.7737003058103975 0.035621198957428324 0.0672782874617737
22 0.32841007819287577 0.7833843017329256 0.022589052997393572 0.029561671763506627
22 0.021285838401390096 0.8914373088685015 0.02432667245873154 0.0326197757390418
22 0.0947002606429192 0.7833843017329256 0.026064291920069503 0.0326197757390418