42 0.016507384882710686 0.32526881720430106 0.03301476976542137 0.09946236559139784
1 0.5990443092962641 0.42943548387096775 0.04083405734144222 0.04973118279569892
42 0.5612510860121633 0.3245967741935484 0.07124239791485665 0.10349462365591398
25 0.5612510860121633 0.13306451612903225 0.07298001737619461 0.10752688172043011
25 0.6715899218071243 0.09408602150537634 0.05386620330147698 0.07526881720430108
49 0.6724587315377932 0.20766129032258066 0.05560382276281494 0.08736559139784947
42 0.7723718505647263 0.10215053763440861 0.04865334491746308 0.07661290322580645
42 0.7758470894874022 0.3272849462365591 0.04865334491746308 0.0739247311827957
42 0.8245004344048653 0.3293010752688172 0.03909643788010426 0.08198924731182795
42 0.8649000868809731 0.25268817204301075 0.020851433536055605 0.04838709677419355
42 0.8649000868809731 0.35551075268817206 0.022589052997393572 0.04435483870967742
47 0.8987836663770634 0.35685483870967744 0.020851433536055605 0.04838709677419355
42 0.8132059079061685 0.4254032258064516 0.04865334491746308 0.0846774193548387
93 0.7441355343179844 0.4549731182795699 0.05039096437880104 0.07258064516129033
35 0.922241529105126 0.1639784946236559 0.03301476976542137 0.04973118279569892
25 0.9865334491746307 0.4442204301075269 0.02693310165073849 0.0846774193548387
42 0.91876629018245 0.44086021505376344 0.04865334491746308 0.07526881720430108
3 0.7532580364900087 0.25201612903225806 0.038227628149435276 0.043010752688172046
96 0.7549956559513467 0.2056451612903226 0.026064291920069503 0.036290322580645164
48 0.7810599478714162 0.22782258064516128 0.02432667245873154 0.03763440860215054
42 0.8218940052128584 0.6370967741935484 0.01737619461337967 0.024193548387096774
39 0.8900955690703736 0.6021505376344086 0.019113814074717638 0.030913978494623656
39 0.9066029539530843 0.644489247311828 0.02693310165073849 0.009408602150537635
17 0.8566463944396178 0.6370967741935484 0.04170286707211121 0.024193548387096774
1 0.944396177237185 0.24731182795698925 0.03735881841876629 0.08736559139784947
25 0.6972198088618593 0.7681451612903226 0.04865334491746308 0.07123655913978495
42 0.8444830582102519 0.8313172043010753 0.04865334491746308 0.0739247311827957
42 0.9409209383145091 0.7647849462365591 0.045178105994787145 0.07123655913978495
42 0.9400521285838401 0.8387096774193549 0.051259774109470024 0.06451612903225806
42 0.9878366637706343 0.706989247311828 0.02432667245873154 0.04032258064516129
42 0.9900086880973067 0.7768817204301075 0.01998262380538662 0.04032258064516129
49 0.7814943527367506 0.7668010752688172 0.05560382276281494 0.0846774193548387
39 0.9908774978279756 0.8360215053763441 0.018245004344048653 0.03225806451612903
3 0.8770634231103388 0.7654569892473119 0.02432667245873154 0.05241935483870968
96 0.8410078192875761 0.7674731182795699 0.023457862728062554 0.030913978494623656
48 0.8579496090356212 0.7251344086021505 0.023457862728062554 0.03763440860215054