42 0.05042016806722689 0.2531578947368421 0.0468187274909964 0.07789473684210527
42 0.8151260504201681 0.44526315789473686 0.021608643457382955 0.04
46 0.8079231692677071 0.24789473684210525 0.024009603841536616 0.030526315789473683
46 0.8112244897959183 0.35947368421052633 0.026410564225690276 0.03263157894736842
42 0.8616446578631453 0.4468421052631579 0.021608643457382955 0.030526315789473683
29 0.8886554621848739 0.3394736842105263 0.0234093637454982 0.06315789473684211
47 0.8553421368547419 0.24578947368421053 0.0234093637454982 0.029473684210526315
22 0.8643457382953181 0.3589473684210526 0.01800720288115246 0.034736842105263156
22 0.9120648259303722 0.3568421052631579 0.012605042016806723 0.02736842105263158
46 0.9414765906362546 0.358421052631579 0.0234093637454982 0.030526315789473683
42 0.8394357743097239 0.4052631578947368 0.017406962785114045 0.035789473684210524
42 0.9153661464585834 0.29578947368421055 0.03841536614645858 0.05368421052631579
56 0.9054621848739496 0.15368421052631578 0.025210084033613446 0.029473684210526315
42 0.8880552220888356 0.1773684210526316 0.035414165666266505 0.05368421052631579
42 0.7007803121248499 0.10105263157894737 0.030012004801920768 0.05052631578947368
42 0.734093637454982 0.1031578947368421 0.03181272509003601 0.056842105263157895
49 0.6269507803121248 0.020526315789473684 0.042617046818727494 0.04105263157894737
42 0.762905162064826 0.04368421052631579 0.01680672268907563 0.035789473684210524
1 0.8352340936374549 0.2905263157894737 0.026410564225690276 0.07157894736842105
1 0.9201680672268907 0.3936842105263158 0.0234093637454982 0.06526315789473684
42 0.9054621848739496 0.016842105263157894 0.02100840336134454 0.03368421052631579
42 0.9351740696278511 0.06842105263157895 0.030012004801920768 0.05157894736842105
42 0.9699879951980792 0.07105263157894737 0.033013205282112844 0.05157894736842105
3 0.6869747899159664 0.04631578947368421 0.02701080432172869 0.030526315789473683
3 0.984093637454982 0.016842105263157894 0.0234093637454982 0.031578947368421054
49 0.7043817527010804 0.022631578947368423 0.014405762304921969 0.022105263157894735
96 0.6848739495798319 0.008947368421052631 0.015606242496998799 0.017894736842105262
46 0.2193877551020408 0.48157894736842105 0.018607442977190875 0.003157894736842105