39 0.3161801088570015 0.213718820861678 0.01632855022266205 0.036848072562358274
25 0.9767441860465116 0.38378684807256236 0.03859475507174666 0.08843537414965986
42 0.34388916378030676 0.9790249433106576 0.04057397328055418 0.04195011337868481
42 0.43295398317664524 0.8401360544217688 0.02177140029688273 0.05442176870748299
42 0.3686293913904008 0.5912698412698413 0.02078179119247897 0.04421768707482993
42 0.2756061355764473 0.7086167800453514 0.02375061850569025 0.04308390022675737
93 0.4903513112320633 0.641156462585034 0.03661553686293914 0.08049886621315193
22 0.4334487877288471 0.7687074829931972 0.015338941118258289 0.035147392290249435
22 0.4334487877288471 0.9115646258503401 0.017812963879267688 0.03968253968253968
86 0.47674418604651164 0.9909297052154195 0.022266204849084613 0.018140589569160998
46 0.5029688273132112 0.985827664399093 0.022266204849084613 0.02834467120181406
46 0.458683819891143 0.8820861678004536 0.022266204849084613 0.049886621315192746
1 0.47674418604651164 0.7363945578231292 0.0450272142503711 0.06689342403628118
29 0.42157347847600196 0.9903628117913832 0.04354280059376546 0.01927437641723356
42 0.38372093023255816 0.8985260770975056 0.042058386937159825 0.08843537414965986
22 0.23602177140029687 0.7097505668934241 0.017318159327065808 0.04308390022675737
22 0.17095497278574964 0.9132653061224489 0.014844136566056407 0.04081632653061224
1 0.19891142998515587 0.9829931972789115 0.028698664027709056 0.034013605442176874
1 0.19668480950024742 0.79421768707483 0.029688273132112815 0.11224489795918367
95 0.17243938644235526 0.8458049886621315 0.014844136566056407 0.07936507936507936
25 0.9455714992577932 0.70578231292517 0.026719445818901535 0.061224489795918366
25 0.9450766947055913 0.6383219954648526 0.027214250371103414 0.060090702947845805
42 0.7427016328550222 0.8605442176870748 0.017812963879267688 0.04421768707482993
42 0.7560613557644731 0.81859410430839 0.01880257298367145 0.04081632653061224
42 0.7555665512122711 0.687641723356009 0.01880257298367145 0.04081632653061224
46 0.7944087085601188 0.9552154195011338 0.013359722909450767 0.026077097505668934
42 0.8082632360217714 0.86281179138322 0.022761009401286492 0.06349206349206349
46 0.7736269173676398 0.687641723356009 0.012370113805047007 0.02040816326530612
46 0.7847600197921821 0.5918367346938775 0.010390895596239486 0.03741496598639456
34 0.7501237011380505 0.7346938775510204 0.03908955962394854 0.03968253968253968
65 0.9440870856011875 0.8724489795918368 0.029193468579910935 0.07142857142857142
49 0.9453240969816923 0.5833333333333334 0.029193468579910935 0.02834467120181406