39 0.2542016806722689 0.4288956127080182 0.012605042016806723 0.04084720121028744
42 0.7070828331332533 0.06656580937972768 0.019807923169267706 0.04387291981845688
42 0.7076830732292917 0.2329803328290469 0.02100840336134454 0.059001512859304085
42 0.6245498199279712 0.397125567322239 0.01920768307322929 0.0529500756429652
22 0.6800720288115246 0.39334341906202724 0.017406962785114045 0.03328290468986384
22 0.709483793517407 0.3048411497730711 0.017406962785114045 0.04236006051437216
22 0.7085834333733494 0.0045385779122541605 0.013805522208883553 0.009077155824508321
93 0.6452581032412965 0.02798789712556732 0.027611044417767107 0.05597579425113464
7 0.712484993997599 0.3956127080181543 0.035414165666266505 0.057488653555219364
35 0.9063625450180072 0.29122541603630864 0.018607442977190875 0.06354009077155824
42 0.8463385354141657 0.7291981845688351 0.03241296518607443 0.057488653555219364
42 0.8499399759903962 0.7299546142208775 0.028211284513805522 0.06656580937972768
42 0.7614045618247299 0.4863842662632375 0.028211284513805522 0.07110438729198185
93 0.8745498199279712 0.6210287443267776 0.04201680672268908 0.09833585476550681
46 0.6563625450180072 0.5801815431164902 0.036614645858343335 0.06959152798789713
93 0.7082833133253301 0.9773071104387292 0.0468187274909964 0.0453857791225416
93 0.8124249699879952 0.5779122541603631 0.04321728691476591 0.12254160363086233
7 0.8544417767106842 0.49924357034795763 0.04561824729891957 0.07413010590015129
42 0.8181272509003601 0.9636913767019667 0.05042016806722689 0.07261724659606657
22 0.7271908763505402 0.4848714069591528 0.02100840336134454 0.0529500756429652
86 0.803421368547419 0.6906202723146747 0.022809123649459785 0.06656580937972768
87 0.7490996398559424 0.9561270801815431 0.02581032412965186 0.08472012102874432