39 0.28767582049564633 0.04987046632124352 0.027461486939048894 0.027202072538860103
1 0.7789685197588747 0.03044041450777202 0.06296048225050234 0.06088082901554404
1 0.8580040187541862 0.031088082901554404 0.06430006697923643 0.06217616580310881
42 0.7337575351640991 0.4060880829015544 0.06764902880107167 0.10751295336787564
42 0.90589417280643 0.4060880829015544 0.06095110515740121 0.10751295336787564
42 0.9748827863362358 0.29533678756476683 0.05023442732752847 0.10621761658031088
39 0.5123911587407903 0.10233160621761658 0.0053583389149363695 0.04404145077720207
25 0.25753516409912924 0.5207253886010362 0.049229738780977896 0.03821243523316062
95 0.09343603482920294 0.5058290155440415 0.01707970529135968 0.033031088082901554
25 0.8107836570663094 0.7389896373056994 0.03884795713328868 0.08290155440414508
42 0.8091091761553918 0.8724093264248705 0.036838580040187544 0.07383419689119171
42 0.774614869390489 0.9559585492227979 0.03281982585398526 0.06735751295336788
42 0.8348961821835231 0.9902849740932642 0.03549899531145345 0.019430051813471502
22 0.8556597454789016 0.8782383419689119 0.01406563965170797 0.031088082901554404
38 0.8298727394507702 0.9572538860103627 0.016075016744809108 0.038860103626943004
22 0.5365036838580041 0.8996113989637305 0.016744809109176157 0.038860103626943004
22 0.5639651707970529 0.8523316062176166 0.016744809109176157 0.029792746113989636
22 0.6111855324849297 0.8490932642487047 0.022103148024112524 0.025906735751295335
42 0.5867381111855325 0.8555699481865285 0.020763563295378432 0.038860103626943004
42 0.535833891493637 0.9902849740932642 0.017414601473543203 0.019430051813471502
42 0.8563295378432686 0.7817357512953368 0.01808439383791025 0.03238341968911917
7 0.5371734762223711 0.8458549222797928 0.021433355659745478 0.07253886010362694
95 0.8489618218352311 0.8199481865284974 0.03951774949765573 0.023316062176165803
38 0.8305425318151373 0.961139896373057 0.016075016744809108 0.034974093264248704
1 0.5197588747488279 0.9494818652849741 0.020093770931011386 0.046632124352331605
1 0.8868050904219692 0.8400259067357513 0.04018754186202277 0.054404145077720206
1 0.8888144675150703 0.991580310880829 0.042866711319490956 0.01683937823834197