11 0.4252840909090909 0.16608187134502925 0.04602272727272727 0.10058479532163743
61 0.5213068181818182 0.1631578947368421 0.048863636363636366 0.10175438596491228
75 0.6196022727272728 0.1631578947368421 0.051704545454545454 0.09590643274853801
99 0.7161931818181818 0.1649122807017544 0.04659090909090909 0.09473684210526316
93 0.23892045454545455 0.5912280701754385 0.024431818181818183 0.07309941520467836
42 0.25681818181818183 0.6766081871345029 0.014204545454545454 0.008187134502923977
7 0.18153409090909092 0.6736842105263158 0.03125 0.014035087719298246
22 0.184375 0.3321637426900585 0.01534090909090909 0.025730994152046785
42 0.18380681818181818 0.39766081871345027 0.013352272727272727 0.04269005847953217
22 0.18409090909090908 0.6116959064327485 0.012215909090909092 0.02631578947368421
42 0.18380681818181818 0.5450292397660819 0.01278409090909091 0.03742690058479532
93 0.6227272727272727 0.8076023391812865 0.040340909090909094 0.08654970760233918
46 0.6704545454545454 0.8257309941520468 0.021022727272727273 0.06666666666666667
93 0.6701704545454545 0.6736842105263158 0.0375 0.15789473684210525
42 0.4056818181818182 0.7988304093567251 0.022727272727272728 0.0456140350877193
22 0.40454545454545454 0.8736842105263158 0.020454545454545454 0.047953216374269005
22 0.40454545454545454 0.7274853801169591 0.017613636363636363 0.0456140350877193
46 0.40511363636363634 0.9666666666666667 0.02159090909090909 0.06666666666666667
46 0.4329545454545455 0.8421052631578947 0.03068181818181818 0.044444444444444446
1 0.4551136363636364 0.6853801169590643 0.048863636363636366 0.06783625730994151
93 0.4693181818181818 0.5935672514619883 0.03920454545454546 0.08187134502923976
47 0.4863636363636364 0.9678362573099415 0.014772727272727272 0.06432748538011696
86 0.45426136363636366 0.9678362573099415 0.020454545454545454 0.04327485380116959
102 0.8329545454545455 0.34269005847953216 0.028409090909090908 0.04678362573099415