25 0.47755681818181817 0.008771929824561403 0.04147727272727273 0.01695906432748538
25 0.48806818181818185 0.28654970760233917 0.04147727272727273 0.025730994152046785
42 0.47556818181818183 0.05555555555555555 0.03579545454545455 0.025146198830409357
42 0.39034090909090907 0.22748538011695907 0.02159090909090909 0.022222222222222223
42 0.39204545454545453 0.25321637426900584 0.025 0.02456140350877193
42 0.4883522727272727 0.247953216374269 0.04147727272727273 0.02456140350877193
49 0.4275568181818182 0.008771929824561403 0.044886363636363634 0.017543859649122806
49 0.4474431818181818 0.2953216374269006 0.04346590909090909 0.00760233918128655
3 0.4193181818181818 0.26374269005847956 0.027556818181818182 0.018128654970760234
3 0.40085227272727275 0.047953216374269005 0.02471590909090909 0.016374269005847954
42 0.40198863636363635 0.10526315789473684 0.02556818181818182 0.011111111111111112
42 0.4213068181818182 0.2064327485380117 0.02556818181818182 0.011695906432748537
96 0.4258522727272727 0.047953216374269005 0.02130681818181818 0.010526315789473684
48 0.41647727272727275 0.05964912280701754 0.01875 0.021052631578947368
48 0.4355113636363636 0.252046783625731 0.015909090909090907 0.01871345029239766
96 0.44630681818181817 0.2631578947368421 0.024147727272727272 0.009941520467836258
1 0.5349431818181818 0.046198830409356725 0.034375 0.03274853801169591
39 0.49460227272727275 0.20701754385964913 0.013920454545454545 0.011111111111111112
25 0.2690340909090909 0.7292397660818714 0.03636363636363636 0.06783625730994151
42 0.21051136363636364 0.7263157894736842 0.03238636363636364 0.06432748538011696
42 0.17386363636363636 0.6660818713450293 0.029545454545454545 0.05730994152046784
42 0.14914772727272727 0.7719298245614035 0.02727272727272727 0.06198830409356725
25 0.13210227272727273 0.6637426900584795 0.03409090909090909 0.07719298245614035
42 0.1252840909090909 0.8058479532163743 0.01534090909090909 0.0304093567251462
22 0.20795454545454545 0.8076023391812865 0.013636363636363636 0.02456140350877193
38 0.17329545454545456 0.7625730994152047 0.017045454545454544 0.028070175438596492
22 0.2190340909090909 0.30584795321637426 0.013068181818181817 0.012865497076023392
22 0.22073863636363636 0.38070175438596493 0.011363636363636364 0.03859649122807018
42 0.21789772727272727 0.33801169590643276 0.017045454545454544 0.03625730994152047
93 0.13011363636363638 0.31871345029239767 0.03068181818181818 0.03859649122807018
42 0.25028409090909093 0.8087719298245614 0.014204545454545454 0.031578947368421054
95 0.23352272727272727 0.795906432748538 0.010227272727272727 0.06900584795321638
38 0.1715909090909091 0.7637426900584795 0.01534090909090909 0.028070175438596492
1 0.04801136363636364 0.34093567251461987 0.03636363636363636 0.05263157894736842
42 0.08494318181818182 0.34619883040935673 0.03579545454545455 0.07368421052631578
35 0.05028409090909091 0.8818713450292398 0.01818181818181818 0.03625730994152047
39 0.006818181818181818 0.3853801169590643 0.013068181818181817 0.031578947368421054
1 0.22471590909090908 0.8619883040935673 0.023863636363636365 0.07017543859649122
1 0.15 0.8654970760233918 0.023295454545454546 0.07485380116959064
93 0.7153409090909091 0.4777777777777778 0.040340909090909094 0.08654970760233918
46 0.6676136363636364 0.45964912280701753 0.021022727272727273 0.06666666666666667
93 0.6678977272727272 0.6116959064327485 0.0375 0.15789473684210525
42 0.9323863636363636 0.4865497076023392 0.022727272727272728 0.0456140350877193
22 0.9335227272727272 0.41169590643274856 0.020454545454545454 0.047953216374269005
22 0.9335227272727272 0.5578947368421052 0.017613636363636363 0.0456140350877193
46 0.9329545454545455 0.32514619883040935 0.02159090909090909 0.05146198830409357
46 0.9051136363636364 0.4432748538011696 0.03068181818181818 0.044444444444444446
1 0.8829545454545454 0.6 0.048863636363636366 0.06783625730994151
93 0.86875 0.691812865497076 0.03920454545454546 0.08187134502923976
47 0.8517045454545454 0.32456140350877194 0.014772727272727272 0.050292397660818715
86 0.8835227272727273 0.3192982456140351 0.020454545454545454 0.03976608187134503
102 0.5048295454545455 0.9590643274853801 0.028409090909090908 0.07953216374269007