39 0.2046908315565032 0.3333333333333333 0.022388059701492536 0.05647382920110193
42 0.6183368869936035 0.4696969696969697 0.05970149253731343 0.03856749311294766
95 0.7409381663113006 0.025482093663911846 0.0255863539445629 0.05096418732782369
25 0.11833688699360341 0.959366391184573 0.06183368869936034 0.081267217630854
39 0.18603411513859275 0.9573002754820936 0.022388059701492536 0.03994490358126722
93 0.028251599147121536 0.9669421487603306 0.05223880597014925 0.06611570247933884
35 0.16417910447761194 0.8539944903581267 0.028784648187633263 0.045454545454545456
42 0.6849680170575693 0.6101928374655647 0.03837953091684435 0.05234159779614325
42 0.843816631130064 0.609504132231405 0.039445628997867806 0.05096418732782369
42 0.7356076759061834 0.7410468319559229 0.03624733475479744 0.05096418732782369
42 0.576226012793177 0.7417355371900827 0.04051172707889126 0.05234159779614325
42 0.8923240938166311 0.7417355371900827 0.03624733475479744 0.05647382920110193
29 0.6305970149253731 0.6101928374655647 0.04797441364605544 0.0440771349862259
29 0.7867803837953091 0.6122589531680441 0.046908315565031986 0.045454545454545456
7 0.7121535181236673 0.7045454545454546 0.04371002132196162 0.03994490358126722
7 0.5639658848614072 0.7038567493112947 0.029850746268656716 0.03581267217630854
7 0.8694029850746269 0.7011019283746557 0.05543710021321962 0.03856749311294766