37 0.5897849462365592 0.0873015873015873 0.026881720430107527 0.023809523809523808
39 0.6567204301075269 0.08916900093370682 0.01424731182795699 0.028011204481792718
39 0.39381720430107525 0.22408963585434175 0.03064516129032258 0.01727357609710551
88 0.8252688172043011 0.0546218487394958 0.0553763440860215 0.056022408963585436
102 0.8260752688172043 0.19047619047619047 0.05913978494623656 0.15966386554621848
101 0.8271505376344086 0.36321195144724555 0.05806451612903226 0.16246498599439776
103 0.8247311827956989 0.4850606909430439 0.054838709677419356 0.06816059757236227
46 0.025537634408602152 0.6792717086834734 0.013440860215053764 0.04855275443510738
39 0.060215053763440864 0.7689075630252101 0.0064516129032258064 0.02427637721755369
39 0.110752688172043 0.76937441643324 0.005913978494623656 0.02334267040149393
39 0.1532258064516129 0.7698412698412699 0.006989247311827957 0.02334267040149393
39 0.23091397849462367 0.76937441643324 0.006989247311827957 0.02334267040149393
39 0.29731182795698924 0.7684407096171803 0.0064516129032258064 0.02707749766573296
39 0.39005376344086023 0.7679738562091504 0.006989247311827957 0.026143790849673203
39 0.439247311827957 0.7502334267040149 0.012903225806451613 0.012138188608776844
39 0.025268817204301075 0.734360410830999 0.01827956989247312 0.013071895424836602
39 0.5543010752688172 0.6129785247432307 0.006989247311827957 0.025210084033613446
46 0.43951612903225806 0.8520074696545284 0.015053763440860216 0.051353874883286646
13 0.5051075268817204 0.7586367880485527 0.02043010752688172 0.06069094304388422
93 0.39408602150537636 0.646125116713352 0.03655913978494624 0.06442577030812324
39 0.439247311827957 0.5784313725490197 0.013978494623655914 0.014939309056956116
42 0.696505376344086 0.5280112044817927 0.032795698924731186 0.017740429505135387
42 0.7849462365591398 0.5284780578898226 0.02795698924731183 0.018674136321195144
3 0.7537634408602151 0.5443510737628384 0.021505376344086023 0.031746031746031744
25 0.8032258064516129 0.6456582633053222 0.034408602150537634 0.051353874883286646
96 0.7532258064516129 0.580765639589169 0.011827956989247311 0.03361344537815126
96 0.6723118279569893 0.5798319327731093 0.004838709677419355 0.02427637721755369
3 0.6752688172043011 0.5429505135387488 0.010752688172043012 0.032679738562091505
35 0.8314516129032258 0.7082166199813259 0.01881720430107527 0.02707749766573296
35 0.8309139784946237 0.8235294117647058 0.017741935483870968 0.028011204481792718
35 0.8303763440860215 0.9164332399626517 0.016666666666666666 0.028944911297852476
35 0.8293010752688172 0.9663865546218487 0.016666666666666666 0.02427637721755369
48 0.7443548387096774 0.5630252100840336 0.026344086021505377 0.022408963585434174