39 0.17881773399014778 0.3807763401109057 0.034482758620689655 0.0166358595194085
42 0.2576354679802956 0.4029574861367837 0.07980295566502463 0.053604436229205174
42 0.5320197044334976 0.10397412199630314 0.042364532019704436 0.034195933456561925
42 0.6694581280788178 0.10489833641404805 0.030541871921182268 0.033271719038817
42 0.4408866995073892 0.1876155268022181 0.022660098522167486 0.03512014787430684
42 0.5748768472906404 0.1876155268022181 0.03645320197044335 0.031423290203327174
42 0.7103448275862069 0.1876155268022181 0.03940886699507389 0.031423290203327174
29 0.48669950738916257 0.1876155268022181 0.05123152709359606 0.024029574861367836
29 0.6261083743842365 0.18576709796672827 0.04827586206896552 0.027726432532347505
29 0.761576354679803 0.18576709796672827 0.041379310344827586 0.027726432532347505
7 0.6911330049261084 0.12754158964879853 0.03842364532019704 0.025878003696857672
7 0.5497536945812808 0.1289279112754159 0.05024630541871921 0.021256931608133085
2 0.7699507389162562 0.35489833641404805 0.024630541871921183 0.02865064695009242
2 0.6320197044334975 0.36829944547134935 0.023645320197044337 0.027726432532347505
2 0.496551724137931 0.3821626617375231 0.027586206896551724 0.030499075785582256
42 0.7152709359605911 0.4154343807763401 0.0374384236453202 0.027726432532347505
42 0.5763546798029556 0.41404805914972276 0.033497536945812804 0.031423290203327174
42 0.44187192118226604 0.41497227356746763 0.024630541871921183 0.029574861367837338
46 0.470935960591133 0.4168207024029575 0.027586206896551724 0.022181146025878003
46 0.6098522167487684 0.4135859519408503 0.026600985221674877 0.019408502772643253
46 0.7497536945812808 0.41404805914972276 0.022660098522167486 0.0166358595194085
22 0.07339901477832513 0.8202402957486137 0.02561576354679803 0.022181146025878003
25 0.03940886699507389 0.5901109057301294 0.06403940886699508 0.053604436229205174
46 0.2541871921182266 0.7758780036968577 0.03842364532019704 0.018484288354898338
46 0.30049261083743845 0.7504621072088724 0.020689655172413793 0.026802218114602587
30 0.2881773399014778 0.5143253234750462 0.04334975369458128 0.018484288354898338
30 0.3807881773399015 0.5138632162661737 0.033497536945812804 0.021256931608133085
42 0.21379310344827587 0.4653419593345656 0.022660098522167486 0.025878003696857672
42 0.041379310344827586 0.48706099815157117 0.05812807881773399 0.06007393715341959
95 0.270935960591133 0.7869685767097967 0.0187192118226601 0.059149722735674676
64 0.4921182266009852 0.8849353049907579 0.034482758620689655 0.04528650646950092
42 0.6068965517241379 0.8987985212569316 0.0748768472906404 0.0767097966728281
93 0.5586206896551724 0.9713493530499075 0.06699507389162561 0.05730129390018484
42 0.9054187192118227 0.8618299445471349 0.07586206896551724 0.06931608133086876
3 0.8886699507389163 0.6455637707948244 0.04729064039408867 0.03974121996303143
3 0.6128078817733991 0.8280961182994455 0.03645320197044335 0.04528650646950092
3 0.6275862068965518 0.6469500924214417 0.04729064039408867 0.036968576709796676
47 0.9857142857142858 0.732902033271719 0.02857142857142857 0.027726432532347505
39 0.905911330049261 0.7851201478743068 0.027586206896551724 0.013863216266173753
39 0.496551724137931 0.9168207024029574 0.029556650246305417 0.011090573012939002
39 0.496551724137931 0.8530499075785583 0.02561576354679803 0.011090573012939002
42 0.4408866995073892 0.7352125693160814 0.022660098522167486 0.036044362292051754
68 0.6068965517241379 0.7865064695009242 0.02857142857142857 0.0166358595194085
42 0.7576354679802956 0.6432532347504621 0.07684729064039408 0.07393715341959335
68 0.5497536945812808 0.7347504621072088 0.013793103448275862 0.024953789279112754