39 0.33039772727272726 0.4032258064516129 0.026136363636363635 0.008064516129032258
42 0.3900568181818182 0.42036290322580644 0.060511363636363634 0.03881048387096774
35 0.15170454545454545 0.3059475806451613 0.03210227272727273 0.024193548387096774
37 0.1497159090909091 0.13911290322580644 0.02528409090909091 0.01663306451612903
46 0.378125 0.1507056451612903 0.029261363636363637 0.013608870967741936
46 0.5536931818181818 0.1507056451612903 0.034375 0.011088709677419355
46 0.6548295454545454 0.12147177419354839 0.016477272727272726 0.021169354838709676
39 0.41363636363636364 0.10836693548387097 0.026988636363636364 0.012600806451612902
39 0.5193181818181818 0.10836693548387097 0.027556818181818182 0.013608870967741936
42 0.465625 0.15171370967741934 0.06789772727272728 0.04435483870967742
93 0.8715909090909091 0.2686491935483871 0.040340909090909094 0.07459677419354839
46 0.9193181818181818 0.2842741935483871 0.021022727272727273 0.057459677419354836
93 0.9190340909090909 0.1532258064516129 0.0375 0.13608870967741934
93 0.7286931818181818 0.08366935483870967 0.017613636363636363 0.07056451612903226
47 0.7352272727272727 0.40725806451612906 0.014772727272727272 0.056451612903225805
78 0.15227272727272728 0.49193548387096775 0.08522727272727272 0.0846774193548387
76 0.2806818181818182 0.4939516129032258 0.08522727272727272 0.08870967741935484
67 0.41051136363636365 0.49243951612903225 0.09261363636363637 0.08568548387096774
42 0.5309659090909091 0.4934475806451613 0.08806818181818182 0.08770161290322581
42 0.8892045454545454 0.7878024193548387 0.023863636363636365 0.04133064516129032
46 0.9349431818181818 0.7620967741935484 0.014772727272727272 0.034274193548387094
42 0.7519886363636363 0.6491935483870968 0.023295454545454546 0.04435483870967742
42 0.9019886363636364 0.5120967741935484 0.028977272727272727 0.038306451612903226
46 0.9196022727272727 0.5408266129032258 0.014204545454545454 0.03326612903225806
46 0.881534090909091 0.5383064516129032 0.015909090909090907 0.028225806451612902
46 0.8363636363636363 0.7615927419354839 0.009659090909090909 0.028225806451612902