46 0.12660098522167487 0.5443548387096774 0.03842364532019704 0.03024193548387097
42 0.02807881773399015 0.53125 0.0561576354679803 0.07661290322580645
42 0.7832512315270936 0.3790322580645161 0.033497536945812804 0.03326612903225806
42 0.645320197044335 0.37752016129032256 0.042364532019704436 0.037298387096774195
42 0.5078817733990147 0.37651209677419356 0.030541871921182268 0.036290322580645164
42 0.9275862068965517 0.37752016129032256 0.03251231527093596 0.036290322580645164
42 0.8798029556650246 0.2862903225806452 0.035467980295566505 0.03931451612903226
42 0.7428571428571429 0.2857862903225806 0.035467980295566505 0.038306451612903226
42 0.6024630541871921 0.2862903225806452 0.03645320197044335 0.034274193548387094
42 0.4669950738916256 0.2862903225806452 0.03940886699507389 0.034274193548387094
29 0.8315270935960591 0.2862903225806452 0.042364532019704436 0.03225806451612903
29 0.69064039408867 0.2862903225806452 0.05123152709359606 0.02620967741935484
29 0.551231527093596 0.28830645161290325 0.04827586206896552 0.03024193548387097
29 0.41576354679802957 0.28830645161290325 0.041379310344827586 0.03024193548387097
7 0.4862068965517241 0.35181451612903225 0.03842364532019704 0.028225806451612902
7 0.7660098522167488 0.3503024193548387 0.04729064039408867 0.02721774193548387
7 0.6275862068965518 0.3503024193548387 0.05024630541871921 0.023185483870967742
7 0.912807881773399 0.3477822580645161 0.053201970443349754 0.02217741935483871
2 0.40738916256157637 0.10383064516129033 0.024630541871921183 0.03125
2 0.545320197044335 0.08921370967741936 0.023645320197044337 0.03024193548387097
2 0.6807881773399015 0.07409274193548387 0.027586206896551724 0.03326612903225806
2 0.8231527093596059 0.05997983870967742 0.023645320197044337 0.028225806451612902
79 0.6847290640394089 0.0025201612903225806 0.02167487684729064 0.005040322580645161
79 0.547783251231527 0.0015120967741935483 0.02561576354679803 0.0030241935483870967
42 0.46206896551724136 0.03780241935483871 0.0374384236453202 0.03024193548387097
42 0.6009852216748769 0.037298387096774195 0.033497536945812804 0.038306451612903226
42 0.7394088669950739 0.037298387096774195 0.03251231527093596 0.03326612903225806
42 0.8768472906403941 0.03931451612903226 0.035467980295566505 0.038306451612903226
46 0.8463054187192118 0.03780241935483871 0.023645320197044337 0.018145161290322582
46 0.7064039408866996 0.036290322580645164 0.027586206896551724 0.024193548387096774
46 0.5674876847290641 0.039818548387096774 0.026600985221674877 0.021169354838709676
46 0.42758620689655175 0.03931451612903226 0.022660098522167486 0.018145161290322582
49 0.06403940886699508 0.8497983870967742 0.09064039408866995 0.09879032258064516
25 0.15123152709359605 0.9536290322580645 0.07980295566502463 0.08366935483870967
49 0.8871921182266009 0.8261088709677419 0.08472906403940887 0.09475806451612903
49 0.8886699507389163 0.9440524193548387 0.08571428571428572 0.09274193548387097
42 0.7270935960591133 0.8286290322580645 0.0748768472906404 0.08165322580645161
42 0.7246305418719212 0.9420362903225806 0.0748768472906404 0.07963709677419355
30 0.6128078817733991 0.828125 0.024630541871921183 0.04435483870967742
30 0.6128078817733991 0.9415322580645161 0.024630541871921183 0.05040322580645161