35 0.0927968851395198 0.2908266129032258 0.027903958468526932 0.05342741935483871
42 0.15022712524334847 0.9813508064516129 0.05515898767034393 0.037298387096774195
42 0.2735236859182349 0.8109879032258065 0.02855288773523686 0.038306451612903226
42 0.17780661907852044 0.6466733870967742 0.0317975340687865 0.04435483870967742
46 0.08468526930564568 0.7464717741935484 0.04282933160285529 0.038306451612903226
46 0.3831927319922129 0.7535282258064516 0.04282933160285529 0.036290322580645164
93 0.21966255678131083 0.7535282258064516 0.050616482803374434 0.08064516129032258
93 0.32608695652173914 0.5257056451612904 0.053212199870214145 0.07258064516129033
42 0.20700843608046723 0.5388104838709677 0.05386112913692408 0.08669354838709678
22 0.3111615833874108 0.8084677419354839 0.025957170668397145 0.047379032258064516
1 0.2462686567164179 0.8744959677419355 0.031148604802076575 0.09274193548387097
93 0.1437378325762492 0.7182459677419355 0.04153147306943543 0.06653225806451613
7 0.16969500324464634 0.8054435483870968 0.05710577547047372 0.057459677419354836
86 0.22128487994808566 0.6149193548387096 0.031148604802076575 0.04838709677419355
86 0.20408825438027256 0.9168346774193549 0.03374432186891629 0.047379032258064516
86 0.28974691758598314 0.921875 0.026606099935107073 0.05040322580645161