39 0.32123775601068566 0.4213709677419355 0.025378450578806767 0.008568548387096774
42 0.37934105075690117 0.43951612903225806 0.058771148708815675 0.040826612903225805
35 0.14737310774710596 0.31955645161290325 0.031166518254674976 0.025201612903225805
37 0.14559216384683882 0.14516129032258066 0.02471059661620659 0.017641129032258066
46 0.36776491540516476 0.15776209677419356 0.02827248441674087 0.014112903225806451
46 0.5382902938557436 0.15776209677419356 0.033392698130008905 0.011592741935483871
46 0.6366874443455031 0.12651209677419356 0.016028495102404273 0.02217741935483871
39 0.4022707034728406 0.11340725806451613 0.026046304541406946 0.01310483870967742
39 0.5048975957257347 0.11340725806451613 0.026936776491540516 0.014112903225806451
42 0.45258236865538737 0.1587701612903226 0.06611754229741763 0.046370967741935484
46 0.7898486197684773 0.7212701612903226 0.029385574354407838 0.04133064516129032
42 0.835040071237756 0.5766129032258065 0.03784505788067676 0.08366935483870967
42 0.7666963490650045 0.4778225806451613 0.018699910952804988 0.016129032258064516
1 0.8955921638468388 0.4742943548387097 0.0182546749777382 0.009072580645161291
22 0.7938557435440784 0.47631048387096775 0.016918967052537846 0.01310483870967742
86 0.8597506678539626 0.48639112903225806 0.018699910952804988 0.03326612903225806
86 0.9265360641139804 0.48336693548387094 0.018699910952804988 0.02721774193548387