39 0.379149377593361 0.048462255358807084 0.03630705394190872 0.016775396085740912
42 0.2961618257261411 0.026561043802423114 0.08402489626556017 0.05312208760484623
46 0.31275933609958506 0.5615097856477167 0.04045643153526971 0.015843429636533086
46 0.06846473029045644 0.5629077353215284 0.04771784232365145 0.0130475302889096
42 0.19139004149377592 0.5447343895619757 0.09439834024896265 0.049394221808014914
42 0.8495850622406639 0.1602982292637465 0.03630705394190872 0.036346691519105315
42 0.8215767634854771 0.19478098788443615 0.03941908713692946 0.033550792171481825
42 0.8226141078838174 0.30242311276794037 0.038381742738589214 0.033550792171481825
46 0.7411825726141079 0.08247903075489282 0.028008298755186723 0.021435228331780055
42 0.7121369294605809 0.15843429636533085 0.04771784232365145 0.05312208760484623
46 0.7847510373443983 0.30242311276794037 0.025933609958506226 0.016775396085740912
46 0.7614107883817427 0.3811742777260019 0.021784232365145227 0.03075489282385834
34 0.8340248962655602 0.2637465051258155 0.08195020746887967 0.032618825722273995
25 0.4470954356846473 0.5950605778191985 0.09336099585062241 0.05125815470643057
42 0.2743775933609959 0.6938490214352283 0.08713692946058091 0.08014911463187326
42 0.06950207468879668 0.8000931966449207 0.09854771784232365 0.097856477166822
25 0.06275933609958506 0.9212488350419384 0.1016597510373444 0.08574091332712022
49 0.27282157676348545 0.5964585274930102 0.0912863070539419 0.05405405405405406
56 0.6327800829875518 0.7348555452003728 0.022821576763485476 0.02982292637465051
42 0.6099585062240664 0.706430568499534 0.04149377593360996 0.05405405405405406
42 0.8475103734439834 0.5782851817334576 0.04771784232365145 0.017707362534948742
42 0.8163900414937759 0.6971109040074557 0.028008298755186723 0.028890959925442685
42 0.8174273858921162 0.7889095992544268 0.03423236514522822 0.02982292637465051
42 0.8381742738589212 0.924044734389562 0.052904564315352696 0.0521901211556384
1 0.7375518672199171 0.6430568499534017 0.03941908713692946 0.05871388630009319
1 0.7359958506224067 0.8383038210624417 0.03941908713692946 0.06150978564771668
42 0.7204356846473029 0.5824790307548928 0.054979253112033194 0.0260950605778192
93 0.7214730290456431 0.7087604846225536 0.052904564315352696 0.047530288909599254
22 0.8163900414937759 0.65237651444548 0.026970954356846474 0.01863932898415657
22 0.8184647302904564 0.8355079217148182 0.022821576763485476 0.022367194780987885
42 0.7105809128630706 0.8821062441752097 0.03008298755186722 0.02050326188257223
7 0.8226141078838174 0.8760484622553588 0.05705394190871369 0.024231127679403542
7 0.825207468879668 0.6109040074557316 0.046680497925311204 0.035414725069897485
42 0.7074688796680498 0.6076421248835042 0.029045643153526972 0.021435228331780055
22 0.7671161825726142 0.6076421248835042 0.026970954356846474 0.017707362534948742
22 0.7697095435684648 0.8811742777260019 0.022821576763485476 0.022367194780987885