35 0.09469922572960095 0.5145131086142322 0.02561048243001787 0.04962546816479401
37 0.09321024419297201 0.1699438202247191 0.02025014889815366 0.03464419475655431
46 0.275461584276355 0.1947565543071161 0.023228111971411555 0.028089887640449437
46 0.41542584871947585 0.1947565543071161 0.0273972602739726 0.02247191011235955
46 0.4946396664681358 0.13342696629213482 0.01012507444907683 0.04400749063670412
39 0.30375223347230496 0.10674157303370786 0.02144133412745682 0.026217228464419477
39 0.38802858844550325 0.10674157303370786 0.022036926742108397 0.028089887640449437
42 0.34514592019058965 0.19662921348314608 0.054198927933293624 0.09176029962546817
13 0.4559261465157832 0.8188202247191011 0.0357355568790947 0.04400749063670412
93 0.3844550327575938 0.9901685393258427 0.043478260869565216 0.019662921348314606
25 0.011018463371054199 0.9302434456928839 0.022036926742108397 0.08895131086142322
39 0.363013698630137 0.7345505617977528 0.026801667659321026 0.025280898876404494
39 0.33859440142942226 0.9349250936329588 0.016081000595592615 0.03277153558052434
39 0.44937462775461584 0.9335205992509363 0.014889815366289458 0.026217228464419477