39 0.09865591397849463 0.14239028944911297 0.015591397849462365 0.011204481792717087
42 0.38844086021505375 0.03081232492997199 0.04139784946236559 0.027544351073762838
42 0.38924731182795697 0.0070028011204481795 0.03844086021505377 0.014005602240896359
42 0.4674731182795699 0.07142857142857142 0.04139784946236559 0.029411764705882353
42 0.4088709677419355 0.23716153127917833 0.043548387096774194 0.02427637721755369
42 0.4096774193548387 0.20915032679738563 0.043010752688172046 0.03081232492997199
42 0.36935483870967745 0.1830065359477124 0.01935483870967742 0.014939309056956116
3 0.3704301075268817 0.24556489262371614 0.021505376344086023 0.007469654528478058
56 0.4491935483870968 0.056022408963585436 0.01801075268817204 0.01680672268907563
49 0.07876344086021506 0.7380952380952381 0.046236559139784944 0.08776844070961717
49 0.07795698924731183 0.6288515406162465 0.0467741935483871 0.08590102707749767
42 0.16612903225806452 0.7357609710550888 0.04086021505376344 0.07563025210084033
42 0.1674731182795699 0.630718954248366 0.04086021505376344 0.07376283846872082
30 0.22849462365591397 0.7362278244631186 0.013440860215053764 0.04108309990662932
30 0.22849462365591397 0.6311858076563959 0.013440860215053764 0.04668534080298786
46 0.32983870967741935 0.4271708683473389 0.02795698924731183 0.025210084033613446
46 0.1870967741935484 0.4295051353874883 0.025268817204301075 0.025210084033613446
39 0.29731182795698924 0.484593837535014 0.01989247311827957 0.0196078431372549
25 0.4922043010752688 0.4612511671335201 0.0489247311827957 0.06909430438842204
42 0.5056451612903226 0.26097105508870216 0.043548387096774194 0.02334267040149393
42 0.4932795698924731 0.35340802987861814 0.05134408602150538 0.09056956115779645