46 0.002150537634408602 0.388422035480859 0.004301075268817204 0.04855275443510738
39 0.03225806451612903 0.4785247432306256 0.0064516129032258064 0.02427637721755369
39 0.08279569892473118 0.4789915966386555 0.005376344086021506 0.02427637721755369
39 0.12526881720430108 0.47945845004668536 0.007526881720430108 0.02334267040149393
39 0.20295698924731181 0.4789915966386555 0.006989247311827957 0.02334267040149393
39 0.2693548387096774 0.4780578898225957 0.0064516129032258064 0.02707749766573296
39 0.3620967741935484 0.47759103641456585 0.006989247311827957 0.025210084033613446
39 0.4112903225806452 0.4598506069094304 0.012903225806451613 0.012138188608776844
39 0.0032258064516129032 0.44397759103641454 0.0064516129032258064 0.014005602240896359
39 0.5263440860215054 0.32259570494864614 0.007526881720430108 0.025210084033613446
46 0.41155913978494624 0.561624649859944 0.015053763440860216 0.051353874883286646
13 0.4771505376344086 0.46825396825396826 0.02043010752688172 0.06069094304388422
93 0.36612903225806454 0.3557422969187675 0.03655913978494624 0.06442577030812324
39 0.4112903225806452 0.2880485527544351 0.013978494623655914 0.015873015873015872
49 0.7940860215053763 0.2203548085901027 0.054838709677419356 0.0896358543417367
49 0.7932795698924732 0.49253034547152197 0.05 0.08870214752567694
69 0.9524193548387097 0.22175536881419233 0.04516129032258064 0.0700280112044818
69 0.9518817204301075 0.48972922502334265 0.04139784946236559 0.06816059757236227
86 0.6803763440860215 0.3543417366946779 0.020967741935483872 0.03454715219421102
22 0.7298387096774194 0.43370681605975725 0.024731182795698924 0.03081232492997199
93 0.6491935483870968 0.4523809523809524 0.044623655913978495 0.0700280112044818
30 0.00510752688172043 0.6498599439775911 0.01021505376344086 0.022408963585434174
46 0.016666666666666666 0.696078431372549 0.030107526881720432 0.028944911297852476
23 0.07473118279569893 0.8515406162464986 0.015053763440860216 0.02427637721755369
23 0.04247311827956989 0.7408963585434174 0.015053763440860216 0.017740429505135387
42 0.2938172043010753 0.7175536881419234 0.02204301075268817 0.04201680672268908
1 0.3295698924731183 0.7950513538748832 0.05053763440860215 0.051353874883286646
1 0.39301075268817204 0.7941176470588235 0.05161290322580645 0.055088702147525676
42 0.041666666666666664 0.619514472455649 0.023118279569892472 0.0196078431372549
42 0.43252688172043013 0.6890756302521008 0.020967741935483872 0.04108309990662932
42 0.49166666666666664 0.9757236227824463 0.05 0.04855275443510738
22 0.4344086021505376 0.7450980392156863 0.02258064516129032 0.029878618113912233
39 0.11209677419354838 0.8506069094304388 0.01129032258064516 0.031746031746031744