46 0.258005376344086 0.6423996265172736 0.015962365591397878 0.04884220354808585
46 0.35031720430107527 0.6421475256769374 0.013827956989247327 0.048328664799253025
39 0.18082258064516127 0.7326330532212885 0.006908602150537646 0.02492063492063497
39 0.24758064516129033 0.7317553688141923 0.007263440860215049 0.02700280112044825
39 0.3848333333333333 0.7317460317460318 0.006607526881720411 0.024089635854341693
39 0.435505376344086 0.7319887955182073 0.005725806451612952 0.023632119514472406
39 0.4779516129032258 0.7323809523809524 0.007182795698924677 0.02344537815126041
39 0.5557204301075269 0.7318487394957983 0.006908602150537586 0.02334267040149393
39 0.6219301075268817 0.7312138188608777 0.006715053763440743 0.02687208216619979
39 0.7149086021505376 0.7306909430438843 0.007026881720430195 0.025816993464052373
39 0.7638817204301075 0.7127264239028945 0.012693548387096843 0.01196078431372544
39 0.2584032258064516 0.6969281045751634 0.019521505376344058 0.011073762838468627
39 0.35010215053763444 0.6970121381886087 0.01836021505376349 0.013155929038281902
39 0.8790483870967741 0.5757142857142857 0.007086021505376256 0.024855275443510634
46 0.7641290322580645 0.814640522875817 0.01517741935483872 0.051718020541550044
13 0.8299408602150538 0.7210737628384687 0.020360215053763384 0.06099906629318387
93 0.7188225806451612 0.6089635854341737 0.03656451612903237 0.06423902894491125
39 0.7638924731182796 0.5411484593837536 0.014005376344086119 0.015163398692810467