46 0.19456812110418523 0.47619047619047616 0.02315227070347284 0.02334267040149393
39 0.2373107747105966 0.41596638655462187 0.01157613535173642 0.011204481792717087
39 0.23753339269813 0.32819794584500467 0.01157613535173642 0.009337068160597572
39 0.2377560106856634 0.25443510737628383 0.011130899376669634 0.013071895424836602
39 0.23753339269813 0.11951447245564893 0.011130899376669634 0.012138188608776844
39 0.23708815672306321 0.004668534080298786 0.012911843276936777 0.009337068160597572
39 0.22061442564559217 0.47478991596638653 0.006678539626001781 0.028944911297852476
46 0.03561887800534283 0.7175536881419234 0.029385574354407838 0.03828197945845005
42 0.08081032947462155 0.5835667600373483 0.03784505788067676 0.07749766573295985
42 0.012466607301869992 0.4943977591036415 0.018699910952804988 0.01027077497665733
22 0.03984861976847729 0.49299719887955185 0.01647373107747106 0.007469654528478058
86 0.10552092609082814 0.5023342670401494 0.018699910952804988 0.026143790849673203
86 0.17230632235084595 0.4995331465919701 0.018699910952804988 0.02054154995331466