46 0.25422974176313445 0.14565826330532214 0.02315227070347284 0.02334267040149393
39 0.21148708815672307 0.20588235294117646 0.01157613535173642 0.011204481792717087
39 0.21126447016918967 0.29365079365079366 0.01157613535173642 0.009337068160597572
39 0.21104185218165628 0.3674136321195145 0.011130899376669634 0.013071895424836602
39 0.22796081923419412 0.14519140989729226 0.006678539626001781 0.031746031746031744
25 0.8016473731077471 0.008870214752567693 0.024487978628673197 0.017740429505135387
60 0.8178984861976848 0.4673202614379085 0.015138023152270703 0.004668534080298786
1 0.781166518254675 0.09570494864612512 0.02894033837934105 0.040149393090569564
42 0.7626892252894034 0.15452847805788983 0.015138023152270703 0.031746031746031744
1 0.7424309884238647 0.21288515406162464 0.03250222617987533 0.0392156862745098
42 0.7631344612644702 0.29551820728291317 0.015138023152270703 0.032679738562091505
25 0.802760463045414 0.44397759103641454 0.025823686553873553 0.051353874883286646
42 0.9844167408726625 0.9136321195144724 0.031166518254674976 0.07749766573295985
86 0.96260017809439 0.9906629318394025 0.018699910952804988 0.018674136321195144
86 0.8958147818343722 0.9939309056956116 0.018699910952804988 0.012138188608776844