39 0.026881720430107527 0.3800186741363212 0.005376344086021506 0.02427637721755369
39 0.06935483870967742 0.38048552754435105 0.007526881720430108 0.02334267040149393
39 0.14704301075268816 0.3800186741363212 0.006989247311827957 0.02334267040149393
39 0.21344086021505376 0.3790849673202614 0.0064516129032258064 0.02707749766573296
39 0.3061827956989247 0.37861811391223155 0.006989247311827957 0.025210084033613446
39 0.3553763440860215 0.36087768440709617 0.012903225806451613 0.012138188608776844
39 0.4682795698924731 0.22362278244631187 0.0032258064516129032 0.025210084033613446
46 0.3556451612903226 0.46265172735760973 0.015053763440860216 0.051353874883286646
13 0.42123655913978497 0.369281045751634 0.02043010752688172 0.06069094304388422
93 0.3102150537634409 0.2567693744164332 0.03655913978494624 0.06442577030812324
39 0.3553763440860215 0.18907563025210083 0.013978494623655914 0.015873015873015872
93 0.48198924731182796 0.04948646125116713 0.024193548387096774 0.04108309990662932
42 0.4978494623655914 0.27684407096171804 0.023655913978494623 0.019140989729225025
42 0.4876344086021505 0.13071895424836602 0.035483870967741936 0.04855275443510738
42 0.00913978494623656 0.6447245564892624 0.01827956989247312 0.05695611577964519
42 0.239247311827957 0.5424836601307189 0.03763440860215054 0.026143790849673203
42 0.26263440860215054 0.6391223155929038 0.032795698924731186 0.04948646125116713
42 0.17983870967741936 0.7735760971055089 0.02043010752688172 0.028944911297852476
42 0.20188172043010752 0.7376283846872083 0.017204301075268817 0.028011204481792718
42 0.2217741935483871 0.7745098039215687 0.023118279569892472 0.03081232492997199
3 0.016666666666666666 0.5966386554621849 0.027419354838709678 0.03454715219421102
46 0.1739247311827957 0.696078431372549 0.02849462365591398 0.028011204481792718
46 0.285752688172043 0.6956115779645191 0.023118279569892472 0.028944911297852476
46 0.3502688172043011 0.5975723622782446 0.017741935483870968 0.04668534080298786
46 0.1736559139784946 0.5933706816059757 0.02204301075268817 0.02707749766573296
1 0.19811827956989247 0.6302521008403361 0.023655913978494623 0.055088702147525676
1 0.37311827956989246 0.5462184873949579 0.03118279569892473 0.03361344537815126
1 0.26908602150537636 0.7254901960784313 0.020967741935483872 0.055088702147525676
22 0.21827956989247313 0.69234360410831 0.014516129032258065 0.026143790849673203
22 0.2615591397849462 0.6932773109243697 0.011827956989247311 0.022408963585434174
49 0.07311827956989247 0.5602240896358543 0.032795698924731186 0.06069094304388422
94 0.3419354838709677 0.580765639589169 0.03118279569892473 0.01680672268907563
47 0.21586021505376343 0.5896358543417367 0.025268817204301075 0.021475256769374416
47 0.2314516129032258 0.6568627450980392 0.0005376344086021505 0.0009337068160597573
29 0.23870967741935484 0.676937441643324 0.024193548387096774 0.05415499533146592
96 0.015591397849462365 0.5602240896358543 0.012903225806451613 0.025210084033613446
48 0.002688172043010753 0.5760971055088702 0.005376344086021506 0.022408963585434174