93 0.4459677419354839 0.009337068160597572 0.037096774193548385 0.018674136321195144
42 0.09005376344086022 0.80765639589169 0.0489247311827957 0.0896358543417367
46 0.03575268817204301 0.9313725490196079 0.04032258064516129 0.04668534080298786
22 0.04139784946236559 0.6372549019607843 0.02258064516129032 0.036414565826330535
22 0.2174731182795699 0.6143790849673203 0.024193548387096774 0.04108309990662932
93 0.14327956989247312 0.588702147525677 0.0456989247311828 0.017740429505135387
42 0.18467741935483872 0.6181139122315593 0.01935483870967742 0.03734827264239029
1 0.1629032258064516 0.6718020541549953 0.021505376344086023 0.06442577030812324
7 0.1010752688172043 0.6120448179271709 0.047311827956989246 0.04201680672268908
86 0.19838709677419356 0.7180205415499533 0.024193548387096774 0.03734827264239029
86 0.12204301075268817 0.719421101774043 0.01935483870967742 0.047619047619047616
42 0.010483870967741936 0.6428571428571429 0.016666666666666666 0.035480859010270774