46 0.2508856682769726 0.04061624649859944 0.01674718196457327 0.014472455648926238
46 0.25104669887278586 0.1223155929038282 0.01674718196457327 0.011671335200746966
39 0.21996779388083737 0.03127917833800187 0.00933977455716586 0.006069094304388422
39 0.21996779388083737 0.1531279178338002 0.008373590982286634 0.0056022408963585435
39 0.21980676328502416 0.19794584500466852 0.008373590982286634 0.004668534080298786
39 0.21964573268921095 0.23529411764705882 0.008051529790660225 0.006535947712418301
39 0.21980676328502416 0.30438842203548083 0.008051529790660225 0.006069094304388422
39 0.22012882447665055 0.3627450980392157 0.00933977455716586 0.0056022408963585435
39 0.22028985507246376 0.4449112978524743 0.008695652173913044 0.006069094304388422
39 0.22640901771336555 0.4887955182072829 0.004186795491143317 0.011204481792717087
39 0.2318840579710145 0.04108309990662932 0.003864734299516908 0.017740429505135387
39 0.2318840579710145 0.1223155929038282 0.004830917874396135 0.016339869281045753
46 0.19130434782608696 0.4887955182072829 0.017713365539452495 0.01353874883286648
93 0.26247987117552335 0.44864612511671337 0.022222222222222223 0.03221288515406162
39 0.285829307568438 0.4887955182072829 0.005475040257648953 0.012605042016806723