42 0.5107020547945206 0.3655268022181146 0.06592465753424658 0.06746765249537892
93 0.574486301369863 0.305452865064695 0.05736301369863014 0.059149722735674676
93 0.8249143835616438 0.305452865064695 0.05650684931506849 0.059149722735674676
93 0.6887842465753424 0.16589648798521256 0.05565068493150685 0.06284658040665435
42 0.6228595890410958 0.22504621072088724 0.032534246575342464 0.038817005545286505
42 0.6228595890410958 0.1044362292051756 0.030821917808219176 0.03789279112754159
93 0.8249143835616438 0.05822550831792976 0.059931506849315065 0.06192236598890943
8 0.6125856164383562 0.0036968576709796672 0.0625 0.0073937153419593345
8 0.615154109589041 0.35813308687615525 0.05650684931506849 0.03789279112754159
42 0.8737157534246576 0.22365988909426987 0.0273972602739726 0.03234750462107209
22 0.6237157534246576 0.036044362292051754 0.02482876712328767 0.025878003696857672
22 0.714041095890411 0.36414048059149723 0.0273972602739726 0.025878003696857672
22 0.6232876712328768 0.28604436229205177 0.0273972602739726 0.027726432532347505
64 0.06720890410958905 0.783271719038817 0.029965753424657533 0.04528650646950092
42 0.16695205479452055 0.7971349353049908 0.06506849315068493 0.0767097966728281
93 0.125 0.871996303142329 0.05821917808219178 0.06192236598890943
42 0.4212328767123288 0.7601663585951941 0.05650684931506849 0.06931608133086876
3 0.4118150684931507 0.5439001848428835 0.0410958904109589 0.03974121996303143
3 0.1720890410958904 0.7264325323475046 0.031678082191780824 0.04528650646950092
3 0.18493150684931506 0.5452865064695009 0.0410958904109589 0.036968576709796676
39 0.4267979452054795 0.683456561922366 0.023972602739726026 0.013863216266173753
39 0.07106164383561644 0.8151571164510166 0.025684931506849314 0.011090573012939002
39 0.07106164383561644 0.7513863216266173 0.02226027397260274 0.011090573012939002
42 0.016267123287671232 0.6335489833641405 0.032534246575342464 0.036044362292051754
68 0.16695205479452055 0.6848428835489834 0.02482876712328767 0.0166358595194085
42 0.2979452054794521 0.5415896487985212 0.06678082191780822 0.07393715341959335
68 0.1172945205479452 0.633086876155268 0.011986301369863013 0.024953789279112754
49 0.5916095890410958 0.7310536044362292 0.07876712328767123 0.09057301293900184
42 0.6926369863013698 0.789279112754159 0.06678082191780822 0.07024029574861368
42 0.6759417808219178 0.6358595194085028 0.0642123287671233 0.0711645101663586
42 0.8039383561643836 0.5905730129390019 0.06678082191780822 0.07024029574861368
42 0.7893835616438356 0.4316081330868762 0.06335616438356165 0.06469500924214418
25 0.889554794520548 0.43715341959334564 0.07705479452054795 0.07578558225508318
42 0.5462328767123288 0.5092421441774492 0.03595890410958904 0.03512014787430684
25 0.5158390410958904 0.6358595194085028 0.06934931506849315 0.0767097966728281
74 0.7542808219178082 0.5420517560073937 0.04452054794520548 0.09796672828096119
22 0.6913527397260274 0.5073937153419593 0.02910958904109589 0.033271719038817
17 0.9546232876712328 0.8317929759704251 0.04280821917808219 0.026802218114602587
3 0.759417808219178 0.7315157116451017 0.04195205479452055 0.06469500924214418
48 0.728595890410959 0.6894639556377079 0.032534246575342464 0.03512014787430684
96 0.7101883561643836 0.7310536044362292 0.0273972602739726 0.031423290203327174