13 0.02134024730753889 0.075374531835206 0.023932987634623055 0.04400749063670412
39 0.08356601515755883 0.1596441947565543 0.017949740725967292 0.025280898876404494
42 0.36477861986437976 0.21863295880149813 0.025727961707219783 0.047752808988764044
42 0.47108097327483045 0.21816479400749064 0.025727961707219783 0.046348314606741575
42 0.3986836856800957 0.3347378277153558 0.024331870761866773 0.04541198501872659
42 0.5035899481451934 0.3352059925093633 0.02493019545273235 0.050093632958801496
79 0.4262066214599122 0.6151685393258427 0.016354208216992423 0.028089887640449437
29 0.33705624252094135 0.21816479400749064 0.014359792580773833 0.03932584269662921
29 0.43298763462305545 0.2205056179775281 0.03151176705225369 0.040262172284644196
7 0.3829278021539689 0.30243445692883897 0.029317909852413244 0.035580524344569285
7 0.4882329477463103 0.2991573033707865 0.03709613083366574 0.03417602996254682
42 0.5869565217391305 0.6399812734082397 0.03789389708815317 0.02153558052434457
42 0.5915436777024332 0.9377340823970037 0.03909054646988432 0.0945692883895131
22 0.45273234942161944 0.9386704119850188 0.016753091344236137 0.04681647940074907
1 0.4836457917830076 0.6793071161048689 0.02512963701635421 0.10018726591760299
1 0.48564020741922614 0.8698501872659176 0.02114080574391703 0.10018726591760299
42 0.7241723175109693 0.9386704119850188 0.017151974471479856 0.03745318352059925
46 0.7844036697247706 0.9934456928838952 0.017949740725967292 0.013108614232209739
22 0.5061826884722777 0.7701310861423221 0.011966493817311527 0.040262172284644196
39 0.4932189868368568 0.774812734082397 0.008775428799361787 0.03464419475655431
95 0.505584363781412 0.8347378277153558 0.01316314319904268 0.06741573033707865
42 0.4226166733147188 0.9414794007490637 0.013960909453530115 0.03464419475655431
95 0.7660550458715596 0.8113295880149812 0.014758675708017551 0.05805243445692884
30 0.8039489429597128 0.9747191011235955 0.01316314319904268 0.05056179775280899
1 0.6862784204228161 0.6793071161048689 0.02114080574391703 0.09082397003745318
1 0.6862784204228161 0.8707865168539326 0.02114080574391703 0.09550561797752809