13 0.14222353636901242 0.4437924644842495 0.027794204612655235 0.03705991352686844
93 0.019810762862211707 0.36967263743051265 0.039621525724423415 0.045089561457689935
46 0.06978119455943228 0.5043236565781346 0.02069781194559432 0.03705991352686844
39 0.19544648137196924 0.3474366893143916 0.01596688350088705 0.027794935145151328
39 0.06889414547604968 0.3221124150710315 0.02069781194559432 0.016676961087090797
39 0.015079834417504436 0.4493514515132798 0.00768775872264932 0.0253242742433601
39 0.06978119455943228 0.43699814700432366 0.01655824955647546 0.015441630636195183
46 0.30987581312832646 0.9033353922174182 0.02365464222353637 0.017912291537986413
46 0.3131283264340627 0.9688079061148858 0.026020106445890007 0.019147621988882025
29 0.38941454760496746 0.9570722668313774 0.023063276167947958 0.03644224830142063
47 0.3565937315198108 0.9021000617665226 0.023063276167947958 0.017294626312538603
22 0.3654642223536369 0.9684990735021618 0.017740981667652277 0.02038295243977764
22 0.4124778237729154 0.9672637430512662 0.012418687167356593 0.01605929586164299
46 0.4414547604967475 0.968190240889438 0.023063276167947958 0.017912291537986413
42 0.34092253104671794 0.9925880172946263 0.01714961561206387 0.014823965410747375
42 0.4157303370786517 0.9314391599752934 0.03784742755765819 0.03150092649783817
56 0.4059727971614429 0.8480543545398395 0.024837374334713187 0.017294626312538603
42 0.38882318154937906 0.8619518221124151 0.03489059727971614 0.03150092649783817
42 0.2043169722057954 0.8171710932674491 0.02956830277942046 0.02964793082149475
42 0.2371377882909521 0.8184064237183447 0.03134240094618569 0.033353922174181594
42 0.20195150798344175 0.7186534898085237 0.03134240094618569 0.03211859172328598
25 0.04316972205795387 0.6766522544780729 0.04021289178001183 0.04076590487955528
25 0.13187463039621525 0.7189623224212477 0.03548196333530455 0.04138357010500309
49 0.13187463039621525 0.7625077208153181 0.041986989946777055 0.03953057442865967
42 0.26552335895919577 0.7835083384805436 0.01655824955647546 0.021000617665225447
49 0.12300413956238912 0.6738727609635577 0.03666469544648137 0.04138357010500309
1 0.33678296865759905 0.9283508338480544 0.026020106445890007 0.042001235330450894
1 0.42016558249556474 0.9848672019765288 0.023063276167947958 0.030265596046942556
42 0.4630396215257244 0.7059913526868438 0.03015966883500887 0.03829524397776405
25 0.5162625665286813 0.705064854848672 0.03666469544648137 0.03644224830142063
49 0.5408042578356003 0.7439777640518839 0.03725606150206978 0.0426189005558987
42 0.4062684801892371 0.7668313773934528 0.02069781194559432 0.022235948116121063
42 0.43524541691306917 0.798023471278567 0.02956830277942046 0.030265596046942556
42 0.46954464813719693 0.7995676343421866 0.03252513305736251 0.030265596046942556
95 0.25931401537551746 0.6380481778875849 0.036073329390892965 0.017294626312538603
3 0.19071555292726197 0.7850525015441631 0.026611472501478415 0.017912291537986413
3 0.48344175044352455 0.7677578752316244 0.023063276167947958 0.01852995676343422
49 0.20786516853932585 0.7711550339715874 0.014192785334121822 0.012970969734403953
49 0.46510940272028384 0.752933909820877 0.01714961561206387 0.015441630636195183
96 0.18894145476049676 0.7603458925262507 0.01537551744529864 0.01605929586164299
96 0.48255470136014195 0.743360098826436 0.01537551744529864 0.01605929586164299
86 0.5632761679479598 0.9793082149474984 0.00768775872264932 0.029030265596046944