42 0.7457165109034268 0.24297752808988765 0.04205607476635514 0.06554307116104868
42 0.6545950155763239 0.27715355805243447 0.04127725856697819 0.0449438202247191
42 0.5428348909657321 0.13951310861423222 0.024143302180685357 0.035580524344569285
42 0.5728193146417445 0.17790262172284643 0.02336448598130841 0.0299625468164794
42 0.5420560747663551 0.21254681647940074 0.02570093457943925 0.040262172284644196
46 0.6074766355140186 0.12921348314606743 0.02336448598130841 0.04962546816479401
46 0.6931464174454829 0.12874531835205993 0.022585669781931463 0.03838951310861423
1 0.6623831775700935 0.17134831460674158 0.045950155763239874 0.04119850187265917
1 0.5829439252336449 0.28792134831460675 0.045950155763239874 0.023408239700374533
22 0.6105919003115264 0.20646067415730338 0.021806853582554516 0.025280898876404494
22 0.6098130841121495 0.2818352059925094 0.018691588785046728 0.020599250936329586
47 0.6962616822429907 0.20224719101123595 0.01791277258566978 0.04400749063670412
47 0.6401869158878505 0.22940074906367042 0.000778816199376947 0.0009363295880149813
29 0.6234423676012462 0.24204119850187267 0.045171339563862926 0.042134831460674156
56 0.7636292834890965 0.26779026217228463 0.020249221183800622 0.03464419475655431
42 0.1530373831775701 0.30852059925093633 0.016355140186915886 0.017790262172284643
42 0.117601246105919 0.30852059925093633 0.01557632398753894 0.017790262172284643
47 0.117601246105919 0.34363295880149813 0.01674454828660436 0.023408239700374533
35 0.1838006230529595 0.3703183520599251 0.017133956386292833 0.03698501872659176
42 0.2087227414330218 0.5163857677902621 0.012071651090342679 0.024344569288389514
22 0.2523364485981308 0.5163857677902621 0.011682242990654205 0.027153558052434457
47 0.235202492211838 0.5149812734082397 0.017133956386292833 0.02153558052434457
25 0.08722741433021806 0.4597378277153558 0.029205607476635514 0.0650749063670412
42 0.08878504672897196 0.3661048689138577 0.026090342679127725 0.054775280898876406
39 0.033099688473520246 0.3342696629213483 0.010514018691588784 0.02153558052434457
39 0.012071651090342679 0.35252808988764045 0.015186915887850467 0.030430711610486893
17 0.0190809968847352 0.3099250936329588 0.010124610591900311 0.020599250936329586
1 0.15537383177570094 0.3951310861423221 0.02998442367601246 0.041666666666666664