13 0.012953367875647668 0.38764044943820225 0.025906735751295335 0.056179775280898875
39 0.06419113413932066 0.24204119850187267 0.015544041450777202 0.042134831460674156
42 0.47006332757628094 0.26685393258426965 0.025043177892918825 0.019194756554307114
22 0.4294761082325849 0.26591760299625467 0.027058146229130685 0.016853932584269662
22 0.5083477259643063 0.2663857677902622 0.027058146229130685 0.013576779026217229
49 0.19861830742659758 0.5758426966292135 0.05872193436960276 0.0898876404494382
49 0.19775474956822106 0.8487827715355806 0.0535405872193437 0.08895131086142322
69 0.3681635002878526 0.577247191011236 0.04835924006908463 0.0702247191011236
69 0.36758779504893496 0.8459737827715356 0.04432930339666091 0.06835205992509363
86 0.0768566493955095 0.7102059925093633 0.022452504317789293 0.03464419475655431
22 0.12982153137593552 0.7897940074906367 0.02648244099021301 0.03089887640449438
93 0.043465745538284396 0.8085205992509363 0.04778353483016695 0.07116104868913857