42 0.615546218487395 0.22580645161290322 0.03181272509003601 0.051075268817204304
42 0.6125450180072028 0.22446236559139784 0.02581032412965186 0.05913978494623656
42 0.7001800720288115 0.4415322580645161 0.028211284513805522 0.06317204301075269
93 0.6038415366146459 0.3219086021505376 0.008403361344537815 0.08736559139784947
46 0.8052220888355343 0.3581989247311828 0.036614645858343335 0.06182795698924731
93 0.7533013205282113 0.012096774193548387 0.0468187274909964 0.024193548387096774
93 0.6491596638655462 0.3602150537634409 0.04321728691476591 0.10887096774193548
7 0.6146458583433373 0.42943548387096775 0.030012004801920768 0.06586021505376344
42 0.6434573829531812 0.02486559139784946 0.05042016806722689 0.04973118279569892
1 0.6779711884753902 0.5248655913978495 0.024009603841536616 0.10483870967741936
22 0.7343937575030012 0.4428763440860215 0.02100840336134454 0.04704301075268817
86 0.7169867947178872 0.5725806451612904 0.029411764705882353 0.03225806451612903
86 0.6374549819927972 0.5739247311827957 0.030012004801920768 0.02956989247311828
86 0.6581632653061225 0.2600806451612903 0.022809123649459785 0.05913978494623656
87 0.7121848739495799 0.030913978494623656 0.02581032412965186 0.06182795698924731
42 0.8457382953181273 0.9186827956989247 0.03361344537815126 0.07526881720430108
42 0.9846938775510204 0.969758064516129 0.030612244897959183 0.06048387096774194
1 0.7896158463385354 0.8286290322580645 0.026410564225690276 0.0967741935483871
1 0.7442977190876351 0.8279569892473119 0.0234093637454982 0.0793010752688172
17 0.668967587034814 0.6619623655913979 0.012605042016806723 0.05913978494623656
42 0.6800720288115246 0.717741935483871 0.015606242496998799 0.033602150537634407
1 0.9198679471788715 0.8548387096774194 0.028211284513805522 0.08870967741935484
1 0.9537815126050421 0.823252688172043 0.02220888355342137 0.08333333333333333
1 0.9867947178871549 0.8198924731182796 0.026410564225690276 0.0913978494623656
42 0.6524609843937575 0.6532258064516129 0.016206482593037214 0.03763440860215054
86 0.7169867947178872 0.8259408602150538 0.016206482593037214 0.04704301075268817
86 0.9276710684273709 0.8138440860215054 0.015606242496998799 0.04435483870967742
30 0.9498799519807923 0.8823924731182796 0.02100840336134454 0.02956989247311828
30 0.9942977190876351 0.844758064516129 0.011404561824729893 0.036290322580645164
39 0.6512605042016807 0.6196236559139785 0.016206482593037214 0.02956989247311828
39 0.762905162064826 0.8266129032258065 0.01800720288115246 0.0456989247311828