49 0.16859403530127814 0.6873684210526316 0.057212416311625075 0.09052631578947369
49 0.2398052343274498 0.6852631578947368 0.05599513085818624 0.09157894736842105
42 0.1701156421180767 0.858421052631579 0.049300060864272674 0.08
42 0.23858794887401097 0.8610526315789474 0.04808277541083384 0.08
25 0.16798539257455875 0.49894736842105264 0.04990870359099209 0.07789473684210527
25 0.23797930614729154 0.4994736842105263 0.05112598904443092 0.07894736842105263
30 0.16981132075471697 0.98 0.027388922702373707 0.02631578947368421
30 0.23828362751065124 0.98 0.030432136335970784 0.02631578947368421
46 0.37005477784540475 0.8994736842105263 0.01704199634814364 0.04842105263157895
107 0.8727936701156421 0.5173684210526316 0.0505173463177115 0.09157894736842105
92 0.8721850273889227 0.6952631578947368 0.05112598904443092 0.08842105263157894
105 0.8721850273889227 0.8731578947368421 0.054169202678027994 0.08842105263157894