25 0.0912087912087912 0.10793871866295264 0.05384615384615385 0.06615598885793872
25 0.08956043956043956 0.21727019498607242 0.05576923076923077 0.07033426183844012
25 0.08598901098901099 0.33147632311977715 0.05631868131868132 0.07311977715877438
42 0.9898351648351649 0.4254874651810585 0.02032967032967033 0.07381615598885793
42 0.8340659340659341 0.3955431754874652 0.015934065934065933 0.04596100278551532
42 0.8945054945054945 0.39415041782729804 0.02142857142857143 0.04874651810584958
42 0.9541208791208792 0.5717270194986073 0.019230769230769232 0.01532033426183844
42 0.7777472527472528 0.5731197771587744 0.015934065934065933 0.012534818941504178
22 0.9527472527472527 0.4582172701949861 0.012087912087912088 0.0403899721448468
22 0.9206043956043956 0.38997214484679665 0.015384615384615385 0.0403899721448468
22 0.8065934065934066 0.39136490250696376 0.013736263736263736 0.03203342618384401
22 0.7760989010989011 0.46030640668523676 0.012637362637362638 0.037604456824512536
1 0.9826923076923076 0.5188022284122563 0.03461538461538462 0.05988857938718663
93 0.8153846153846154 0.5383008356545961 0.03021978021978022 0.06406685236768803
7 0.7788461538461539 0.38370473537604455 0.018131868131868133 0.07938718662952646
7 0.9535714285714286 0.383008356545961 0.020879120879120878 0.08217270194986072
42 0.31895604395604393 0.8015320334261838 0.02142857142857143 0.06406685236768803
93 0.43434065934065935 0.7667130919220055 0.04230769230769231 0.10306406685236769
42 0.5063186813186813 0.8955431754874652 0.025274725274725275 0.054317548746518104
46 0.6620879120879121 0.871866295264624 0.031868131868131866 0.0584958217270195
95 0.7228021978021978 0.967966573816156 0.043406593406593405 0.03899721448467967
46 0.7656593406593407 0.8133704735376045 0.008241758241758242 0.07520891364902507
46 0.765934065934066 0.9415041782729805 0.007692307692307693 0.06685236768802229
95 0.5667582417582417 0.974233983286908 0.04065934065934066 0.04317548746518106
39 0.389010989010989 0.8481894150417827 0.01978021978021978 0.04178272980501393
79 0.9304945054945055 0.7799442896935933 0.022527472527472527 0.0403899721448468
79 0.9321428571428572 0.9846796657381616 0.02032967032967033 0.03064066852367688
22 0.9527472527472527 0.7827298050139275 0.008791208791208791 0.03203342618384401
23 0.9516483516483516 0.9881615598885793 0.013186813186813187 0.023676880222841225
65 0.9857142857142858 0.6713091922005571 0.02857142857142857 0.0947075208913649
65 0.9870879120879121 0.883008356545961 0.025824175824175823 0.09192200557103064
73 0.9862637362637363 0.7834261838440112 0.027472527472527472 0.07103064066852367
73 0.9873626373626374 0.9763231197771588 0.025274725274725275 0.04735376044568245
42 0.8005494505494506 0.6267409470752089 0.018131868131868133 0.04874651810584958
42 0.8013736263736264 0.8440111420612814 0.019230769230769232 0.04596100278551532
7 0.7837912087912088 0.6504178272980501 0.015384615384615385 0.06545961002785515
7 0.785989010989011 0.8739554317548747 0.013736263736263736 0.06128133704735376