25 0.4953943580886586 0.007103150092649784 0.06044905008635579 0.014206300185299567
42 0.49366724237190557 0.07381099444101297 0.055843408175014396 0.03150092649783817
49 0.4124928036845135 0.009573810994441012 0.06534254461715601 0.019147621988882025
42 0.34974093264248707 0.01852995676343422 0.0535405872193437 0.03613341568869673
42 0.3572251007484168 0.17696108709079678 0.055843408175014396 0.034280420012353305
47 0.49568221070811747 0.29246448424953675 0.04087507196315487 0.010500308832612723
39 0.39176741508347723 0.35114268066707843 0.018134715025906734 0.016985793699814702
17 0.31721358664363847 0.23934527486102533 0.039723661485319514 0.011117974058060531
3 0.37075417386298215 0.06145768993205682 0.03425446171560161 0.026868437306979617
96 0.40875071963154863 0.062384187770228534 0.03540587219343696 0.014515132798023472
42 0.3943580886586068 0.29246448424953675 0.02677029360967185 0.016985793699814702
42 0.37622337363270003 0.1454601605929586 0.03223949337938975 0.019147621988882025
1 0.30569948186528495 0.2100061766522545 0.03223949337938975 0.04076590487955528
36 0.42976396085204377 0.17078443483631872 0.031088082901554404 0.025633106856084
48 0.397524467472654 0.08091414453366276 0.029936672423719057 0.013279802347127856
49 0.15687967760506621 0.5972822730080296 0.016119746689694875 0.06547251389746757
49 0.10823258491652274 0.5985176034589252 0.01583189407023604 0.06331068560840025
86 0.13298791018998274 0.45213094502779494 0.006044905008635579 0.027486102532427423
22 0.1188831318364997 0.5166769610870908 0.005469199769717904 0.03242742433600988
93 0.11542890040299367 0.41136504014823966 0.012665515256188831 0.05836936380481779
53 0.41796200345423146 0.4203211859172329 0.10362694300518134 0.10067943174799258