42 0.6644654088050315 0.0892672858617131 0.03459119496855346 0.05985552115583075
42 0.6094339622641509 0.2347781217750258 0.03773584905660377 0.054695562435500514
42 0.7650943396226415 0.2260061919504644 0.03333333333333333 0.05675954592363261
42 0.789308176100629 0.4019607843137255 0.03459119496855346 0.05675954592363261
42 0.9663522012578616 0.3637770897832817 0.0389937106918239 0.06191950464396285
42 0.9918238993710692 0.19711042311661506 0.016352201257861635 0.05985552115583075
42 0.8773584905660378 0.18885448916408668 0.015723270440251572 0.030959752321981424
42 0.9056603773584906 0.44427244582043346 0.018867924528301886 0.026831785345717233
42 0.7358490566037735 0.21052631578947367 0.015723270440251572 0.030959752321981424
42 0.7355345911949686 0.35036119711042313 0.018867924528301886 0.026831785345717233
25 0.5937106918238994 0.08771929824561403 0.027672955974842768 0.06604747162022703
25 0.5893081761006289 0.43395252837977294 0.018867924528301886 0.06707946336429309
49 0.5949685534591195 0.1697626418988648 0.03018867924528302 0.0608875128998968
3 0.6531446540880503 0.2131062951496388 0.024528301886792454 0.029927760577915376
93 0.839622641509434 0.36584107327141385 0.03459119496855346 0.05263157894736842
93 0.9116352201257861 0.38544891640866874 0.03270440251572327 0.05159958720330237
93 0.6861635220125786 0.3328173374613003 0.035849056603773584 0.05572755417956656
47 0.8786163522012579 0.08875128998968008 0.013207547169811321 0.043343653250773995
47 0.9050314465408805 0.49277605779153766 0.02578616352201258 0.025799793601651185
47 0.7672955974842768 0.34829721362229105 0.014465408805031447 0.0412796697626419
1 0.7 0.4422084623323013 0.0440251572327044 0.04437564499484004
1 0.7987421383647799 0.2801857585139319 0.04150943396226415 0.04231166150670795
42 0.9345911949685535 0.31475748194014447 0.01761006289308176 0.029927760577915376
42 0.7361635220125786 0.5634674922600619 0.016981132075471698 0.01238390092879257
17 0.8261006289308176 0.26625386996904027 0.014465408805031447 0.0412796697626419
35 0.7606918238993711 0.15376676986584106 0.023270440251572325 0.03508771929824561
96 0.6528301886792452 0.17027863777089783 0.01761006289308176 0.030959752321981424
48 0.6713836477987422 0.18833849329205365 0.015723270440251572 0.023735810113519093
86 0.6987421383647798 0.4071207430340557 0.016352201257861635 0.023735810113519093
42 0.6487421383647799 0.43343653250773995 0.04591194968553459 0.07636738906088751
39 0.9361635220125786 0.1914344685242518 0.016981132075471698 0.023735810113519093
48 0.9955974842767296 0.29256965944272445 0.00880503144654088 0.02786377708978328
39 0.75 0.5619195046439629 0.011949685534591196 0.015479876160990712
46 0.18238993710691823 0.935500515995872 0.033962264150943396 0.038183694530443756
93 0.2179245283018868 0.6707946336429309 0.04779874213836478 0.07223942208462332
46 0.520125786163522 0.6042311661506707 0.023270440251572325 0.05159958720330237
93 0.33773584905660375 0.848297213622291 0.05220125786163522 0.07636738906088751
93 0.2641509433962264 0.935500515995872 0.0880503144654088 0.07327141382868937
1 0.2610062893081761 0.6486068111455109 0.03710691823899371 0.09287925696594428
47 0.449685534591195 0.695046439628483 0.03710691823899371 0.0412796697626419
42 0.7182389937106918 0.6243550051599587 0.05408805031446541 0.08152734778121776
42 0.7836477987421384 0.6976264189886481 0.04968553459119497 0.0825593395252838
42 0.7823899371069183 0.8008255933952528 0.061635220125786164 0.09907120743034056
39 0.7427672955974842 0.8013415892672858 0.016981132075471698 0.04231166150670795
39 0.8223270440251572 0.7982456140350878 0.012578616352201259 0.0412796697626419
25 0.7820754716981132 0.5835913312693498 0.057232704402515724 0.02786377708978328