25 0.08516154766653371 0.10219675262655205 0.05025927403270842 0.06255969436485195
25 0.0837654567211807 0.20630372492836677 0.052054248105305144 0.06638013371537727
25 0.08037495013960909 0.3142311365807068 0.05265257279617072 0.06972301814708691
42 0.7508974870362983 0.610792741165234 0.035899481451934584 0.09073543457497613
42 0.8909054646988432 0.5998089780324737 0.040686078978859196 0.0936007640878701
22 0.7243717590745912 0.8314231136580706 0.008775428799361787 0.03151862464183381
22 0.7502991623454328 0.9297994269340975 0.01874750698045473 0.044890162368672396
22 0.8913043478260869 0.9321872015281757 0.01994415636218588 0.04011461318051576
22 0.9842441164738731 0.8662846227316141 0.01316314319904268 0.038204393505253106
22 0.9980055843637814 0.9317096466093601 0.003988831272437176 0.03533906399235912
1 0.779617072197846 0.8581661891117478 0.04507379337854009 0.06017191977077364
1 0.8619864379736737 0.8533906399235912 0.04268049461507778 0.050620821394460364
93 0.7281611487834064 0.6595033428844317 0.016354208216992423 0.07163323782234957
22 0.8195053849222178 0.8042024832855779 0.017151974471479856 0.02865329512893983
39 0.8214998005584364 0.835243553008596 0.014758675708017551 0.021012416427889206
95 0.8470283207020343 0.8056351480420249 0.028719585161547666 0.03151862464183381
42 0.8925009972078181 0.9937917860553964 0.014758675708017551 0.012416427889207259
42 0.7481053051455924 0.9918815663801337 0.017151974471479856 0.01623686723973257
93 0.9918228958915037 0.6857688634192932 0.016354208216992423 0.07449856733524356
95 0.9962106102911846 0.8070678127984718 0.007578779417630634 0.02865329512893983