56 0.6149914821124361 0.45868772782503037 0.03321976149914821 0.05953827460510328
46 0.8292163543441227 0.6998784933171325 0.04599659284497445 0.03766707168894289
22 0.7879045996592845 0.49878493317132444 0.028109028960817718 0.038882138517618466
29 0.7661839863713799 0.402187120291616 0.075809199318569 0.061968408262454436
22 0.787052810902896 0.3068043742405832 0.027257240204429302 0.041312272174969626
1 0.840289608177172 0.34750911300121506 0.03577512776831346 0.041312272174969626
22 0.8739352640545145 0.3985419198055893 0.03321976149914821 0.046172539489671933
94 0.8556218057921635 0.1445929526123937 0.06729131175468483 0.03402187120291616
42 0.9880749574105622 0.06439854191980558 0.02385008517887564 0.04860267314702309
22 0.7448892674616695 0.02551640340218712 0.030664395229982964 0.03523693803159174
42 0.7206132879045997 0.48116646415552855 0.06473594548551959 0.0959902794653706
42 0.6473594548551959 0.40097205346294046 0.06388415672913117 0.09234507897934387
46 0.706984667802385 0.0795868772782503 0.03236797274275979 0.03645200486026731
86 0.6554514480408858 0.046172539489671933 0.03321976149914821 0.04860267314702309
39 0.952725724020443 0.06500607533414338 0.022146507666098807 0.04981773997569866
42 0.873083475298126 0.10935601458080195 0.034071550255536626 0.041312272174969626
1 0.9028960817717206 0.5492102065613609 0.044293015332197615 0.0425273390036452
86 0.8164395229982965 0.3019441069258809 0.030664395229982964 0.053462940461725394
42 0.3977853492333901 0.7448359659781288 0.06643952299829642 0.031591737545565005
42 0.8641396933560477 0.956865127582017 0.048551959114139696 0.07047387606318348
42 0.8160136286201022 0.8979343863912516 0.027257240204429302 0.03523693803159174
95 0.6132879045996593 0.9131227217496962 0.020442930153321975 0.07411907654921021