22 0.25594250967385296 0.005050505050505051 0.021006080707573246 0.010101010101010102
86 0.205085682697623 0.11300505050505051 0.02045328911000553 0.05808080808080808
29 0.2708678828081813 0.10479797979797979 0.054173576561636266 0.0845959595959596
56 0.3841901603095633 0.16351010101010102 0.017689331122166942 0.06439393939393939
42 0.3623548922056385 0.10606060606060606 0.04477611940298507 0.10353535353535354
42 0.3148148148148148 0.22348484848484848 0.04367053620784964 0.09974747474747475
22 0.25400773908236596 0.21275252525252525 0.018794914317302378 0.041666666666666664
46 0.2269209508015478 0.25063131313131315 0.0326147042564953 0.04671717171717172
42 0.2542841348811498 0.2916666666666667 0.02321724709784411 0.05555555555555555
71 0.9165284687672748 0.4602272727272727 0.08402432283029299 0.07954545454545454
36 0.9391929242675512 0.9551767676767676 0.05749032614704257 0.08964646464646464
100 0.8449419568822554 0.9734848484848485 0.03482587064676617 0.05303030303030303
44 0.750138197899392 0.9381313131313131 0.04311774461028192 0.12373737373737374