42 0.12824765063571034 0.04551920341394026 0.04643449419568822 0.09103840682788052
42 0.22360420121614152 0.2119487908961593 0.024322830292979547 0.05405405405405406
22 0.25870646766169153 0.2119487908961593 0.01658374792703151 0.05405405405405406
46 0.24571586511885019 0.2880512091038407 0.02155887230514096 0.09103840682788052
86 0.31205085682697625 0.34281650071123754 0.02542841348811498 0.05263157894736842
29 0.30845771144278605 0.17354196301564723 0.037037037037037035 0.13940256045519203
42 0.3604201216141515 0.060455192034139404 0.04367053620784964 0.112375533428165
22 0.35572139303482586 0.21692745376955902 0.01824212271973466 0.04836415362731152
46 0.3723051409618574 0.28662873399715505 0.02045328911000553 0.08392603129445235
42 0.3902708678828082 0.21621621621621623 0.024322830292979547 0.059743954480796585
46 0.12797125483692648 0.15576102418207682 0.02211166390270868 0.08534850640113797
42 0.4823106688778331 0.20056899004267426 0.014925373134328358 0.017069701280227598
42 0.5165837479270315 0.02275960170697013 0.020729684908789386 0.019203413940256046
1 0.47622996130458817 0.08179231863442389 0.049474847982310666 0.027738264580369845
1 0.4342177998894417 0.26884779516358465 0.029297954671088998 0.02844950213371266
1 0.43394140409065785 0.32574679943101 0.028745163073521283 0.025604551920341393
17 0.5135433941404091 0.18634423897581792 0.03510226644555003 0.017780938833570414
47 0.5525152017689331 0.021337126600284494 0.018518518518518517 0.029160739687055477
42 0.5163073521282476 0.16571834992887624 0.02570480928689884 0.023470839260312945
93 0.45992260917634054 0.014935988620199146 0.048645660585959094 0.029160739687055477
42 0.42979546710889993 0.08036984352773827 0.02045328911000553 0.04694167852062589
39 0.5505804311774462 0.20839260312944524 0.019347705914870093 0.01422475106685633
86 0.4292426755113322 0.2937411095305832 0.019347705914870093 0.01849217638691323
86 0.4281370923161968 0.2411095305832148 0.017136539524599224 0.021337126600284494
42 0.1625207296849088 0.5042674253200569 0.054173576561636266 0.08961593172119488
39 0.12741846323935876 0.4850640113798009 0.014925373134328358 0.051209103840682786
39 0.19734660033167495 0.4822190611664296 0.01105583195135434 0.04551920341394026
46 0.3629076838032062 0.5533428165007113 0.019347705914870093 0.06970128022759602
25 0.43173023770038693 0.4672830725462304 0.024322830292979547 0.015647226173541962
25 0.49032614704256494 0.4672830725462304 0.037589828634604756 0.015647226173541962
49 0.5353786622443338 0.4694167852062589 0.037037037037037035 0.01991465149359886