42 0.26154228855721395 0.28541425818882465 0.046296296296296294 0.15173410404624277
25 0.33824212271973464 0.15776493256262042 0.046296296296296294 0.1613680154142582
42 0.3568988391376451 0.5238535645472061 0.02418463239358762 0.07466281310211946
22 0.3917910447761194 0.5238535645472061 0.01658374792703151 0.07466281310211946
46 0.3790105030403538 0.6274181117533718 0.021420674405749032 0.12283236994219653
86 0.44534549474847984 0.7008670520231214 0.02556661138750691 0.07225433526011561
29 0.44154228855721395 0.4720616570327553 0.03731343283582089 0.18786127167630057
56 0.4674571586511885 0.07707129094412331 0.028330569375345494 0.0626204238921002
42 0.44223327805417356 0.1529479768786127 0.04560530679933665 0.1565510597302505
42 0.4937147595356551 0.3191329479768786 0.043532338308457715 0.15173410404624277
22 0.48887783305693755 0.5310789980732177 0.018656716417910446 0.06502890173410404
46 0.5054615809839691 0.625009633911368 0.02003869541182974 0.11319845857418112
42 0.5234273079049199 0.5298651252408478 0.02418463239358762 0.08188824662813102
46 0.26119402985074625 0.4479768786127168 0.02211166390270868 0.11560693641618497