42 0.33305693753454946 0.22804532577903683 0.007186290768380321 0.0169971671388102
42 0.33250414593698174 0.40084985835694054 0.006080707573244887 0.025495750708215296
42 0.33443891652846874 0.05524079320113314 0.009950248756218905 0.0169971671388102
22 0.3322277501381979 0.20113314447592068 0.00552791597567717 0.0226628895184136
22 0.3322277501381979 0.08569405099150142 0.00552791597567717 0.021246458923512748
22 0.3327805417357656 0.37464589235127477 0.006633499170812604 0.015580736543909348
7 0.34521835268103923 0.007790368271954674 0.03150912106135987 0.015580736543909348
7 0.3421779988944168 0.34702549575070823 0.02542841348811498 0.0226628895184136
22 0.3322277501381979 0.25424929178470257 0.00552791597567717 0.021246458923512748
7 0.3430071862907684 0.17492917847025496 0.027086788280818133 0.021246458923512748
42 0.22664455500276395 0.990084985835694 0.03095632946379215 0.019830028328611898
42 0.14289662797125482 0.9546742209631728 0.030403537866224434 0.07365439093484419
42 0.08512990602542841 0.8456090651558074 0.030403537866224434 0.07932011331444759
42 0.12741846323935876 0.4752124645892351 0.03150912106135987 0.08356940509915015
42 0.15865118850193477 0.5439093484419264 0.017689331122166942 0.039660056657223795
42 0.17495854063018243 0.8824362606232294 0.019347705914870093 0.042492917847025496
95 0.2902155887230514 0.5262039660056658 0.013266998341625208 0.08640226628895184
48 0.16970702045328911 0.42705382436260625 0.014372581536760642 0.015580736543909348
56 0.09839690436705362 0.8873937677053825 0.013266998341625208 0.0453257790368272
1 0.3814262023217247 0.44192634560906513 0.03316749585406302 0.0453257790368272