86 0.2769485903814262 0.3763157894736842 0.02045328911000553 0.08070175438596491
29 0.2111663902708679 0.37894736842105264 0.054173576561636266 0.10175438596491228
56 0.0978441127694859 0.306140350877193 0.017689331122166942 0.08947368421052632
42 0.11967938087341072 0.3719298245614035 0.04477611940298507 0.11578947368421053
42 0.16721945826423437 0.22280701754385965 0.04367053620784964 0.13859649122807016
22 0.22802653399668324 0.23771929824561402 0.018794914317302378 0.05789473684210526
46 0.2551133222775014 0.1850877192982456 0.0326147042564953 0.06491228070175438
42 0.22775013819789938 0.1280701754385965 0.02321724709784411 0.07719298245614035
93 0.4917081260364842 0.5350877192982456 0.04643449419568822 0.05175438596491228
47 0.595632946379215 0.543859649122807 0.020729684908789386 0.04298245614035088
42 0.4740187949143173 0.45263157894736844 0.05140961857379768 0.0456140350877193
39 0.3148148148148148 0.4964912280701754 0.015754560530679935 0.02280701754385965
42 0.4267551133222775 0.4964912280701754 0.024875621890547265 0.02543859649122807
42 0.5480928689883914 0.5429824561403509 0.024875621890547265 0.02631578947368421
42 0.7556661138750691 0.769298245614035 0.01990049751243781 0.06842105263157895
42 0.8366500829187397 0.7736842105263158 0.01990049751243781 0.07017543859649122
42 0.9187396351575456 0.7684210526315789 0.024322830292979547 0.07017543859649122
29 0.8645660585959093 0.7675438596491229 0.02155887230514096 0.05789473684210526
29 0.9463792150359315 0.769298245614035 0.021006080707573246 0.05789473684210526
29 0.7827529021558872 0.7710526315789473 0.021006080707573246 0.05964912280701754
42 0.7252625760088447 0.6035087719298246 0.019347705914870093 0.05789473684210526
42 0.8114980652294085 0.6008771929824561 0.01824212271973466 0.06140350877192982
42 0.8930348258706468 0.6008771929824561 0.01990049751243781 0.05964912280701754
7 0.7346600331674958 0.6570175438596492 0.025981205085682697 0.04912280701754386
7 0.8233830845771144 0.65 0.024322830292979547 0.043859649122807015
7 0.9046434494195689 0.6517543859649123 0.027086788280818133 0.043859649122807015