42 0.15671641791044777 0.15982532751091702 0.02791597567716971 0.0851528384279476
25 0.20287451630735212 0.08864628820960699 0.02791597567716971 0.09039301310043668
42 0.21393034825870647 0.2934497816593886 0.014648977335544499 0.04104803493449782
22 0.23493642896627973 0.2934497816593886 0.009950248756218905 0.04104803493449782
46 0.22719734660033167 0.35109170305676857 0.012990602542841349 0.06899563318777292
86 0.2669983416252073 0.3925764192139738 0.015201768933112217 0.03973799126637555
29 0.26478717523493644 0.26419213973799127 0.02211166390270868 0.1056768558951965
56 0.2802653399668325 0.04323144104803493 0.016860143725815367 0.03449781659388646
42 0.26533996683250416 0.08558951965065502 0.027086788280818133 0.08733624454148471
42 0.2960199004975124 0.17860262008733624 0.026257600884466555 0.0851528384279476
22 0.29325594250967385 0.29737991266375546 0.01105583195135434 0.03668122270742358
46 0.30320619126589277 0.3502183406113537 0.012161415146489774 0.06375545851528384
42 0.31398562741846325 0.2965065502183406 0.014648977335544499 0.045414847161572056
46 0.15671641791044777 0.25065502183406113 0.013266998341625208 0.06462882096069869
25 0.6351575456053068 0.0445414847161572 0.03316749585406302 0.05240174672489083
25 0.9919845218352681 0.03056768558951965 0.016030956329463792 0.05240174672489083
42 0.701216141514649 0.04716157205240175 0.0326147042564953 0.045414847161572056
42 0.7039800995024875 0.1873362445414847 0.0326147042564953 0.048034934497816595
42 0.7371475953565506 0.18820960698689956 0.028745163073521283 0.050655021834061134
42 0.8817025981205086 0.25589519650655024 0.03316749585406302 0.04890829694323144
42 0.9054726368159204 0.35502183406113536 0.03316749585406302 0.0462882096069869
42 0.9245439469320066 0.16550218340611353 0.029297954671088998 0.048034934497816595
42 0.9579878385848535 0.16200873362445414 0.032061912658927584 0.04978165938864629
42 0.9505251520176893 0.031004366812227076 0.03150912106135987 0.05240174672489083
49 0.6323935876174682 0.10742358078602621 0.040353786622443336 0.05589519650655022
3 0.9709784411276948 0.1183406113537118 0.02377003869541183 0.03580786026200873
3 0.6918186843559978 0.14148471615720523 0.021006080707573246 0.0314410480349345
46 0.8070757324488668 0.31222707423580787 0.02321724709784411 0.029694323144104803
46 0.8070757324488668 0.40829694323144106 0.02321724709784411 0.022707423580786028
46 0.8814262023217247 0.4069868995633188 0.024322830292979547 0.02096069868995633
46 0.9309010503040354 0.4096069868995633 0.02211166390270868 0.026200873362445413
47 0.8507462686567164 0.31397379912663753 0.026533996683250415 0.020087336244541485
42 0.8347153123272526 0.4462882096069869 0.013819789939192924 0.0314410480349345
42 0.8139856274184633 0.4820960698689956 0.021006080707573246 0.028820960698689956
42 0.857379767827529 0.48078602620087335 0.018794914317302378 0.02794759825327511
42 0.7658927584300719 0.14017467248908297 0.014372581536760642 0.032314410480349345
42 0.8969043670536208 0.11572052401746726 0.014925373134328358 0.032314410480349345
22 0.8604201216141515 0.4069868995633188 0.01271420674405749 0.023580786026200874
22 0.9018794914317302 0.40567685589519653 0.014372581536760642 0.020087336244541485
39 0.8817025981205086 0.3716157205240175 0.015478164731896076 0.023580786026200874
1 0.9112769485903814 0.4318777292576419 0.02377003869541183 0.0611353711790393
96 0.6918186843559978 0.11004366812227075 0.013819789939192924 0.027074235807860263
48 0.7067440574903261 0.12183406113537118 0.027086788280818133 0.023580786026200874
48 0.9555002763957988 0.09781659388646288 0.024322830292979547 0.020087336244541485
96 0.9704256495301271 0.08427947598253276 0.01271420674405749 0.03056768558951965
1 0.8294637921503594 0.3502183406113537 0.02321724709784411 0.06375545851528384
39 0.8977335544499724 0.02314410480349345 0.014372581536760642 0.017467248908296942
56 0.8971807628524047 0.237117903930131 0.02377003869541183 0.032314410480349345
69 0.37728026533996684 0.6423580786026201 0.08291873963515754 0.13013100436681221
58 0.3756218905472637 0.8410480349344979 0.09231619679380873 0.13973799126637554