42 0.24642857142857144 0.015456989247311828 0.010439560439560439 0.030913978494623656
22 0.24642857142857144 0.09005376344086022 0.010439560439560439 0.04233870967741935
46 0.23186813186813188 0.05712365591397849 0.017582417582417582 0.05510752688172043
86 0.22115384615384615 0.22580645161290322 0.010164835164835165 0.06451612903225806
29 0.2541208791208791 0.2163978494623656 0.0271978021978022 0.09408602150537634
56 0.3107142857142857 0.28225806451612906 0.008791208791208791 0.07190860215053764
42 0.2997252747252747 0.21774193548387097 0.022252747252747253 0.11559139784946236
42 0.2760989010989011 0.3487903225806452 0.021703296703296703 0.11088709677419355
22 0.2456043956043956 0.33669354838709675 0.00934065934065934 0.046370967741935484
46 0.23214285714285715 0.3790322580645161 0.01620879120879121 0.05174731182795699
42 0.2456043956043956 0.42473118279569894 0.011538461538461539 0.06182795698924731
93 0.9129120879120879 0.22782258064516128 0.04065934065934066 0.10349462365591398
42 0.8620879120879121 0.40389784946236557 0.02142857142857143 0.06182795698924731
95 0.8310439560439561 0.551747311827957 0.01703296703296703 0.09946236559139784
39 0.8807692307692307 0.11693548387096774 0.016483516483516484 0.04838709677419355