42 0.09673852957435047 0.18824701195219123 0.017136539524599224 0.10059760956175298
25 0.1252072968490879 0.10408366533864542 0.017136539524599224 0.10657370517928287
42 0.1318407960199005 0.3456175298804781 0.00912106135986733 0.04830677290836653
22 0.14483139856274185 0.3456175298804781 0.006080707573244887 0.04830677290836653
46 0.14013266998341625 0.41334661354581675 0.008015478164731896 0.08117529880478087
86 0.16473189607517966 0.4626494023904382 0.009397457158651189 0.046812749003984064
29 0.16334991708126037 0.3112549800796813 0.013819789939192924 0.12450199203187251
56 0.17274737423991154 0.05079681274900399 0.010503040353786623 0.04083665338645418
42 0.16362631288004423 0.10109561752988047 0.016860143725815367 0.10308764940239044
42 0.1824212271973466 0.2101593625498008 0.016030956329463792 0.10059760956175298
22 0.18076285240464346 0.3500996015936255 0.006633499170812604 0.04332669322709164
46 0.18684355997788835 0.4123505976095618 0.007462686567164179 0.075199203187251
42 0.19347705914870095 0.34960159362549803 0.00912106135986733 0.053286852589641436
46 0.09646213377556662 0.2953187250996016 0.008291873963515755 0.07619521912350598
42 0.44029850746268656 0.07669322709163347 0.02570480928689884 0.02390438247011952
42 0.4281370923161968 0.5034860557768924 0.05140961857379768 0.046812749003984064
42 0.42703150912106136 0.5522908366533864 0.05831951354339414 0.04233067729083665
42 0.4847982310668878 0.4651394422310757 0.0326147042564953 0.026394422310756973
42 0.4867330016583748 0.5119521912350598 0.028468767274737423 0.026394422310756973
35 0.37921503593145384 0.3336653386454183 0.018794914317302378 0.029880478087649404
49 0.4654505251520177 0.24153386454183268 0.05914870093974572 0.054780876494023904
42 0.41376451077943616 0.4063745019920319 0.05831951354339414 0.049800796812749
42 0.3880597014925373 0.14143426294820718 0.03648424543946932 0.035856573705179286
39 0.48756218905472637 0.5502988047808764 0.026533996683250415 0.02141434262948207
3 0.5666113875069099 0.1394422310756972 0.04228855721393035 0.025896414342629483
96 0.5652294085129906 0.1752988047808765 0.022664455500276397 0.02041832669322709
48 0.5359314538419016 0.1598605577689243 0.027639579878385848 0.022908366533864542
25 0.05583195135433942 0.776394422310757 0.04588170259812051 0.0846613545816733
39 0.22719734660033167 0.9626494023904383 0.014372581536760642 0.018924302788844622
42 0.12299613045881702 0.7793824701195219 0.051962410171365395 0.09262948207171315
95 0.23797678275290216 0.9945219123505976 0.04256495301271421 0.010956175298804782
95 0.3642896627971255 0.9666334661354582 0.01105583195135434 0.03286852589641434
23 0.3543394140409066 0.6683266932270916 0.01990049751243781 0.017928286852589643
23 0.23466003316749584 0.7201195219123506 0.01824212271973466 0.03386454183266932
23 0.23466003316749584 0.8311752988047809 0.01658374792703151 0.030876494023904383
23 0.35378662244333886 0.9023904382470119 0.01990049751243781 0.025896414342629483