86 0.3974571586511885 0.46433878157503716 0.02045328911000553 0.06835066864784546
29 0.33167495854063017 0.4739970282317979 0.054173576561636266 0.09955423476968796
56 0.2183526810392482 0.4049034175334324 0.017689331122166942 0.07578008915304606
42 0.240187949143173 0.4702823179791976 0.04477611940298507 0.11738484398216939
42 0.2877280265339967 0.3343239227340267 0.04367053620784964 0.11738484398216939
22 0.3485351022664456 0.34695393759286774 0.018794914317302378 0.04903417533432392
46 0.3756218905472637 0.30237741456166417 0.0326147042564953 0.0549777117384844
42 0.3482587064676617 0.2540861812778603 0.02321724709784411 0.06537890044576523
42 0.8772802653399668 0.6062407132243685 0.030403537866224434 0.08320950965824665
42 0.8349917081260365 0.975482912332838 0.03150912106135987 0.04903417533432392
42 0.8037589828634605 0.9227340267459139 0.017689331122166942 0.041604754829123326
42 0.7874516307352128 0.5676077265973254 0.019347705914870093 0.04457652303120357
95 0.6721945826423439 0.9413075780089153 0.013266998341625208 0.09063893016344725
56 0.8640132669983416 0.562407132243685 0.013266998341625208 0.0475482912332838