42 0.09673852957435047 0.17117903930131004 0.017136539524599224 0.09126637554585153
25 0.1252072968490879 0.09475982532751091 0.017136539524599224 0.09694323144104804
42 0.1318407960199005 0.314410480349345 0.00912106135986733 0.04410480349344978
22 0.14483139856274185 0.314410480349345 0.006080707573244887 0.04410480349344978
46 0.14013266998341625 0.3764192139737991 0.008015478164731896 0.07379912663755459
86 0.16473189607517966 0.42096069868995634 0.009397457158651189 0.04279475982532751
29 0.16334991708126037 0.2834061135371179 0.013819789939192924 0.1131004366812227
56 0.17274737423991154 0.0462882096069869 0.010503040353786623 0.03711790393013101
42 0.16362631288004423 0.09170305676855896 0.016860143725815367 0.09344978165938865
42 0.1824212271973466 0.19126637554585152 0.016030956329463792 0.09126637554585153
22 0.18076285240464346 0.3183406113537118 0.006633499170812604 0.039301310043668124
46 0.18684355997788835 0.37510917030567686 0.007462686567164179 0.06812227074235808
42 0.19347705914870095 0.3179039301310044 0.00912106135986733 0.04847161572052402
46 0.09646213377556662 0.2689956331877729 0.008291873963515755 0.06943231441048035
94 0.41404090657822 0.3471615720524017 0.018518518518518517 0.05982532751091703
42 0.4596462133775567 0.4720524017467249 0.027639579878385848 0.034934497816593885
39 0.4593698175787728 0.5117903930131005 0.026257600884466555 0.01572052401746725
22 0.48175787728026537 0.248471615720524 0.01990049751243781 0.027074235807860263
46 0.45107794361525705 0.21528384279475982 0.020729684908789386 0.028820960698689956
46 0.4035378662244334 0.04148471615720524 0.02211166390270868 0.037991266375545854
86 0.4701492537313433 0.16899563318777291 0.027639579878385848 0.029694323144104803
94 0.5163073521282476 0.22969432314410482 0.01990049751243781 0.053711790393013104
39 0.4593698175787728 0.4331877729257642 0.028192371475953566 0.019650655021834062
42 0.4342177998894417 0.362882096069869 0.023493642896627972 0.030131004366812226
46 0.5367606412382532 0.25021834061135373 0.03731343283582089 0.023580786026200874
65 0.3250414593698176 0.6803493449781659 0.03427307904919845 0.05414847161572053
65 0.32476506357103374 0.8039301310043668 0.03150912106135987 0.05502183406113537
65 0.3244886677722499 0.9262008733624454 0.033720287451630734 0.056768558951965066
73 0.3396904367053621 0.6244541484716157 0.05583195135433942 0.03580786026200873
73 0.33996683250414594 0.7467248908296943 0.055279159756771695 0.02794759825327511
73 0.33858485351022666 0.868122270742358 0.05583195135433942 0.032314410480349345
73 0.3407960199004975 0.9860262008733625 0.056937534549474846 0.02794759825327511
42 0.14566058595909342 0.659825327510917 0.01824212271973466 0.029694323144104803
42 0.14483139856274185 0.7820960698689956 0.02045328911000553 0.03755458515283843
42 0.14427860696517414 0.9039301310043668 0.01990049751243781 0.027074235807860263
42 0.0945273631840796 0.6956331877729257 0.021006080707573246 0.0314410480349345
42 0.09480375898286346 0.8200873362445414 0.018794914317302378 0.032314410480349345
42 0.09480375898286346 0.9401746724890829 0.018794914317302378 0.034934497816593885
29 0.0945273631840796 0.6179039301310044 0.017689331122166942 0.03580786026200873
29 0.09480375898286346 0.7419213973799127 0.014372581536760642 0.045414847161572056
29 0.09590934217799889 0.8655021834061135 0.01658374792703151 0.04279475982532751
29 0.09563294637921503 0.9834061135371179 0.01658374792703151 0.03318777292576419
79 0.26727473742399116 0.6231441048034935 0.015478164731896076 0.01572052401746725
79 0.26920950801547816 0.748471615720524 0.01824212271973466 0.01834061135371179
79 0.2678275290215589 0.8685589519650655 0.017689331122166942 0.020087336244541485
79 0.2678275290215589 0.9912663755458515 0.016030956329463792 0.017467248908296942
22 0.28800442233278056 0.625764192139738 0.008291873963515755 0.01834061135371179
22 0.2877280265339967 0.7493449781659388 0.010503040353786623 0.020087336244541485
22 0.28689883913764513 0.8703056768558952 0.013266998341625208 0.021834061135371178
22 0.2877280265339967 0.9912663755458515 0.010503040353786623 0.017467248908296942
7 0.13073521282476505 0.9231441048034934 0.015478164731896076 0.03406113537117904
7 0.12990602542841348 0.6751091703056769 0.014925373134328358 0.04192139737991266
7 0.12990602542841348 0.7978165938864629 0.01271420674405749 0.0445414847161572
69 0.8004422332780542 0.6558951965065503 0.08291873963515754 0.11179039301310044
58 0.7990602542841349 0.845414847161572 0.09231619679380873 0.13973799126637554