42 0.05810546875 0.10126984126984127 0.0166015625 0.027301587301587302
42 0.091796875 0.20126984126984127 0.03125 0.04317460317460318
42 0.056884765625 0.28285714285714286 0.0400390625 0.052698412698412696
42 0.14208984375 0.2923809523809524 0.0361328125 0.04888888888888889
42 0.140869140625 0.11523809523809524 0.02001953125 0.02349206349206349
42 0.281982421875 0.28634920634920635 0.04052734375 0.050793650793650794
25 0.093017578125 0.26095238095238094 0.03173828125 0.04126984126984127
22 0.11328125 0.4120634920634921 0.013671875 0.017777777777777778
22 0.37548828125 0.43047619047619046 0.013671875 0.01904761904761905
1 0.07958984375 0.4146031746031746 0.041015625 0.0380952380952381
1 0.170654296875 0.42507936507936506 0.04541015625 0.029841269841269842
1 0.253173828125 0.42412698412698413 0.04248046875 0.027936507936507936
42 0.50341796875 0.24666666666666667 0.0126953125 0.061587301587301586
42 0.282470703125 0.11396825396825397 0.01611328125 0.022222222222222223
46 0.31689453125 0.035555555555555556 0.02783203125 0.022857142857142857
46 0.038330078125 0.023809523809523808 0.029296875 0.01904761904761905
46 0.115234375 0.04825396825396826 0.013671875 0.027936507936507936
46 0.115478515625 0.006666666666666667 0.01416015625 0.013333333333333334
93 0.11328125 0.319047619047619 0.0283203125 0.03873015873015873
22 0.210693359375 0.39746031746031746 0.01708984375 0.015238095238095238
39 0.212646484375 0.4142857142857143 0.0146484375 0.010793650793650795
95 0.23828125 0.3980952380952381 0.02880859375 0.017142857142857144
93 0.389404296875 0.33301587301587304 0.02880859375 0.040634920634920635
95 0.228271484375 0.059365079365079364 0.02490234375 0.018412698412698412
95 0.081298828125 0.059365079365079364 0.03369140625 0.013333333333333334
30 0.300537109375 0.010158730158730159 0.02734375 0.017777777777777778
95 0.402099609375 0.39904761904761904 0.037109375 0.015873015873015872
1 0.0859375 0.1622222222222222 0.04052734375 0.03238095238095238
1 0.172119140625 0.16317460317460317 0.03857421875 0.027936507936507936
1 0.25341796875 0.16317460317460317 0.04052734375 0.027936507936507936
22 0.140869140625 0.14412698412698413 0.01318359375 0.017777777777777778
39 0.38671875 0.12031746031746032 0.0078125 0.024761904761904763
23 0.117431640625 0.15841269841269842 0.01318359375 0.014603174603174604
42 0.084228515625 0.5561904761904762 0.04345703125 0.06349206349206349
1 0.374755859375 0.5063492063492063 0.107421875 0.08825396825396825
17 0.45068359375 0.48 0.0341796875 0.08
47 0.086181640625 0.6533333333333333 0.060546875 0.054603174603174605
93 0.09765625 0.4650793650793651 0.083984375 0.05015873015873016