42 0.4072265625 0.018380241240666284 0.033203125 0.03676048248133257
42 0.337158203125 0.07754164273406089 0.03759765625 0.04250430786904078
42 0.473388671875 0.07610568638713383 0.01806640625 0.023549684089603676
42 0.341796875 0.2421022400919012 0.0390625 0.04767375071797817
25 0.361328125 0.019816197587593336 0.03173828125 0.037334865020103386
22 0.2451171875 0.043653072946582425 0.013671875 0.016082711085583
22 0.203857421875 0.07668006892590465 0.0185546875 0.021826536473291212
22 0.202880859375 0.24267662263067202 0.0166015625 0.023549684089603676
22 0.23046875 0.3520964962665135 0.015625 0.016082711085583
22 0.203125 0.3747846065479609 0.0146484375 0.01723147616312464
1 0.2431640625 0.014072372199885124 0.029296875 0.028144744399770247
1 0.23388671875 0.11114302125215393 0.025390625 0.053417576105686385
1 0.23583984375 0.20821367030442275 0.021484375 0.049971280873061456
42 0.474365234375 0.24267662263067202 0.01708984375 0.018954623779437105
93 0.316650390625 0.043653072946582425 0.02978515625 0.03331418724870764
22 0.25634765625 0.1582423894313613 0.01171875 0.020103388856978748
39 0.243408203125 0.16053991958644456 0.00830078125 0.01723147616312464
95 0.255859375 0.19069500287191268 0.01318359375 0.03388856978747846
42 0.173095703125 0.24411257897759908 0.01416015625 0.01723147616312464
42 0.173828125 0.07409534750143595 0.015625 0.02067777139574957
42 0.183837890625 0.41039632395175185 0.03173828125 0.03848363009764503
93 0.305908203125 0.3684663986214819 0.03125 0.03388856978747846
95 0.255126953125 0.38340034462952327 0.01220703125 0.043653072946582425
1 0.437255859375 0.01751866743251005 0.02490234375 0.0350373348650201
1 0.4365234375 0.1128661688684664 0.021484375 0.045376220562894885
1 0.4365234375 0.20850086157380815 0.021484375 0.04767375071797817
22 0.451171875 0.07610568638713383 0.013671875 0.015508328546812177
39 0.469482421875 0.3653072946582424 0.01904296875 0.009190120620333142
23 0.440185546875 0.048535324526134405 0.01123046875 0.015508328546812177
47 0.990234375 0.24095347501435957 0.01953125 0.07294658242389432
42 0.952392578125 0.424468696151637 0.03955078125 0.010338885697874785
49 0.362548828125 0.9770246984491672 0.05517578125 0.04595060310166571
86 0.447998046875 0.8431935669155658 0.02099609375 0.026421596783457783
22 0.399169921875 0.9055140723721998 0.01904296875 0.031016657093624354
93 0.3876953125 0.80413555427915 0.04345703125 0.056289488799540495
22 0.294677734375 0.483917288914417 0.02099609375 0.032739804709936815
56 0.41357421875 0.4655370476737507 0.021484375 0.031016657093624354
29 0.310302734375 0.44227455485353245 0.06005859375 0.02527283170591614
42 0.392578125 0.44399770246984493 0.046875 0.02871912693854107
47 0.723388671875 0.5683515221137277 0.056640625 0.039058012636415854
48 0.6484375 0.6361286616886846 0.07470703125 0.08730614589316485
42 0.89697265625 0.5683515221137277 0.078125 0.09304997128087306
93 0.696533203125 0.747558874210224 0.072265625 0.08041355542791499
93 0.67529296875 0.9649626651349799 0.0732421875 0.0700746697300402
47 0.517333984375 0.956634118322803 0.03466796875 0.06260769672601953
17 0.840576171875 0.7357840321654222 0.056640625 0.031016657093624354
39 0.62841796875 0.451751866743251 0.041015625 0.021826536473291212
42 0.721923828125 0.48219414129810456 0.03515625 0.05399195864445721
42 0.948974609375 0.8799540493968984 0.0380859375 0.04709936817920735
42 0.92333984375 0.48276852383687535 0.04443359375 0.051694428489373924
42 0.59033203125 0.9546237794371051 0.03759765625 0.05226881102814474
1 0.820068359375 0.6582423894313613 0.05419921875 0.11085582998276852
36 0.98828125 0.5511200459506032 0.0234375 0.06950028719126938