42 0.191162109375 0.678466796875 0.01025390625 0.0283203125
42 0.22900390625 0.62109375 0.016357421875 0.05322265625
42 0.259765625 0.677978515625 0.019775390625 0.06396484375
42 0.26318359375 0.53564453125 0.018310546875 0.0615234375
42 0.196533203125 0.53759765625 0.0087890625 0.033935546875
42 0.260986328125 0.297607421875 0.01904296875 0.06884765625
25 0.25146484375 0.619140625 0.015625 0.053955078125
22 0.308349609375 0.58447265625 0.006591796875 0.023193359375
22 0.32958984375 0.674560546875 0.006591796875 0.029052734375
22 0.32861328125 0.536865234375 0.009033203125 0.031494140625
22 0.3291015625 0.296875 0.008056640625 0.033935546875
22 0.315673828125 0.138671875 0.007568359375 0.023193359375
22 0.328857421875 0.10595703125 0.007080078125 0.02490234375
1 0.309326171875 0.641845703125 0.014404296875 0.06982421875
1 0.31396484375 0.487060546875 0.012451171875 0.0771484375
1 0.31298828125 0.3466796875 0.010498046875 0.072265625
42 0.196044921875 0.296875 0.00830078125 0.02734375
46 0.16650390625 0.23828125 0.008544921875 0.04736328125
46 0.161865234375 0.6982421875 0.007080078125 0.023193359375
46 0.17138671875 0.581298828125 0.010498046875 0.023193359375
46 0.15283203125 0.580322265625 0.0107421875 0.024169921875
42 0.1484375 0.20751953125 0.008056640625 0.02978515625
93 0.2734375 0.58447265625 0.0146484375 0.048095703125
22 0.302978515625 0.4189453125 0.005859375 0.029052734375
39 0.309326171875 0.41552734375 0.004150390625 0.02490234375
95 0.30322265625 0.3720703125 0.00634765625 0.049072265625
42 0.34375 0.294677734375 0.0068359375 0.02490234375
42 0.34326171875 0.6796875 0.007568359375 0.029052734375
42 0.34326171875 0.54052734375 0.007568359375 0.02978515625
42 0.33837890625 0.051513671875 0.015625 0.0615234375
93 0.278564453125 0.114990234375 0.015380859375 0.049072265625
95 0.175537109375 0.388916015625 0.0068359375 0.042236328125
95 0.175537109375 0.638916015625 0.005126953125 0.057373046875
30 0.156982421875 0.26611328125 0.006591796875 0.04638671875
86 0.1455078125 0.139404296875 0.005859375 0.039794921875
95 0.303466796875 0.093505859375 0.005859375 0.06298828125
1 0.21435546875 0.631103515625 0.01220703125 0.06884765625
1 0.214599609375 0.484619140625 0.010498046875 0.065673828125
1 0.214599609375 0.34619140625 0.010498046875 0.06884765625
22 0.20751953125 0.53759765625 0.006591796875 0.0224609375
39 0.198486328125 0.11962890625 0.00927734375 0.01318359375
23 0.212890625 0.57763671875 0.005615234375 0.0224609375
25 0.131103515625 0.85693359375 0.05419921875 0.05908203125
25 0.205810546875 0.856689453125 0.05810546875 0.0595703125
49 0.3203125 0.85888671875 0.05419921875 0.05615234375