42 0.26806640625 0.02392578125 0.00927734375 0.021484375
42 0.234375 0.067626953125 0.0146484375 0.040283203125
42 0.20654296875 0.02392578125 0.017822265625 0.0478515625
42 0.203369140625 0.132568359375 0.0166015625 0.046630859375
42 0.263427734375 0.130859375 0.008056640625 0.02587890625
42 0.20556640625 0.313232421875 0.01708984375 0.052490234375
25 0.214111328125 0.069091796875 0.013916015625 0.041015625
22 0.162841796875 0.09521484375 0.006103515625 0.017578125
22 0.143798828125 0.02685546875 0.006103515625 0.02197265625
22 0.144775390625 0.131591796875 0.008056640625 0.02392578125
22 0.144287109375 0.31396484375 0.00732421875 0.02587890625
22 0.156494140625 0.43408203125 0.0068359375 0.017578125
22 0.14453125 0.458984375 0.00634765625 0.01904296875
1 0.162109375 0.0517578125 0.012939453125 0.052978515625
1 0.157958984375 0.16943359375 0.01123046875 0.05859375
1 0.158935546875 0.276123046875 0.009521484375 0.054931640625
42 0.263916015625 0.31396484375 0.007568359375 0.020751953125
46 0.290283203125 0.3583984375 0.0078125 0.035888671875
46 0.294189453125 0.008544921875 0.00634765625 0.01708984375
46 0.2861328125 0.097900390625 0.009521484375 0.017578125
46 0.302490234375 0.098388671875 0.009765625 0.018310546875
42 0.306640625 0.3818359375 0.00732421875 0.022705078125
93 0.1943359375 0.09521484375 0.01318359375 0.03662109375
22 0.16796875 0.22119140625 0.005126953125 0.02197265625
39 0.162109375 0.2236328125 0.003662109375 0.01904296875
95 0.167724609375 0.2568359375 0.005859375 0.037353515625
42 0.131103515625 0.3154296875 0.00634765625 0.01904296875
42 0.131591796875 0.02294921875 0.0068359375 0.02197265625
42 0.131591796875 0.128662109375 0.0068359375 0.022705078125
42 0.135986328125 0.50048828125 0.013916015625 0.046630859375
93 0.189697265625 0.4521484375 0.013671875 0.037353515625
95 0.2822265625 0.243896484375 0.00634765625 0.0322265625
95 0.2822265625 0.053955078125 0.00439453125 0.04345703125
30 0.299072265625 0.33740234375 0.006103515625 0.035400390625
86 0.309326171875 0.43359375 0.005126953125 0.0302734375
95 0.167236328125 0.468505859375 0.00537109375 0.0478515625
1 0.24755859375 0.06005859375 0.010986328125 0.052490234375
1 0.2470703125 0.17138671875 0.009521484375 0.0498046875
1 0.2470703125 0.2763671875 0.009521484375 0.052490234375
22 0.253662109375 0.130859375 0.006103515625 0.01708984375
39 0.26171875 0.44873046875 0.00830078125 0.010009765625
23 0.248779296875 0.1005859375 0.0048828125 0.01708984375
25 0.55078125 0.1787109375 0.0751953125 0.0751953125
42 0.482666015625 0.342529296875 0.078125 0.08056640625
42 0.48046875 0.437744140625 0.0810546875 0.08447265625
42 0.4794921875 0.521728515625 0.0791015625 0.03564453125
39 0.58349609375 0.442626953125 0.02490234375 0.03076171875
47 0.98291015625 0.1708984375 0.02978515625 0.04931640625
25 0.711669921875 0.705322265625 0.064453125 0.0634765625
25 0.61669921875 0.86376953125 0.06201171875 0.06103515625
42 0.6171875 0.76611328125 0.06982421875 0.06298828125