42 0.00244140625 0.054443359375 0.0048828125 0.02099609375
42 0.0302734375 0.13134765625 0.03125 0.033203125
42 0.007568359375 0.194091796875 0.01513671875 0.04052734375
42 0.08056640625 0.201416015625 0.0361328125 0.03759765625
42 0.079345703125 0.065185546875 0.02001953125 0.01806640625
42 0.220458984375 0.19677734375 0.04052734375 0.0390625
25 0.031494140625 0.17724609375 0.03173828125 0.03173828125
22 0.0517578125 0.29345703125 0.013671875 0.013671875
22 0.003662109375 0.3369140625 0.00732421875 0.013671875
22 0.079833984375 0.334716796875 0.0185546875 0.0185546875
22 0.220947265625 0.335693359375 0.02001953125 0.0166015625
22 0.31396484375 0.30810546875 0.013671875 0.015625
22 0.333251953125 0.33544921875 0.0146484375 0.0146484375
22 0.46142578125 0.248291015625 0.0146484375 0.01708984375
42 0.563232421875 0.295166015625 0.01708984375 0.01904296875
1 0.019287109375 0.29541015625 0.03857421875 0.029296875
1 0.109130859375 0.3046875 0.04541015625 0.025390625
1 0.191650390625 0.302734375 0.04248046875 0.021484375
1 0.486083984375 0.23486328125 0.03857421875 0.025390625
1 0.53662109375 0.233642578125 0.0400390625 0.02392578125
22 0.5625 0.26318359375 0.015625 0.017578125
42 0.4609375 0.271484375 0.0146484375 0.02001953125
42 0.4609375 0.166259765625 0.05078125 0.04736328125
42 0.563232421875 0.1650390625 0.04541015625 0.04638671875
42 0.607421875 0.131591796875 0.041015625 0.03955078125
25 0.641357421875 0.16650390625 0.03369140625 0.0322265625
1 0.486328125 0.04638671875 0.04296875 0.02734375
1 0.537841796875 0.04443359375 0.03857421875 0.0244140625
42 0.4609375 0.012939453125 0.01611328125 0.01904296875
42 0.220947265625 0.064208984375 0.01611328125 0.01708984375
46 0.255126953125 0.00634765625 0.02783203125 0.0126953125
46 0.0537109375 0.013671875 0.013671875 0.021484375
93 0.0517578125 0.221923828125 0.0283203125 0.02978515625
22 0.149169921875 0.2822265625 0.01708984375 0.01171875
39 0.151123046875 0.295166015625 0.0146484375 0.00830078125
95 0.1767578125 0.28271484375 0.02880859375 0.01318359375
42 0.365234375 0.349365234375 0.0361328125 0.02099609375
22 0.5625 0.024169921875 0.021484375 0.0146484375
42 0.562255859375 0.005126953125 0.01806640625 0.01025390625
93 0.327880859375 0.232666015625 0.02880859375 0.03125
95 0.166748046875 0.022216796875 0.02490234375 0.01416015625
95 0.019775390625 0.022216796875 0.03369140625 0.01025390625
95 0.340576171875 0.283447265625 0.037109375 0.01220703125
1 0.0244140625 0.101318359375 0.04052734375 0.02490234375
1 0.110595703125 0.10205078125 0.03857421875 0.021484375
1 0.19189453125 0.10205078125 0.04052734375 0.021484375
22 0.079345703125 0.08740234375 0.01318359375 0.013671875
39 0.3251953125 0.069091796875 0.0078125 0.01904296875
23 0.055908203125 0.098388671875 0.01318359375 0.01123046875
1 0.70068359375 0.28515625 0.0419921875 0.04296875
42 0.4873046875 0.36669921875 0.0537109375 0.013671875
49 0.059326171875 0.368408203125 0.05810546875 0.01708984375
46 0.610595703125 0.522705078125 0.03466796875 0.015380859375
46 0.61083984375 0.572021484375 0.03125 0.014892578125
42 0.333984375 0.533203125 0.042724609375 0.024658203125
46 0.364501953125 0.589599609375 0.03076171875 0.011474609375
42 0.642578125 0.54736328125 0.05224609375 0.024658203125
46 0.365234375 0.466552734375 0.028076171875 0.010986328125
25 0.763916015625 0.443603515625 0.0771484375 0.076171875
49 0.68896484375 0.579345703125 0.0185546875 0.08251953125
42 0.74755859375 0.65087890625 0.07177734375 0.06689453125
42 0.891845703125 0.6533203125 0.07763671875 0.07470703125
42 0.895263671875 0.58642578125 0.0732421875 0.06494140625
42 0.97119140625 0.532470703125 0.0283203125 0.0322265625
42 0.9697265625 0.6015625 0.02734375 0.0302734375
42 0.87841796875 0.443115234375 0.06640625 0.072265625
3 0.80029296875 0.586181640625 0.037109375 0.05615234375
96 0.75146484375 0.583740234375 0.0556640625 0.02978515625
22 0.970458984375 0.7177734375 0.02734375 0.0361328125
48 0.770263671875 0.548583984375 0.03076171875 0.04541015625