42 0.13818359375 0.0906163753449862 0.0166015625 0.03955841766329347
42 0.171875 0.23551057957681693 0.03125 0.062557497700092
42 0.136962890625 0.3537258509659614 0.0400390625 0.07635694572217111
42 0.22216796875 0.3675252989880405 0.0361328125 0.07083716651333946
42 0.220947265625 0.11085556577736891 0.02001953125 0.03403863845446182
42 0.362060546875 0.35878564857405704 0.04052734375 0.07359705611775529
25 0.173095703125 0.3219871205151794 0.03173828125 0.05979760809567617
42 0.362548828125 0.10901563937442502 0.01611328125 0.03219871205151794
46 0.396728515625 0.005979760809567618 0.02783203125 0.011959521619135235
46 0.1953125 0.01701931922723091 0.013671875 0.03403863845446182
95 0.04736328125 0.029438822447102116 0.0341796875 0.031278748850046
93 0.193359375 0.406163753449862 0.0283203125 0.05611775528978841
93 0.469482421875 0.4264029438822447 0.02880859375 0.05887764489420423
95 0.308349609375 0.029898804047838085 0.02490234375 0.02667893284268629
95 0.161376953125 0.029898804047838085 0.03369140625 0.019319227230910764
1 0.166015625 0.17893284268629256 0.04052734375 0.046918123275068994
1 0.252197265625 0.18031278748850046 0.03857421875 0.040478380864765406
1 0.33349609375 0.18031278748850046 0.04052734375 0.040478380864765406
22 0.220947265625 0.15271389144434222 0.01318359375 0.025758969641214352
39 0.466796875 0.11821527138914444 0.0078125 0.035878564857405704
23 0.197509765625 0.1734130634774609 0.01318359375 0.021159153633854646
11 0.97998046875 0.10211591536338546 0.0400390625 0.09015639374425023
61 0.980712890625 0.29162833486660533 0.03857421875 0.09567617295308188
75 0.9814453125 0.46182152713891444 0.037109375 0.05519779208831647
42 0.050048828125 0.6890524379024839 0.02880859375 0.04967801287948482
42 0.1826171875 0.5423183072677092 0.02392578125 0.04875804967801288
42 0.380859375 0.8003679852805887 0.02783203125 0.045078196872125116
42 0.25146484375 0.49862005519779207 0.0234375 0.01839926402943882
93 0.15576171875 0.8210671573137075 0.04296875 0.08371665133394664
22 0.088134765625 0.6904323827046918 0.01904296875 0.035878564857405704
22 0.012451171875 0.6904323827046918 0.02099609375 0.04139834406623735
46 0.02783203125 0.7479300827966882 0.0263671875 0.051517939282428704
1 0.10546875 0.7897884084636615 0.03515625 0.10395584176632934
39 0.437744140625 0.7529898804047838 0.02685546875 0.01839926402943882
39 0.325927734375 0.7506899724011039 0.0263671875 0.013799448022079117
42 0.021240234375 0.5763569457221711 0.04248046875 0.09659613615455381
42 0.716064453125 0.735050597976081 0.02783203125 0.05703771849126035
1 0.7607421875 0.8399264029438822 0.06298828125 0.06991720331186753
1 0.839599609375 0.8385464581416743 0.064453125 0.07451701931922723
42 0.888916015625 0.6968721251149954 0.02587890625 0.05519779208831647
22 0.891357421875 0.7723091076356946 0.02783203125 0.040478380864765406