42 0.01529665933919466 0.22134988581678897 0.014634189876552784 0.038218135419655366
42 0.03990779895432993 0.0461770621207986 0.019953899477164968 0.047772669274569225
42 0.17559431539905168 0.1098771393315092 0.018624969771985755 0.04139979519334167
42 0.30961667662737785 0.2380703200628882 0.016629579824269297 0.04936827642833982
42 0.3435383057385583 0.4219950967699797 0.03125977892092658 0.0796179306129971
42 0.3086189816535196 0.5724790049848727 0.039907798954329936 0.09714094570290904
42 0.39375827994268703 0.5899924655409298 0.03591701905889691 0.09076807162168149
42 0.3924253594576125 0.2635427073200885 0.019953899477164912 0.042995402347112265
42 0.5337668110141628 0.5788423245322453 0.04057425919686735 0.09394973139536786
25 0.3445360007124166 0.5318722361014888 0.03192623916346388 0.07643627083931073
42 0.2248126038494268 0.9323600771640576 0.01729204928691115 0.042995402347112396
42 0.19255512995464188 0.8304514190675464 0.016629579824269297 0.03662252826588484
86 0.21118009972662766 0.8033738701227207 0.019287439234627668 0.0461770621207985
22 0.3648251257007979 0.8105397705139061 0.013967729634015482 0.03184526133842788
22 0.3119472920863107 0.9148466166080005 0.017292049286911207 0.033440868492198475
22 0.3930918197001498 0.9092763233705856 0.01862496977198581 0.04459100950088299
22 0.5340980457454836 0.9116649568343141 0.019953899477164912 0.03981374257342603
22 0.6272189038255171 0.845576246159875 0.01330126939147807 0.038218135419655436
22 0.6465063430601448 0.9108623759905015 0.014634189876552895 0.03503647564596906
22 0.7748777599565378 0.7022582383361675 0.014634189876552895 0.041399795193341804
42 0.8766426472900792 0.814524011131405 0.017292049286911096 0.0461770621207985
1 0.3312347313209384 0.815317037441363 0.04123672865950915 0.07006339675808332
1 0.4223562086733599 0.8376173194587319 0.045227508554942064 0.06050886290316939
1 0.5048336567722735 0.8328400525312749 0.04256964914458364 0.05095432904825546
1 0.7994849087917777 0.6704129769977396 0.038578869249150834 0.06050886290316939
1 0.8500361177272274 0.6672217626901984 0.039907798954329825 0.05732720312948302
22 0.8759761870475419 0.7380877402920943 0.015963119581731886 0.042995402347112396
42 0.7742112997140005 0.7579898343118799 0.014634189876552895 0.04777266927456909
42 0.7742112997140005 0.5055972680004758 0.05055120893544969 0.11305879910519545
42 0.8766426472900792 0.5032086345367474 0.045227508554942064 0.1114727464852798
42 0.920872460871163 0.4227881230799375 0.04057425919686735 0.09394973139536786
25 0.9547940899823435 0.5063902943104337 0.033921629111180504 0.07643627083931073
1 0.7998201343029941 0.21896125235306052 0.04323211860722555 0.06528612983062629
1 0.8513650474324066 0.2141839854256036 0.038578869249150834 0.05892281028325368
42 0.7742112997140005 0.1385407408962507 0.015963119581731886 0.04459100950088292
42 0.5340980457454836 0.2611540738563601 0.015963119581731886 0.04139979519334167
46 0.5686861350992014 0.11704303972269459 0.027935459268030965 0.0429954023471123
46 0.2899980026614292 0.09554533854913844 0.029264388973210178 0.03503647564596906
46 0.36682051564851437 0.14013634805002131 0.013967729634015482 0.05095432904825553
46 0.36748298511115624 0.05016130273829767 0.013967729634015482 0.052549936202026123
42 0.58664464462865 0.027870575254783682 0.017292049286911096 0.039813742573425986
95 0.2188264340062773 0.16003844206980689 0.03458808935371775 0.03981374257342596
93 0.3648251257007979 0.6393607419692696 0.028601919510568268 0.07165900391185391
22 0.4622640076276898 0.7834717761029351 0.017292049286911207 0.02866360156474151
39 0.4642593975754063 0.814524011131405 0.014634189876552784 0.020704674863598175
95 0.48986823216439984 0.7850673832567057 0.028601919510568268 0.03184526133842788
42 0.5354176844162188 0.9830409356725146 0.014655593551538837 0.03391812865497076
42 0.3089887640449438 0.9812865497076023 0.01709819247679531 0.03742690058479532
42 0.39081582804103565 0.9812865497076023 0.017586712261846604 0.03742690058479532
42 0.6784325822236088 0.9570489926451549 0.03591701905889702 0.07643627083931087
22 0.8759761870475419 0.16560873530722167 0.021282829182344126 0.03503647564596906
42 0.875644952316221 0.11147274648527981 0.0179585095294484 0.04139979519334167
93 0.6411866334595326 0.66483312922647 0.029264388973210178 0.07484066368554002
95 0.47989128242581736 0.16083146837976472 0.02461113961513524 0.03503647564596906
93 0.12205002154202721 0.03025920871851214 0.035250558816359634 0.05732720312948307
86 0.04356734411844198 0.1990496037994201 0.01795850952944847 0.038218135419655366
95 0.3328988865373339 0.16083146837976472 0.03392162911118039 0.025481941791055205
30 0.5523917807861486 0.07006339675808321 0.027268999025493665 0.03184526133842783
86 0.6268836783143007 0.014331800782370766 0.02327821913006064 0.02866360156474153
95 0.6538214426084734 0.7866534358766214 0.037245948764076234 0.02866360156474151
1 0.33755213589540883 0.3503360928581259 0.04057425919686724 0.06050886290316939
1 0.42368912915843454 0.35192214547804157 0.03857886924915072 0.05095432904825546
1 0.5051648915035946 0.35192214547804157 0.04057425919686735 0.05095432904825546
22 0.3924253594576125 0.3168952243659275 0.01330126939147818 0.03184526133842788
39 0.6385247832692789 0.27309724117500234 0.007981559790866054 0.04617706212079863
95 0.23478955358800926 0.7993991840390764 0.029264388973210122 0.02866360156474151
23 0.3691471403275518 0.34317019246694047 0.01330126939147818 0.02706799441097092