42 0.0087890625 0.1240234375 0.00830078125 0.021484375
42 0.022705078125 0.02587890625 0.011474609375 0.02685546875
42 0.10009765625 0.0615234375 0.0107421875 0.023681640625
42 0.176513671875 0.13330078125 0.009521484375 0.028076171875
42 0.19580078125 0.236328125 0.017822265625 0.04443359375
42 0.17578125 0.3203125 0.022705078125 0.05419921875
42 0.224365234375 0.330078125 0.0205078125 0.05029296875
42 0.2236328125 0.1474609375 0.011474609375 0.024169921875
42 0.30419921875 0.323974609375 0.023193359375 0.05224609375
25 0.1962890625 0.2978515625 0.01806640625 0.04248046875
42 0.1279296875 0.521728515625 0.010009765625 0.024169921875
42 0.109619140625 0.464599609375 0.009521484375 0.02099609375
86 0.120361328125 0.44970703125 0.0107421875 0.026123046875
22 0.2080078125 0.45361328125 0.0078125 0.018310546875
22 0.177734375 0.51171875 0.009765625 0.018310546875
22 0.223876953125 0.5087890625 0.010498046875 0.02490234375
22 0.304443359375 0.51025390625 0.011474609375 0.022216796875
22 0.357421875 0.47314453125 0.0078125 0.02099609375
22 0.368408203125 0.509765625 0.00830078125 0.01953125
22 0.44140625 0.39306640625 0.00830078125 0.02294921875
42 0.49951171875 0.455810546875 0.009765625 0.025634765625
1 0.188720703125 0.4560546875 0.0234375 0.039306640625
1 0.24072265625 0.468505859375 0.02587890625 0.033935546875
1 0.28759765625 0.466064453125 0.024169921875 0.02880859375
1 0.45556640625 0.375 0.02197265625 0.033935546875
1 0.484375 0.373291015625 0.022705078125 0.031982421875
22 0.4990234375 0.4130859375 0.0087890625 0.023681640625
42 0.441162109375 0.424072265625 0.00830078125 0.02685546875
42 0.441162109375 0.282958984375 0.029052734375 0.0634765625
42 0.49951171875 0.281494140625 0.02587890625 0.062255859375
42 0.524658203125 0.236572265625 0.0234375 0.052978515625
25 0.544189453125 0.283447265625 0.019287109375 0.043212890625
1 0.455810546875 0.122314453125 0.0244140625 0.03662109375
1 0.485107421875 0.119873046875 0.02197265625 0.03271484375
42 0.441162109375 0.07763671875 0.00927734375 0.025634765625
42 0.304443359375 0.146240234375 0.00927734375 0.02294921875
46 0.323974609375 0.0654296875 0.015869140625 0.023681640625
46 0.165283203125 0.05322265625 0.0166015625 0.01953125
46 0.208984375 0.07861328125 0.0078125 0.02880859375
46 0.209228515625 0.028076171875 0.008056640625 0.029541015625
42 0.334228515625 0.015625 0.010009765625 0.022216796875
95 0.124755859375 0.089599609375 0.01953125 0.022216796875
93 0.2080078125 0.357666015625 0.01611328125 0.0400390625
22 0.263427734375 0.4384765625 0.009765625 0.015625
39 0.2646484375 0.455810546875 0.00830078125 0.01123046875
95 0.279296875 0.439208984375 0.016357421875 0.017578125
42 0.30517578125 0.550048828125 0.00830078125 0.01904296875
42 0.176025390625 0.549072265625 0.009765625 0.02099609375
42 0.22265625 0.549072265625 0.010009765625 0.02099609375
42 0.38671875 0.53564453125 0.0205078125 0.04248046875
22 0.4990234375 0.092529296875 0.01220703125 0.01953125
42 0.4990234375 0.0625 0.01025390625 0.02294921875
93 0.365478515625 0.3720703125 0.016357421875 0.0419921875
95 0.2734375 0.090087890625 0.01416015625 0.01904296875
93 0.069580078125 0.01708984375 0.02001953125 0.031982421875
86 0.024658203125 0.111328125 0.01025390625 0.021484375
95 0.189697265625 0.090087890625 0.019287109375 0.013671875
30 0.314697265625 0.039306640625 0.015625 0.018310546875
86 0.357177734375 0.0078125 0.013427734375 0.015625
95 0.37255859375 0.440185546875 0.021240234375 0.016357421875
1 0.1923828125 0.196044921875 0.023193359375 0.033447265625
1 0.241455078125 0.197021484375 0.02197265625 0.02880859375
1 0.287841796875 0.197021484375 0.023193359375 0.02880859375
22 0.2236328125 0.17724609375 0.007568359375 0.018310546875
39 0.36376953125 0.15283203125 0.00439453125 0.025634765625
95 0.1337890625 0.447265625 0.0166015625 0.016357421875
23 0.210205078125 0.192138671875 0.007568359375 0.01513671875
56 0.666015625 0.02587890625 0.0537109375 0.0419921875
22 0.6298828125 0.247802734375 0.03564453125 0.03564453125
29 0.716552734375 0.219970703125 0.05615234375 0.09716796875
22 0.802734375 0.24658203125 0.037109375 0.03515625
1 0.765869140625 0.31494140625 0.037109375 0.04638671875
22 0.719970703125 0.35791015625 0.04052734375 0.0419921875
94 0.947998046875 0.334716796875 0.0302734375 0.08642578125
42 0.6455078125 0.1611328125 0.0859375 0.0830078125
42 0.718017578125 0.067626953125 0.08349609375 0.08203125
46 0.9951171875 0.14404296875 0.009765625 0.041015625
42 0.980224609375 0.357177734375 0.03662109375 0.04345703125
1 0.5869140625 0.3955078125 0.0341796875 0.0576171875
86 0.806640625 0.2841796875 0.0478515625 0.03955078125
25 0.046875 0.600830078125 0.078125 0.08251953125
49 0.040771484375 0.758544921875 0.0810546875 0.0771484375
46 0.464111328125 0.989501953125 0.04931640625 0.02099609375