42 0.227783203125 0.38557806912991655 0.02099609375 0.02026221692491061
42 0.3046875 0.34445768772348034 0.033203125 0.03814064362336114
42 0.3583984375 0.38110846245530394 0.0224609375 0.037544696066746125
42 0.36279296875 0.2830750893921335 0.013671875 0.04410011918951132
42 0.238525390625 0.284564958283671 0.01806640625 0.02443384982121573
42 0.360107421875 0.11233611442193087 0.01904296875 0.04946364719904649
25 0.3505859375 0.3429678188319428 0.03173828125 0.03873659117997616
42 0.237548828125 0.11174016686531585 0.01708984375 0.01966626936829559
46 0.17724609375 0.0697258641239571 0.017578125 0.03396901072705602
46 0.16796875 0.3957091775923719 0.0146484375 0.00834326579261025
46 0.18701171875 0.31585220500595945 0.021484375 0.0166865315852205
46 0.1494140625 0.31525625744934443 0.02197265625 0.01728247914183552
42 0.14013671875 0.04767580452920143 0.0166015625 0.021454112038140644
95 0.195556640625 0.17789034564958284 0.01416015625 0.030393325387365912
95 0.195556640625 0.35727056019070325 0.01025390625 0.041120381406436236
30 0.15771484375 0.08969010727056019 0.013671875 0.033373063170441
86 0.13427734375 0.006555423122765197 0.01171875 0.013110846245530394
1 0.274658203125 0.35160905840286055 0.02490234375 0.04946364719904649
1 0.275390625 0.2464243146603099 0.021484375 0.04707985697258641
1 0.275390625 0.1471990464839094 0.021484375 0.04946364719904649
22 0.2607421875 0.284564958283671 0.013671875 0.016090584028605484
23 0.271728515625 0.3131704410011919 0.01123046875 0.016090584028605484
42 0.135986328125 0.651072705601907 0.04931640625 0.060786650774731825
42 0.253173828125 0.7967818831942789 0.04833984375 0.060786650774731825