42 0.01025390625 0.12841796875 0.009765625 0.0224609375
42 0.0263671875 0.02685546875 0.01318359375 0.02783203125
42 0.115966796875 0.063720703125 0.012451171875 0.0244140625
42 0.204345703125 0.137939453125 0.010986328125 0.029052734375
42 0.2265625 0.24462890625 0.0205078125 0.046142578125
42 0.20361328125 0.331787109375 0.0263671875 0.05615234375
42 0.259765625 0.342041015625 0.02392578125 0.05224609375
42 0.259033203125 0.15283203125 0.01318359375 0.025146484375
42 0.35205078125 0.33544921875 0.02685546875 0.05419921875
25 0.227294921875 0.308349609375 0.02099609375 0.0439453125
42 0.148193359375 0.540283203125 0.01171875 0.025146484375
42 0.126953125 0.481201171875 0.010986328125 0.021728515625
86 0.139404296875 0.4658203125 0.012451171875 0.027099609375
22 0.24072265625 0.4697265625 0.009033203125 0.01904296875
22 0.205810546875 0.530029296875 0.01123046875 0.01904296875
22 0.25927734375 0.527099609375 0.01220703125 0.02587890625
22 0.352294921875 0.5283203125 0.01318359375 0.02294921875
22 0.413818359375 0.489990234375 0.009033203125 0.021728515625
22 0.426513671875 0.528076171875 0.009765625 0.020263671875
22 0.510986328125 0.406982421875 0.009765625 0.023681640625
42 0.578369140625 0.47216796875 0.01123046875 0.0263671875
1 0.218505859375 0.472412109375 0.027099609375 0.040771484375
1 0.278564453125 0.4853515625 0.030029296875 0.03515625
1 0.3330078125 0.482666015625 0.028076171875 0.02978515625
1 0.52734375 0.388427734375 0.025390625 0.03515625
1 0.560791015625 0.38671875 0.0263671875 0.033203125
22 0.577880859375 0.427734375 0.01025390625 0.0244140625
42 0.5107421875 0.439208984375 0.009765625 0.02783203125
42 0.5107421875 0.293212890625 0.033447265625 0.065673828125
42 0.578369140625 0.29150390625 0.030029296875 0.064453125
42 0.607421875 0.2451171875 0.027099609375 0.054931640625
25 0.6298828125 0.29345703125 0.022216796875 0.044677734375
1 0.527587890625 0.126708984375 0.0283203125 0.037841796875
1 0.5615234375 0.1240234375 0.025390625 0.033935546875
42 0.5107421875 0.080322265625 0.0107421875 0.0263671875
42 0.352294921875 0.151611328125 0.0107421875 0.023681640625
46 0.375 0.06787109375 0.018310546875 0.0244140625
46 0.191162109375 0.05517578125 0.019287109375 0.020263671875
46 0.241943359375 0.081298828125 0.009033203125 0.02978515625
46 0.242431640625 0.029052734375 0.00927734375 0.030517578125
42 0.386962890625 0.016357421875 0.01171875 0.02294921875
95 0.144287109375 0.0927734375 0.0224609375 0.02294921875
93 0.24072265625 0.370361328125 0.018798828125 0.041259765625
22 0.304931640625 0.4541015625 0.01123046875 0.016357421875
39 0.306396484375 0.47216796875 0.009765625 0.011474609375
95 0.3232421875 0.454833984375 0.01904296875 0.018310546875
42 0.35302734375 0.569580078125 0.009765625 0.02001953125
42 0.203857421875 0.568603515625 0.01123046875 0.02197265625
42 0.2578125 0.568603515625 0.01171875 0.02197265625
42 0.447509765625 0.554931640625 0.02392578125 0.0439453125
22 0.577880859375 0.095947265625 0.01416015625 0.020263671875
42 0.57763671875 0.064697265625 0.011962890625 0.023681640625
93 0.4228515625 0.385498046875 0.01904296875 0.04345703125
95 0.316650390625 0.09326171875 0.016357421875 0.019775390625
93 0.08056640625 0.017578125 0.023193359375 0.033203125
86 0.028564453125 0.115234375 0.011962890625 0.0224609375
95 0.2197265625 0.09326171875 0.022216796875 0.01416015625
30 0.3642578125 0.040771484375 0.01806640625 0.01904296875
86 0.413330078125 0.008056640625 0.01513671875 0.01611328125
95 0.431396484375 0.455810546875 0.0244140625 0.016845703125
1 0.22265625 0.203125 0.02685546875 0.03466796875
1 0.279541015625 0.2041015625 0.025390625 0.02978515625
1 0.333251953125 0.2041015625 0.02685546875 0.02978515625
22 0.259033203125 0.18359375 0.0087890625 0.01904296875
39 0.421142578125 0.158203125 0.005126953125 0.0263671875
95 0.15478515625 0.46337890625 0.019287109375 0.016845703125
23 0.243408203125 0.198974609375 0.0087890625 0.015625
29 0.6669921875 0.287353515625 0.0146484375 0.06201171875
22 0.6962890625 0.3095703125 0.0263671875 0.021484375
46 0.74853515625 0.3095703125 0.03564453125 0.021484375
1 0.70947265625 0.346923828125 0.03955078125 0.06201171875
42 0.701904296875 0.248291015625 0.0615234375 0.05517578125
56 0.688720703125 0.1005859375 0.03759765625 0.0283203125
42 0.672607421875 0.124755859375 0.02587890625 0.05712890625
95 0.949462890625 0.183349609375 0.05224609375 0.01953125
46 0.967041015625 0.202880859375 0.02197265625 0.04052734375
46 0.989501953125 0.135986328125 0.02099609375 0.02197265625
46 0.4814453125 0.645751953125 0.0224609375 0.02294921875
65 0.0498046875 0.741943359375 0.0654296875 0.05712890625
25 0.059326171875 0.89013671875 0.05908203125 0.05419921875
25 0.0595703125 0.96484375 0.0595703125 0.05810546875
42 0.600830078125 0.956298828125 0.05322265625 0.0556640625
42 0.788818359375 0.64697265625 0.04443359375 0.041015625
42 0.7861328125 0.813232421875 0.044921875 0.04052734375
42 0.789306640625 0.97802734375 0.04541015625 0.0439453125
29 0.7900390625 0.869873046875 0.03759765625 0.04443359375
29 0.78759765625 0.702392578125 0.03857421875 0.04345703125
42 0.8955078125 0.592041015625 0.037109375 0.02490234375
42 0.897216796875 0.76123046875 0.0400390625 0.037109375
42 0.8974609375 0.92822265625 0.0390625 0.04052734375
7 0.861328125 0.60498046875 0.0322265625 0.05078125
7 0.865478515625 0.785400390625 0.0283203125 0.04931640625
7 0.86474609375 0.952392578125 0.0283203125 0.05517578125