11 0.677978515625 0.28177458033573144 0.04833984375 0.06235011990407674
61 0.577392578125 0.2838729016786571 0.05078125 0.06354916067146282
75 0.474365234375 0.2838729016786571 0.05419921875 0.05995203836930456
99 0.388671875 0.28207434052757796 0.017578125 0.05935251798561151
42 0.312255859375 0.3920863309352518 0.0380859375 0.04436450839328537
42 0.354736328125 0.49310551558752996 0.05029296875 0.07973621103117506
42 0.368408203125 0.6606714628297362 0.02294921875 0.0815347721822542
56 0.2099609375 0.7682853717026379 0.03271484375 0.049160671462829736
42 0.181640625 0.7194244604316546 0.0673828125 0.08513189448441247
42 0.040771484375 0.7766786570743405 0.06396484375 0.08992805755395683
46 0.095947265625 0.532074340527578 0.0322265625 0.06414868105515588
47 0.0986328125 0.6501798561151079 0.0322265625 0.05635491606714628
1 0.06201171875 0.604916067146283 0.04638671875 0.03776978417266187
29 0.01123046875 0.7212230215827338 0.0224609375 0.047961630695443645
42 0.310302734375 0.915167865707434 0.07275390625 0.0815347721822542
42 0.36962890625 0.7679856115107914 0.0205078125 0.04436450839328537
2 0.369140625 0.9562350119904077 0.021484375 0.05515587529976019
6 0.39990234375 0.43495203836930457 0.030029296875 0.07134292565947242