1 0.956298828125 0.36054421768707484 0.05712890625 0.10622710622710622
1 0.98095703125 0.4340659340659341 0.0380859375 0.05180533751962323
1 0.816650390625 0.3676085818942962 0.0595703125 0.10204081632653061
1 0.78759765625 0.4400837257980115 0.0517578125 0.03976975405546834
25 0.879150390625 0.15881737310308738 0.07421875 0.08843537414965986
42 0.714599609375 0.10413396127681843 0.04052734375 0.040293040293040296
42 0.71826171875 0.20774463631606488 0.0390625 0.042909471480900054
1 0.62255859375 0.14939822082679224 0.08740234375 0.05442176870748299
39 0.961181640625 0.15253793825222398 0.02734375 0.03976975405546834
93 0.770751953125 0.16797488226059654 0.0625 0.07639979068550497
17 0.569091796875 0.16117216117216118 0.0322265625 0.05913134484563056
42 0.88232421875 0.3129251700680272 0.087890625 0.0968079539508111
35 0.9345703125 0.049188906331763475 0.03515625 0.046049188906331764
35 0.716796875 0.016221873364730507 0.0341796875 0.032443746729461015
86 0.775634765625 0.3670852956567242 0.04443359375 0.03663003663003663
47 0.218017578125 0.619832548403977 0.05712890625 0.035583464154892726
48 0.14306640625 0.6815803244374673 0.0751953125 0.07901622187336473
42 0.38623046875 0.619570905285191 0.0673828125 0.0847723704866562
93 0.191162109375 0.783097854526426 0.07275390625 0.07326007326007326
93 0.169921875 0.9748822605965463 0.0732421875 0.05023547880690738
47 0.0146484375 0.9725274725274725 0.029296875 0.054945054945054944
17 0.335205078125 0.7723704866562009 0.05615234375 0.0282574568288854
39 0.123046875 0.5136054421768708 0.041015625 0.01988487702773417
42 0.216552734375 0.5413396127681842 0.03515625 0.04866562009419152
42 0.40771484375 0.5418628990057561 0.0244140625 0.04657247514390372
42 0.0849609375 0.9717425431711146 0.03759765625 0.047619047619047616
1 0.314697265625 0.7017268445839875 0.05419921875 0.10099424385138671