42 0.50537109375 0.8191964285714286 0.0302734375 0.027777777777777776
1 0.44970703125 0.8645833333333334 0.03662109375 0.06398809523809523
1 0.450439453125 0.9446924603174603 0.03955078125 0.06547619047619048
42 0.525390625 0.9908234126984127 0.029296875 0.018353174603174604
42 0.250244140625 0.8182043650793651 0.06103515625 0.0689484126984127
42 0.250244140625 0.9811507936507936 0.06103515625 0.037698412698412696
22 0.4853515625 0.9913194444444444 0.021484375 0.017361111111111112
42 0.9833984375 0.841765873015873 0.033203125 0.041666666666666664
42 0.82373046875 0.8432539682539683 0.0380859375 0.04017857142857143
3 0.91796875 0.6798115079365079 0.02978515625 0.03819444444444445
3 0.753173828125 0.6999007936507936 0.02880859375 0.041666666666666664
7 0.857666015625 0.9161706349206349 0.06005859375 0.030257936507936508
42 0.87646484375 0.949156746031746 0.04296875 0.036210317460317464
29 0.766845703125 0.8420138888888888 0.04248046875 0.034722222222222224
29 0.932861328125 0.8430059523809523 0.0458984375 0.04265873015873016