49 0.238037109375 0.15872524752475248 0.05615234375 0.05816831683168317
91 0.507568359375 0.024752475247524754 0.05712890625 0.04950495049504951
87 0.513916015625 0.14820544554455445 0.0732421875 0.12871287128712872
47 0.02001953125 0.4223391089108911 0.027587890625 0.056002475247524754
13 0.019775390625 0.5931311881188119 0.024658203125 0.07951732673267327
101 0.248291015625 0.4238861386138614 0.02783203125 0.1485148514851485
103 0.247314453125 0.5776608910891089 0.026123046875 0.1454207920792079
42 0.437744140625 0.588490099009901 0.01611328125 0.09034653465346534
1 0.49609375 0.43595297029702973 0.09228515625 0.07178217821782178
1 0.828125 0.6082920792079208 0.08984375 0.0655940594059406
1 0.846923828125 0.7583539603960396 0.09375 0.06806930693069307
1 0.909912109375 0.9443069306930693 0.05712890625 0.11138613861386139
25 0.988525390625 0.4962871287128713 0.02294921875 0.09900990099009901
1 0.84619140625 0.3756188118811881 0.078125 0.05198019801980198
1 0.471435546875 0.7892945544554455 0.08349609375 0.07611386138613861
1 0.501220703125 0.8811881188118812 0.07958984375 0.06064356435643564
1 0.50390625 0.9678217821782178 0.087890625 0.06435643564356436
1 0.916015625 0.5182549504950495 0.0546875 0.11324257425742575
95 0.781494140625 0.8539603960396039 0.02587890625 0.07858910891089109
42 0.92431640625 0.6717202970297029 0.0859375 0.10148514851485149
86 0.510498046875 0.8106435643564357 0.0419921875 0.0426980198019802
30 0.445068359375 0.8706683168316832 0.02783203125 0.05631188118811881
30 0.47998046875 0.9879331683168316 0.03515625 0.024133663366336634
30 0.838134765625 0.9767945544554455 0.03369140625 0.04641089108910891
30 0.897705078125 0.9186262376237624 0.041015625 0.040222772277227724
30 0.79833984375 0.7261757425742574 0.0361328125 0.04579207920792079
30 0.82177734375 0.5380569306930693 0.041015625 0.04579207920792079
30 0.90234375 0.5587871287128713 0.03173828125 0.04579207920792079
39 0.497802734375 0.3685024752475248 0.04345703125 0.037747524752475246