46 0.75 0.49932614555256066 0.029296875 0.04043126684636118
46 0.851318359375 0.3837601078167116 0.04150390625 0.04649595687331536
46 0.73974609375 0.021900269541778976 0.0458984375 0.04380053908355795
42 0.451416015625 0.01650943396226415 0.06982421875 0.0330188679245283
46 0.947265625 0.4336253369272237 0.01953125 0.04649595687331536
22 0.7490234375 0.4356469002695418 0.02734375 0.04245283018867924
25 0.5126953125 0.11118598382749326 0.07861328125 0.10107816711590296
42 0.4130859375 0.10983827493261455 0.0263671875 0.09973045822102426
36 0.314697265625 0.8564690026954178 0.06103515625 0.09838274932614555
100 0.21435546875 0.866576819407008 0.03662109375 0.07210242587601078
44 0.11376953125 0.8662398921832885 0.04541015625 0.1623989218328841
14 0.018310546875 0.8554582210242587 0.03662109375 0.10849056603773585