42 0.884765625 0.423095703125 0.02880859375 0.0263671875
42 0.884033203125 0.301513671875 0.02392578125 0.02392578125
42 0.966064453125 0.243896484375 0.0498046875 0.05322265625
42 0.99169921875 0.022216796875 0.0166015625 0.02392578125
42 0.882568359375 0.084716796875 0.02880859375 0.0224609375
42 0.994140625 0.185546875 0.01171875 0.046875
22 0.8408203125 0.42333984375 0.0263671875 0.02685546875
22 0.8359375 0.30029296875 0.0224609375 0.02783203125
22 0.83447265625 0.08544921875 0.02099609375 0.0224609375
22 0.75537109375 0.193603515625 0.01806640625 0.02197265625
1 0.789306640625 0.251708984375 0.03466796875 0.06005859375
1 0.776123046875 0.390380859375 0.04052734375 0.06005859375
1 0.786865234375 0.130126953125 0.0361328125 0.0595703125
95 0.757080078125 0.15771484375 0.01806640625 0.0419921875
22 0.77294921875 0.34375 0.02734375 0.02392578125
42 0.46923828125 0.585693359375 0.0537109375 0.05322265625
49 0.08984375 0.963134765625 0.0771484375 0.07373046875
46 0.32470703125 0.543701171875 0.02783203125 0.04931640625
13 0.98779296875 0.9150390625 0.0244140625 0.0400390625
39 0.867919921875 0.838134765625 0.03857421875 0.02294921875