42 0.5185546875 0.4040767386091127 0.037109375 0.08633093525179857
96 0.602294921875 0.4397482014388489 0.03857421875 0.05635491606714628
3 0.64892578125 0.440947242206235 0.04541015625 0.0683453237410072
42 0.648193359375 0.24820143884892087 0.0380859375 0.04436450839328537
42 0.595703125 0.14688249400479617 0.06982421875 0.07973621103117506
42 0.5673828125 0.009892086330935251 0.072265625 0.019784172661870502
42 0.71728515625 0.4001798561151079 0.0673828125 0.08752997601918465
48 0.61962890625 0.39268585131894485 0.03125 0.03357314148681055
46 0.864501953125 0.10821342925659472 0.0322265625 0.06414868105515588
47 0.86181640625 0.008992805755395683 0.0322265625 0.017985611510791366
1 0.8984375 0.03537170263788969 0.04638671875 0.03776978417266187
46 0.99267578125 0.10881294964028777 0.0146484375 0.05935251798561151
1 0.991455078125 0.9136690647482014 0.01708984375 0.046762589928057555
25 0.96826171875 0.50689448441247 0.0517578125 0.05455635491606715