49 0.989501953125 0.301513671875 0.02099609375 0.10693359375
42 0.84326171875 0.3046875 0.0869140625 0.0927734375
42 0.84033203125 0.432861328125 0.0869140625 0.08984375
30 0.71142578125 0.303955078125 0.0283203125 0.05126953125
30 0.71142578125 0.43212890625 0.0283203125 0.05712890625
46 0.495849609375 0.677978515625 0.06005859375 0.02392578125
46 0.798828125 0.676513671875 0.052734375 0.02685546875
39 0.565185546875 0.611083984375 0.04150390625 0.0244140625
42 0.01123046875 0.744140625 0.0224609375 0.0361328125
42 0.01123046875 0.845947265625 0.0224609375 0.05029296875
29 0.022705078125 0.976806640625 0.04541015625 0.04638671875
22 0.01220703125 0.91259765625 0.0244140625 0.0419921875
33 0.94384765625 0.84716796875 0.04638671875 0.05126953125
41 0.874755859375 0.84716796875 0.04833984375 0.05322265625
32 0.80615234375 0.84619140625 0.05126953125 0.05322265625
27 0.7412109375 0.84814453125 0.05126953125 0.05126953125
63 0.672607421875 0.84765625 0.05615234375 0.05029296875
50 0.60546875 0.845703125 0.05224609375 0.05029296875
59 0.537353515625 0.84765625 0.05224609375 0.05419921875
51 0.470458984375 0.8486328125 0.04833984375 0.05224609375
60 0.40283203125 0.84765625 0.05322265625 0.04833984375