3 0.43970835670218733 0.3253424657534247 0.039540100953449245 0.02183219178082192
3 0.4383062254627033 0.2054794520547945 0.0358945597307908 0.02183219178082192
47 0.42540661805945035 0.4456335616438356 0.030846887268648347 0.01113013698630137
42 0.5482333146382501 0.4636130136986301 0.02944475602916433 0.014126712328767123
42 0.4441951766685362 0.2649828767123288 0.06842400448681997 0.0351027397260274
46 0.504206393718452 0.6378424657534246 0.028042624789680313 0.032534246575342464
46 0.45989904655075714 0.6977739726027398 0.020190689848569827 0.04452054794520548
46 0.5608524957936063 0.6357020547945206 0.03309029725182277 0.025684931506849314
46 0.8339876612450925 0.6866438356164384 0.030846887268648347 0.02910958904109589
46 0.7739764441951766 0.5873287671232876 0.021873247335950644 0.0410958904109589
46 0.6048794167134044 0.696917808219178 0.021873247335950644 0.04452054794520548
22 0.5339315759955132 0.7110445205479452 0.022434099831744252 0.02910958904109589
94 0.5434660684240045 0.7534246575342466 0.03925967470555244 0.025684931506849314
42 0.4164329781267527 0.9332191780821918 0.012899607403252944 0.03595890410958904
42 0.5894559730790802 0.9726027397260274 0.04262478968031408 0.0547945205479452
42 0.9276500280426248 0.6592465753424658 0.04374649467190129 0.07534246575342465
25 0.9795288839035333 0.5988869863013698 0.04094223219293326 0.0761986301369863
42 0.9795288839035333 0.7136130136986302 0.04094223219293326 0.0898972602739726
56 0.9632641615255187 0.954195205479452 0.025799214806505887 0.02910958904109589
42 0.9834548513740886 0.9773116438356164 0.03309029725182277 0.045376712328767124
46 0.7966909702748177 0.4961472602739726 0.021873247335950644 0.012842465753424657
22 0.7980931015143017 0.6875 0.01962983735277622 0.026541095890410957
25 0.6469433538979249 0.9195205479452054 0.04711160964666293 0.07705479452054795
94 0.5765563656758272 0.7855308219178082 0.03645541222658441 0.012842465753424657
46 0.5816040381379697 0.7688356164383562 0.014021312394840156 0.03339041095890411
102 0.5824453168816601 0.815068493150685 0.034212002243409985 0.05051369863013699
46 0.5339315759955132 0.7773972602739726 0.023555804823331465 0.039383561643835614