42 0.01816557474687314 0.2754442649434572 0.026801667659321026 0.03231017770597738
86 0.037224538415723644 0.33117932148626816 0.029184038117927337 0.03796445880452343
42 0.46217986896962476 0.09531502423263329 0.02501488981536629 0.0420032310177706
49 0.21262656343061345 0.8150242326332795 0.058368076235854674 0.08239095315024232
25 0.12507444907683143 0.8432956381260097 0.05002977963073258 0.07754442649434572
42 0.12805241215008933 0.9571890145395799 0.048838594401429423 0.06623586429725363
42 0.29779630732578916 0.9668820678513732 0.026206075044669448 0.04038772213247173
42 0.30077427039904703 0.9935379644588045 0.0273972602739726 0.012924071082390954
42 0.24836212030970817 0.9151857835218093 0.05122096486003574 0.06623586429725363
56 0.06015485407980941 0.8651050080775444 0.0273972602739726 0.02665589660743134
42 0.03424657534246575 0.8949919224555735 0.04705181655747469 0.0630048465266559
86 0.015485407980941036 0.6873990306946688 0.022632519356759976 0.02665589660743134
93 0.0273972602739726 0.731421647819063 0.043478260869565216 0.05573505654281099
3 0.21351995235259083 0.9850565428109854 0.03513996426444312 0.02988691437802908
48 0.18701608100059558 0.9559773828756059 0.024419297200714712 0.029079159935379646
96 0.21322215604526504 0.9378029079159935 0.017272185824895772 0.02665589660743134