35 0.5300829875518672 0.45211693548387094 0.044605809128630707 0.05342741935483871
37 0.5274896265560166 0.0811491935483871 0.035269709543568464 0.037298387096774195
46 0.8449170124481328 0.10786290322580645 0.04045643153526971 0.03024193548387097
39 0.8941908713692946 0.013608870967741936 0.03734439834024896 0.02721774193548387
42 0.9595435684647303 0.10987903225806452 0.08091286307053942 0.09879032258064516
25 0.2525933609958506 0.7494959677419355 0.06431535269709543 0.06149193548387097
25 0.3475103734439834 0.5952620967741935 0.06224066390041494 0.05846774193548387
46 0.4149377593360996 0.9314516129032258 0.025933609958506226 0.034274193548387094
95 0.19605809128630705 0.9390120967741935 0.054979253112033194 0.02721774193548387
42 0.34699170124481327 0.6905241935483871 0.06950207468879668 0.06149193548387097
42 0.7074688796680498 0.9823588709677419 0.04979253112033195 0.03528225806451613
42 0.6815352697095436 0.8104838709677419 0.03423236514522822 0.029233870967741934
42 0.6804979253112033 0.6995967741935484 0.03630705394190872 0.03931451612903226
42 0.8241701244813278 0.5902217741935484 0.03319502074688797 0.03528225806451613
42 0.8257261410788381 0.9173387096774194 0.03319502074688797 0.036290322580645164
22 0.7282157676348547 0.592741935483871 0.03008298755186722 0.02217741935483871
22 0.6773858921161826 0.6517137096774194 0.03008298755186722 0.028225806451612902
22 0.6784232365145229 0.8608870967741935 0.023858921161825725 0.025201612903225805
22 0.7297717842323651 0.9183467741935484 0.028008298755186723 0.02721774193548387
1 0.7733402489626556 0.5589717741935484 0.044605809128630707 0.019153225806451613
93 0.7878630705394191 0.844758064516129 0.04771784232365145 0.055443548387096774
1 0.7743775933609959 0.9702620967741935 0.046680497925311204 0.059475806451612906
7 0.6727178423236515 0.9153225806451613 0.05912863070539419 0.04032258064516129
7 0.6721991701244814 0.5912298387096774 0.061203319502074686 0.038306451612903226