1 0.3626373626373626 0.44114636642784033 0.039285714285714285 0.016376663254861822
42 0.3208791208791209 0.38382804503582396 0.032692307692307694 0.03480040941658137
42 0.37225274725274726 0.21545547594677583 0.06236263736263736 0.08085977482088025
42 0.2846153846153846 0.21750255885363357 0.02967032967032967 0.08085977482088025
42 0.28516483516483515 0.10747185261003071 0.03076923076923077 0.07164790174002048
42 0.2846153846153846 0.019959058341862845 0.02967032967032967 0.03991811668372569
86 0.3587912087912088 0.33009211873080857 0.0260989010989011 0.03480040941658137
25 0.4848901098901099 0.21596724667349027 0.05934065934065934 0.07164790174002048
42 0.4107142857142857 0.38024564994882293 0.026648351648351647 0.030194472876151485
1 0.4409340659340659 0.43858751279426816 0.038461538461538464 0.02098259979529171
94 0.4826923076923077 0.3618219037871034 0.02142857142857143 0.07164790174002048
42 0.13791208791208792 0.8249744114636642 0.027472527472527472 0.0511770726714432
42 0.06868131868131869 0.8183213920163767 0.01703296703296703 0.03172978505629478
42 0.08379120879120878 0.7824974411463664 0.018131868131868133 0.033776867963152504
42 0.08406593406593407 0.6719549641760492 0.019230769230769232 0.033776867963152504
34 0.0771978021978022 0.7134083930399181 0.04120879120879121 0.03582395087001024
46 0.10329670329670329 0.6709314227226203 0.013736263736263736 0.015353121801432957
46 0.11318681318681319 0.5895598771750256 0.00934065934065934 0.02456499488229273
46 0.12472527472527473 0.9022517911975435 0.015934065934065933 0.019447287615148412
46 0.11401098901098901 0.9907881269191402 0.010439560439560439 0.01842374616171955
42 0.6623626373626373 0.9298874104401228 0.025274725274725275 0.03991811668372569
42 0.7651098901098901 0.9851586489252815 0.023626373626373626 0.02968270214943705
93 0.6486263736263737 0.7149437052200615 0.04065934065934066 0.07778915046059365
42 0.6994505494505494 0.5808597748208802 0.02142857142857143 0.04708290685772774
95 0.7304945054945055 0.477482088024565 0.01703296703296703 0.05629477993858751
39 0.6807692307692308 0.7993858751279427 0.016483516483516484 0.0368474923234391
86 0.7502747252747253 0.9196519959058342 0.022527472527472527 0.03480040941658137