42 0.1278409090909091 0.07164790174002048 0.02869318181818182 0.030194472876151485
86 0.07840909090909091 0.0931422722620266 0.033522727272727273 0.03326509723643808
56 0.9477272727272728 0.2082906857727738 0.02215909090909091 0.05015353121801433
46 0.8045454545454546 0.01023541453428864 0.03068181818181818 0.02047082906857728
22 0.8323863636363636 0.1745138178096213 0.01818181818181818 0.032753326509723645
29 0.846875 0.25588536335721596 0.05056818181818182 0.052200614124872056
22 0.8329545454545455 0.33623336745138177 0.01818181818181818 0.03480040941658137
1 0.7974431818181819 0.30194472876151485 0.023863636363636365 0.03480040941658137
22 0.775 0.25895598771750256 0.02215909090909091 0.038894575230296824
94 0.7872159090909091 0.4728761514841351 0.044886363636363634 0.028659160696008188
42 0.6934659090909091 0.5404298874104401 0.026136363636363635 0.04094165813715456
86 0.6278409090909091 0.3618219037871034 0.028409090909090908 0.04503582395087001
39 0.6636363636363637 0.5399181166837257 0.011931818181818182 0.03991811668372569
22 0.8610795454545455 0.5731832139201638 0.020454545454545454 0.02968270214943705
42 0.8772727272727273 0.18935516888433981 0.04318181818181818 0.08085977482088025
42 0.9261363636363636 0.2569089048106448 0.04261363636363636 0.07778915046059365
46 0.8863636363636364 0.5276356192425793 0.02159090909090909 0.030706243602865915
86 0.9207386363636364 0.5557830092118731 0.02215909090909091 0.04094165813715456
94 0.8752840909090909 0.6243602865916069 0.040340909090909094 0.02968270214943705
39 0.7224431818181818 0.5399181166837257 0.014772727272727272 0.04196519959058342
42 0.7755681818181818 0.5025588536335721 0.022727272727272728 0.03480040941658137
1 0.7556818181818182 0.13203684749232344 0.029545454545454545 0.03582395087001024
86 0.8133522727272727 0.34032753326509724 0.020454545454545454 0.04503582395087001
46 0.859375 0.6432958034800409 0.017613636363636363 0.03172978505629478
42 0.48352272727272727 0.977482088024565 0.022727272727272728 0.042988741044012284
39 0.5045454545454545 0.8884339815762539 0.013636363636363636 0.03480040941658137
102 0.109375 0.8300921187308086 0.028409090909090908 0.06960081883316274
42 0.8465909090909091 0.9872057318321392 0.031818181818181815 0.0255885363357216
42 0.7605113636363636 0.9559877175025588 0.03125 0.05322415557830092
42 0.759375 0.9938587512794268 0.028977272727272727 0.012282497441146366
42 0.7011363636363637 0.8771750255885363 0.03125 0.057318321392016376
42 0.7767045454545455 0.6663254861821903 0.01818181818181818 0.014329580348004094
42 0.7934659090909091 0.9037871033776868 0.019886363636363636 0.030706243602865915
95 0.9119318181818182 0.6683725690890481 0.013636363636363636 0.01842374616171955
48 0.8039772727272727 0.9974411463664279 0.0125 0.00511770726714432
56 0.7147727272727272 0.9073694984646878 0.013636363636363636 0.032753326509723645