42 0.4564571994062345 0.4186284544524053 0.027709054923305294 0.021494370522006142
86 0.5042058386937159 0.4032753326509724 0.03240969816922316 0.02354145342886387
25 0.2706580900544285 0.9288638689866939 0.03859475507174666 0.07983623336745138
42 0.3520534388916378 0.9856704196519959 0.04106877783275606 0.028659160696008188
42 0.38743196437407224 0.868474923234391 0.03809995051954478 0.07983623336745138
42 0.351311232063335 0.9293756397134084 0.03859475507174666 0.09007164790174002
47 0.4616526472043543 0.7901740020470829 0.014844136566056407 0.057318321392016376
46 0.42825333993072734 0.5015353121801432 0.014349332013854528 0.0593654042988741
46 0.42874814448292925 0.7139201637666326 0.01682335477486393 0.06141248720573183
46 0.4280059376546264 0.8669396110542477 0.01830776843146957 0.05834186284544524
46 0.40178129638792676 0.9309109518935517 0.028203859475507173 0.028659160696008188
87 0.41464621474517566 0.7865916069600819 0.04403760514596734 0.07062436028659161