42 0.44834463502193855 0.40974212034383956 0.027124052652572797 0.021012416427889206
86 0.4952134024730754 0.3944603629417383 0.03191065017949741 0.022922636103151862
42 0.6174710809732749 0.4063992359121299 0.03909054646988432 0.09742120343839542
22 0.7562824092540885 0.4054441260744986 0.016753091344236137 0.04775549188156638
22 0.7287594734742721 0.18290353390639924 0.015955325089748704 0.03151862464183381
22 0.7560829676904667 0.13658070678127984 0.014758675708017551 0.03533906399235912
1 0.7233745512564819 0.44173829990448904 0.02114080574391703 0.03533906399235912
42 0.7863980853609892 0.40257879656160456 0.013960909453530115 0.03533906399235912
42 0.7752293577981652 0.06017191977077364 0.03191065017949741 0.08595988538681948
93 0.6533705624252094 0.14947468958930277 0.031112883925009972 0.06972301814708691
95 0.7042281611487834 0.11891117478510028 0.011966493817311527 0.08882521489971347