42 0.017391304347826087 0.3055271238485159 0.0214170692431562 0.016888433981576252
86 0.03268921095008052 0.33418628454452404 0.023349436392914653 0.019447287615148412
46 0.7668276972624799 0.38536335721596726 0.015458937198067632 0.048106448311156604
42 0.6892109500805152 0.04452405322415558 0.02608695652173913 0.07778915046059365
42 0.8069243156199678 0.07215967246673491 0.01352657004830918 0.04605936540429888
42 0.9481481481481482 0.17400204708290687 0.011594202898550725 0.04196519959058342
42 0.8513687600644122 0.3515864892528147 0.01674718196457327 0.0511770726714432
42 0.7497584541062802 0.21852610030706243 0.01288244766505636 0.04708290685772774
1 0.8971014492753623 0.24923234390992835 0.014814814814814815 0.07778915046059365
1 0.731561996779388 0.1827021494370522 0.02318840579710145 0.04503582395087001
93 0.821256038647343 0.32753326509723646 0.02705314009661836 0.0767656090071648
93 0.9190016103059582 0.1299897645854657 0.022866344605475042 0.06448311156601842
93 0.7813204508856683 0.028147389969293755 0.021256038647342997 0.05629477993858751
7 0.8523349436392915 0.1668372569089048 0.015136876006441223 0.09416581371545547
22 0.8505636070853462 0.4017400204708291 0.01288244766505636 0.015353121801432957
22 0.7502415458937198 0.2804503582395087 0.011916264090177134 0.03991811668372569
93 0.9373590982286635 0.2671443193449335 0.02576489533011272 0.08393039918116683
42 0.8096618357487922 0.172978505629478 0.02608695652173913 0.07983623336745138
93 0.7690821256038647 0.14073694984646878 0.025120772946859903 0.0767656090071648
7 0.7520128824476651 0.06397134083930399 0.014170692431561997 0.0767656090071648
86 0.8901771336553945 0.3664278403275333 0.014814814814814815 0.0593654042988741
87 0.8908212560386474 0.11566018423746162 0.02383252818035427 0.05322415557830092
86 0.9578099838969404 0.2507676560900716 0.01352657004830918 0.05322415557830092
86 0.7864734299516908 0.13920163766632548 0.017391304347826087 0.05527123848515865
86 0.7152979066022545 0.09825997952917093 0.01674718196457327 0.0511770726714432
86 0.7169082125603865 0.2507676560900716 0.01996779388083736 0.05322415557830092
25 0.20209339774557167 0.5696008188331627 0.038486312399355876 0.04196519959058342
42 0.14025764895330112 0.46827021494370524 0.04396135265700483 0.04605936540429888
49 0.20161030595813204 0.46673490276356194 0.04251207729468599 0.04912998976458546
42 0.2785829307568438 0.4278403275332651 0.04186795491143317 0.0368474923234391
42 0.3285024154589372 0.4293756397134084 0.043800322061191624 0.03991811668372569
39 0.3323671497584541 0.49181166837256907 0.01884057971014493 0.013817809621289662
42 0.3813204508856683 0.4293756397134084 0.03735909822866344 0.03991811668372569
95 0.07326892109500806 0.553224155578301 0.01352657004830918 0.03582395087001024
49 0.4397745571658615 0.43961105424769703 0.03188405797101449 0.06038894575230297
69 0.5418679549114331 0.4375639713408393 0.026570048309178744 0.048106448311156604