42 0.4079401611047181 0.2664543524416136 0.031070195627157654 0.040339702760084924
42 0.41139240506329117 0.2669851380042463 0.02704257767548907 0.04670912951167728
42 0.3265247410817031 0.09607218683651805 0.02704257767548907 0.049893842887473464
93 0.4323935558112773 0.19055201698513802 0.035097813578826235 0.06900212314225053
46 0.2258342922899885 0.1618895966029724 0.035097813578826235 0.049893842887473464
93 0.2756041426927503 0.4426751592356688 0.04487917146144994 0.03397027600849257
93 0.37543153049482164 0.1602972399150743 0.04142692750287687 0.08598726114649681
7 0.41570771001150747 0.10509554140127389 0.043153049482163405 0.050955414012738856
42 0.380897583429229 0.4325902335456476 0.04833141542002301 0.054140127388535034
1 0.3475258918296893 0.03556263269639066 0.023014959723820484 0.07112526539278131
22 0.2937284234752589 0.09501061571125266 0.020138089758342925 0.037154989384288746
86 0.366800920598389 0.23938428874734607 0.02186421173762946 0.04777070063694268
87 0.3147295742232451 0.4256900212314225 0.02531645569620253 0.059447983014861996
78 0.7399309551208285 0.4018046709129512 0.08630609896432681 0.11571125265392782
76 0.6098964326812428 0.3996815286624204 0.08630609896432681 0.11995753715498939
67 0.4873417721518987 0.4007430997876858 0.07479861910241657 0.1178343949044586