42 0.4514721919302072 0.25443786982248523 0.029443838604143947 0.04497041420118343
42 0.4547437295528899 0.25502958579881657 0.025627044711014176 0.05207100591715976
42 0.3743184296619411 0.06449704142011835 0.025627044711014176 0.05562130177514793
93 0.4770992366412214 0.16982248520710058 0.03816793893129771 0.07692307692307693
46 0.27889858233369685 0.1378698224852071 0.03326063249727372 0.05562130177514793
93 0.4206652126499455 0.13609467455621302 0.03925845147219193 0.09585798816568047
7 0.45883315158124316 0.07455621301775148 0.04089422028353326 0.05680473372781065
1 0.3942202835332606 0.018343195266272188 0.021810250817884406 0.036686390532544376
22 0.34323882224645585 0.06331360946745562 0.019083969465648856 0.04142011834319527
86 0.41248636859323884 0.2242603550295858 0.020719738276990186 0.05325443786982249
89 0.8544165757906216 0.10355029585798817 0.05779716466739367 0.15739644970414202
42 0.2870774263904035 0.3230769230769231 0.025627044711014176 0.06627218934911243
22 0.3124318429661941 0.5266272189349113 0.011723009814612868 0.04970414201183432
22 0.22137404580152673 0.5579881656804734 0.012540894220283533 0.05562130177514793
93 0.25981461286804797 0.6284023668639053 0.02371864776444929 0.09526627218934912
93 0.2936205016357688 0.665680473372781 0.01990185387131952 0.08875739644970414
46 0.19002181025081788 0.6248520710059171 0.01717557251908397 0.04970414201183432
42 0.23827699018538714 0.5526627218934911 0.010087241003271538 0.05088757396449704
1 0.24972737186477645 0.4798816568047337 0.011177753544165758 0.08757396449704143
7 0.28162486368593237 0.5609467455621302 0.024536532170119956 0.05680473372781065
86 0.2644492911668484 0.691715976331361 0.008724100327153763 0.036686390532544376
86 0.2311886586695747 0.4171597633136095 0.012813522355507088 0.05088757396449704
86 0.2707197382769902 0.4153846153846154 0.010087241003271538 0.06449704142011835
86 0.30616139585605234 0.6798816568047338 0.010632497273718648 0.04319526627218935
86 0.32306434023991276 0.6668639053254438 0.011450381679389313 0.06449704142011835
42 0.32851690294438385 0.5183431952662721 0.008724100327153763 0.04792899408284024