42 0.27214250371103416 0.21763506625891946 0.021029193468579913 0.03924566768603466
42 0.2699158832261257 0.21712538226299694 0.01830776843146957 0.045361875637105
42 0.3273132112815438 0.38328236493374107 0.01830776843146957 0.04841997961264016
93 0.25383473527956457 0.291539245667686 0.027214250371103414 0.0672782874617737
46 0.3955962394854033 0.3195718654434251 0.02375061850569025 0.04841997961264016
93 0.3619495299356754 0.03160040774719674 0.030430479960415636 0.06269113149847094
93 0.2941613062840178 0.3211009174311927 0.027956457199406235 0.0835881753312946
7 0.2669470559129144 0.3746177370030581 0.029193468579910935 0.04943934760448522
42 0.2904502721425037 0.04128440366972477 0.0326571004453241 0.08256880733944955
1 0.31296387926768926 0.4475025484199796 0.015586343394359228 0.08053007135575943
22 0.34957941613062843 0.3843017329255861 0.013607125185551707 0.03618756371049949
86 0.3379515091538842 0.49031600407747195 0.01880257298367145 0.03873598369011213
86 0.2864918357248887 0.49133537206931704 0.01979218208807521 0.03669724770642202
86 0.30009896091044036 0.24413863404689093 0.014844136566056407 0.046381243628950054
87 0.33547748639287484 0.06269113149847094 0.01707075705096487 0.05759429153924567
42 0.6917367639782286 0.28134556574923547 0.03809995051954478 0.07747196738022426
93 0.7283523008411678 0.21355759429153925 0.033151904997525974 0.0652395514780836
93 0.8730826323602177 0.21355759429153925 0.0326571004453241 0.0652395514780836
93 0.7944087085601188 0.05963302752293578 0.032162295893122216 0.06931702344546381
42 0.756308758040574 0.12487257900101936 0.01880257298367145 0.04281345565749235
42 0.7560613557644731 0.0061162079510703364 0.017812963879267688 0.012232415902140673
8 0.751855517070757 0.2716615698267074 0.0326571004453241 0.040774719673802244
42 0.9012864918357248 0.12334352701325178 0.01583374567046017 0.03567787971457696
22 0.8090054428500743 0.2782874617737003 0.01583374567046017 0.02854230377166157
22 0.7565561603166749 0.19215086646279306 0.015338941118258289 0.03058103975535168
89 0.15734784760019793 0.6365953109072375 0.05244928253339931 0.13557594291539246
25 0.9910935180603662 0.9357798165137615 0.017812963879267688 0.07951070336391437