42 0.3587912087912088 0.22601010101010102 0.02967032967032967 0.047979797979797977
42 0.3554945054945055 0.22537878787878787 0.025824175824175823 0.05555555555555555
93 0.33296703296703295 0.3023989898989899 0.038461538461538464 0.054292929292929296
93 0.48516483516483516 0.018308080808080808 0.04285714285714286 0.036616161616161616
93 0.38956043956043956 0.31502525252525254 0.03956043956043956 0.02904040404040404
42 0.38461538461538464 0.030303030303030304 0.046153846153846156 0.06060606060606061
86 0.39807692307692305 0.2582070707070707 0.020879120879120878 0.056818181818181816
87 0.4478021978021978 0.036616161616161616 0.024175824175824177 0.0707070707070707
29 0.7865384615384615 0.29545454545454547 0.0489010989010989 0.06439393939393939
22 0.8 0.19633838383838384 0.018131868131868133 0.04292929292929293
1 0.8343406593406594 0.23863636363636365 0.023076923076923078 0.041666666666666664
22 0.856043956043956 0.2916666666666667 0.02142857142857143 0.04671717171717172
94 0.8442307692307692 0.027777777777777776 0.043406593406593405 0.03409090909090909
86 0.9923076923076923 0.16414141414141414 0.015384615384615385 0.05555555555555555
42 0.7096153846153846 0.2878787878787879 0.04120879120879121 0.08333333333333333
46 0.6228021978021978 0.04671717171717172 0.027472527472527472 0.04040404040404041
42 0.8554945054945055 0.006313131313131313 0.02197802197802198 0.012626262626262626
86 0.8189560439560439 0.19128787878787878 0.01978021978021978 0.05555555555555555
42 0.185989010989011 0.9337121212121212 0.025274725274725275 0.04924242424242424
42 0.2887362637362637 0.9917929292929293 0.023626373626373626 0.016414141414141416
93 0.17225274725274725 0.6685606060606061 0.04065934065934066 0.09722222222222222
42 0.2230769230769231 0.5031565656565656 0.02142857142857143 0.05808080808080808
95 0.2541208791208791 0.369949494949495 0.01703296703296703 0.08080808080808081
39 0.2043956043956044 0.7727272727272727 0.016483516483516484 0.045454545454545456
86 0.2739010989010989 0.9210858585858586 0.022527472527472527 0.041666666666666664
1 0.6065934065934065 0.5170454545454546 0.03021978021978022 0.11868686868686869
1 0.6057692307692307 0.3787878787878788 0.03241758241758242 0.09848484848484848
42 0.7703296703296704 0.6022727272727273 0.05 0.1275252525252525