42 0.1675309134423614 0.2688634192932187 0.012963701635420821 0.04823304680038205
42 0.16593538093338653 0.26838586437440304 0.011368169126445952 0.055873925501432664
42 0.20143597925807738 0.47325692454632284 0.011368169126445952 0.059694364851957976
93 0.15616274431591542 0.3600764087870105 0.016753091344236137 0.08261700095510983
46 0.24331870761866772 0.3944603629417383 0.014559234144395692 0.059694364851957976
93 0.22237734343837257 0.03868194842406877 0.01874750698045473 0.07736389684813753
93 0.1810929397686478 0.396370582617001 0.017351416035101715 0.10315186246418338
7 0.1641404068607898 0.46227316141356256 0.017949740725967292 0.061127029608404965
42 0.17869964100518548 0.051098376313276024 0.02014359792580774 0.1017191977077364
1 0.19246110889509374 0.5525310410697231 0.009573195053849222 0.09933142311365807
22 0.21499800558436377 0.47468958930276983 0.008376545672118069 0.044412607449856735
86 0.20781810929397687 0.6055396370582617 0.011966493817311527 0.04775549188156638
86 0.17630634224172317 0.6069723018147087 0.011966493817311527 0.044412607449856735
86 0.18468288791384124 0.3013371537726839 0.009174311926605505 0.05730659025787966
87 0.206222576785002 0.0778414517669532 0.010570402871958515 0.07115568290353391
86 0.6828879138412445 0.12416427889207259 0.014758675708017551 0.03724928366762178
22 0.7167929796569605 0.03629417382999045 0.01316314319904268 0.04393505253104107
93 0.7247706422018348 0.17956064947468958 0.029916234543278818 0.07927411652340019
22 0.7889908256880734 0.6184336198662846 0.014359792580773833 0.021967526265520534
42 0.5079776625448743 0.941738299904489 0.03310729956122856 0.07449856733524356
42 0.5708017550857599 0.9885386819484241 0.040686078978859196 0.022922636103151862
42 0.5781810929397686 0.8218720152817574 0.03789389708815317 0.08595988538681948
42 0.4419625049860391 0.8247373447946514 0.017949740725967292 0.04775549188156638
25 0.5538492221779019 0.9393505253104107 0.03191065017949741 0.07640878701050621
22 0.6703230953330674 0.8911174785100286 0.01316314319904268 0.033428844317096466
22 0.7114080574391703 0.8233046800382043 0.01874750698045473 0.04393505253104107
1 0.672317510969286 0.9608404966571156 0.029118468288791385 0.07831900668576887
1 0.6814918228958915 0.7531041069723018 0.02512963701635421 0.10792741165234002
93 0.5987235739928201 0.8911174785100286 0.029916234543278818 0.06876790830945559
22 0.6589549262066214 0.6575931232091691 0.011966493817311527 0.041069723018147083
39 0.6719186278420423 0.6528175740210124 0.008775428799361787 0.03533906399235912
42 0.7417231751096929 0.828080229226361 0.015556441962504986 0.041069723018147083
95 0.40207419226166735 0.9632282712511939 0.004786597526924611 0.07354345749761222
1 0.4780614280015955 0.9536771728748806 0.02512963701635421 0.09264565425023878
1 0.478859194256083 0.7502387774594078 0.02114080574391703 0.09264565425023878
22 0.46410051854806544 0.8247373447946514 0.01316314319904268 0.03151862464183381
23 0.47506980454726766 0.8806112702960841 0.011168727562824093 0.03151862464183381