42 0.2495793606281548 0.2289983844911147 0.014021312394840156 0.030694668820678513
42 0.2512619181155356 0.2294022617124394 0.012058328659562535 0.035541195476575124
42 0.2131239484015704 0.09894991922455573 0.012058328659562535 0.03796445880452343
93 0.26163768928771736 0.17124394184168013 0.0179472798653954 0.05250403877221325
46 0.16797532249018507 0.1494345718901454 0.015703869882220976 0.03796445880452343
93 0.19040942232192934 0.37520193861066237 0.020190689848569827 0.049273021001615507
93 0.23499719573752104 0.14822294022617125 0.018508132361189006 0.0654281098546042
7 0.25322490185081326 0.10621970920840064 0.019349411104879418 0.03877221324717286
42 0.23752103196859226 0.3675282714054927 0.02159282108805384 0.06462035541195477
1 0.2226584408300617 0.048869143780290794 0.010375771172181716 0.0630048465266559
22 0.19854178351093663 0.0981421647819063 0.0089736399326977 0.02827140549273021
86 0.2055524397083567 0.01494345718901454 0.012619181155356141 0.02988691437802908
86 0.2397644419517667 0.014135702746365105 0.012899607403252944 0.02827140549273021
86 0.2310712282669658 0.2084006462035541 0.00981491867638811 0.036348949919224556
87 0.20779584969153111 0.3505654281098546 0.011217049915872126 0.045234248788368334
49 0.32781828379136285 0.6264135702746365 0.04823331463825014 0.07592891760904685
49 0.3286595625350533 0.7209208400646203 0.04879416713404375 0.07431340872374798
42 0.23667975322490184 0.6284329563812601 0.04262478968031408 0.0654281098546042
42 0.23527762198541782 0.7193053311793215 0.04262478968031408 0.06381260096930533
25 0.41839596186203026 0.625605815831987 0.022434099831744252 0.06704361873990307
25 0.4181155356141335 0.7180936995153473 0.022994952327537857 0.06785137318255251
30 0.17162086371284352 0.6280290791599353 0.014021312394840156 0.035541195476575124
30 0.17162086371284352 0.7189014539579968 0.014021312394840156 0.04038772213247173
46 0.06590016825574874 0.8957996768982229 0.029164329781267526 0.021809369951534735
46 0.019068984856982614 0.928513731825525 0.012899607403252944 0.029079159935379646
46 0.2148065058889512 0.8933764135702746 0.026360067302299495 0.021809369951534735
39 0.09983174425126191 0.845718901453958 0.02075154234436343 0.016962843295638127
49 0.6960179472798654 0.8037156704361874 0.05720695457094784 0.0791599353796446
25 0.6763881099270892 0.6849757673667205 0.0538418395961862 0.06785137318255251
42 0.5973079080201907 0.6890145395799677 0.045989904655075714 0.06623586429725363
42 0.4677509814918676 0.7835218093699515 0.04711160964666293 0.06462035541195477
42 0.5159842961301178 0.9717285945072698 0.022434099831744252 0.03715670436187399
42 0.5905776780706674 0.9192245557350566 0.028042624789680313 0.035541195476575124
42 0.5647784632641615 0.9232633279483037 0.023555804823331465 0.03715670436187399
42 0.6264722378014582 0.8521809369951535 0.045989904655075714 0.06946688206785137
42 0.484296130117779 0.49192245557350567 0.04767246214245653 0.06946688206785137
86 0.43970835670218733 0.4907108239095315 0.020190689848569827 0.034733441033925685
56 0.6612450925406618 0.5969305331179321 0.019068984856982614 0.03715670436187399
42 0.6404935501962984 0.5617932148626817 0.04374649467190129 0.06381260096930533
86 0.7846326416152551 0.5363489499192245 0.019068984856982614 0.030694668820678513
93 0.7540661805945037 0.5525040387722132 0.038698822209758836 0.05896607431340872
29 0.5300056085249579 0.5617932148626817 0.04823331463825014 0.03796445880452343
74 0.5347728547392036 0.7358642972536349 0.05888951205832866 0.04038772213247173
1 0.4812114413909142 0.9333602584814217 0.0358945597307908 0.033117932148626815
1 0.48485698261357263 0.6005654281098546 0.0358945597307908 0.034733441033925685
3 0.5773976444195177 0.8049273021001615 0.021873247335950644 0.04765751211631664
48 0.5981491867638811 0.7689822294022617 0.02075154234436343 0.033117932148626815
96 0.6107683679192373 0.8045234248788369 0.0179472798653954 0.024232633279483037