42 0.3183613445378151 0.1484817813765182 0.05148859543817525 0.1755060728744939
42 0.5217466986794718 0.2268825910931174 0.023091236494597857 0.10963562753036436
42 0.6830252100840336 0.7719635627530365 0.0335174069627852 0.08643724696356285
42 0.8622328931572629 0.4308299595141701 0.025786314525810344 0.0924291497975709
42 0.5218547418967587 0.21465587044534418 0.026308523409363703 0.09528340080971662
42 0.4252460984393758 0.513582995951417 0.028157262905162114 0.09599190283400813
93 0.47861944777911164 0.13123481781376517 0.03887154861944778 0.14101214574898785
46 0.4625390156062425 0.8673481781376519 0.0278871548619448 0.12251012145748984
93 0.8129711884753902 0.5617813765182186 0.051530612244897904 0.14809716599190276
1 0.7707142857142857 0.5676923076923077 0.031104441776710783 0.14821862348178144
93 0.6338835534213685 0.6918623481781376 0.044951980792316916 0.157085020242915
93 0.46166866746698676 0.3413562753036437 0.04866746698679467 0.1453036437246963
93 0.8041356542617047 0.30151821862348177 0.044243697478991616 0.12406882591093119
7 0.6865606242496999 0.41186234817813766 0.025594237695077956 0.16951417004048586
7 0.4302701080432173 0.19939271255060728 0.029171668667466934 0.15344129554655872
42 0.6253301320528211 0.3215789473684211 0.0503601440576231 0.17000000000000004
1 0.3879771908763505 0.4378947368421052 0.04676470588235299 0.08137651821862346
22 0.4245798319327731 0.6286032388663967 0.02124249699879958 0.07143724696356268
22 0.6842016806722689 0.8874696356275305 0.019153661464585747 0.06346153846153851
86 0.7296278511404561 0.2901417004048583 0.03468187274909976 0.08097165991902834
86 0.35847539015606245 0.5712955465587045 0.03134453781512607 0.09896761133603237
86 0.3604801920768307 0.3025101214574899 0.024675870348139197 0.10121457489878542
86 0.5062004801920769 0.37111336032388664 0.026674669867947212 0.07647773279352232
87 0.6115786314525811 0.5544331983805668 0.03334933973589439 0.08771255060728747
86 0.7543037214885955 0.8243319838056681 0.03201080432172865 0.0967206477732793
86 0.9210324129651861 0.2957692307692308 0.025342136854741775 0.0832186234817814
86 0.8893577430972389 0.5398178137651822 0.026008403361344495 0.09896761133603237