42 0.25957257346393586 0.26077097505668934 0.020035618878005344 0.04705215419501134
42 0.25734639358860195 0.25963718820861675 0.017586821015138022 0.05442176870748299
42 0.31233303650934996 0.45861678004535145 0.017586821015138022 0.05782312925170068
93 0.24220837043633126 0.3486394557823129 0.026046304541406946 0.08049886621315193
46 0.3773374888691006 0.3820861678004535 0.022707034728406055 0.05782312925170068
93 0.34528049866429206 0.03741496598639456 0.02894033837934105 0.07482993197278912
93 0.2807212822796082 0.38378684807256236 0.026714158504007122 0.09977324263038549
7 0.25467497773820125 0.44841269841269843 0.02782724844167409 0.05952380952380952
42 0.2771593944790739 0.04931972789115646 0.031166518254674976 0.09863945578231292
1 0.2985307212822796 0.5351473922902494 0.01491540516473731 0.0963718820861678
22 0.3334817453250223 0.45975056689342403 0.012911843276936777 0.04308390022675737
86 0.32257346393588604 0.5867346938775511 0.0182546749777382 0.046485260770975055
86 0.27337488869100623 0.5884353741496599 0.018699910952804988 0.04308390022675737
86 0.286286731967943 0.2919501133786848 0.014247551202137132 0.05555555555555555
87 0.3199020480854853 0.07539682539682539 0.01647373107747106 0.0691609977324263
42 0.7911843276936776 0.5844671201814059 0.0365093499554764 0.05102040816326531
42 0.871326803205699 0.4410430839002268 0.01914514692787177 0.05328798185941043
42 0.8136687444345503 0.19160997732426305 0.018699910952804988 0.045351473922902494
42 0.7297417631344613 0.30952380952380953 0.0213713268032057 0.04195011337868481
42 0.7905164737310775 0.06235827664399093 0.019590382902938557 0.04421768707482993
93 0.9229741763134461 0.24206349206349206 0.03294746215494212 0.08163265306122448
22 0.8717720391807658 0.36961451247165533 0.013802315227070348 0.035147392290249435
22 0.8717720391807658 0.5124716553287982 0.016028495102404273 0.03968253968253968
86 0.9107301869991096 0.5963718820861678 0.020035618878005344 0.027210884353741496
46 0.9343276936776491 0.5912698412698413 0.020035618878005344 0.03741496598639456
46 0.8944790739091718 0.48299319727891155 0.020035618878005344 0.048752834467120185
1 0.9107301869991096 0.3373015873015873 0.040516473731077474 0.06689342403628118
29 0.8610863757791629 0.5958049886621315 0.039180765805877114 0.02834467120181406
42 0.8270258236865539 0.49943310657596374 0.03784505788067676 0.08843537414965986
22 0.6941228851291185 0.31065759637188206 0.015583259127337488 0.04308390022675737
22 0.6647373107747105 0.051587301587301584 0.015138023152270703 0.036281179138321996
39 0.6636242208370436 0.01417233560090703 0.016028495102404273 0.027210884353741496
22 0.6945681211041852 0.005668934240362812 0.016028495102404273 0.011337868480725623
22 0.7410952804986642 0.007369614512471655 0.017364203027604632 0.01473922902494331
22 0.6355743544078362 0.514172335600907 0.013357079252003561 0.04081632653061224
1 0.6607301869991096 0.5884353741496599 0.025823686553873553 0.04308390022675737
1 0.658726625111309 0.39512471655328796 0.026714158504007122 0.11224489795918367
95 0.6369100623330365 0.4467120181405896 0.013357079252003561 0.07936507936507936