42 0.14585834333733494 0.42527821939586646 0.03241296518607443 0.02702702702702703
42 0.14915966386554622 0.42289348171701113 0.028211284513805522 0.03179650238473768
42 0.06092436974789916 0.18680445151033387 0.028211284513805522 0.07472178060413355
93 0.17406962785114047 0.32829888712241656 0.04201680672268908 0.10333863275039745
93 0.11194477791116447 0.28298887122416533 0.04321728691476591 0.1287758346581876
7 0.15396158463385354 0.20031796502384738 0.045018007202881155 0.07631160572337042
1 0.08313325330132053 0.08823529411764706 0.024009603841536616 0.12400635930047695
22 0.026710684273709484 0.18521462639109698 0.02100840336134454 0.05564387917329094
86 0.04351740696278512 0.025437201907790145 0.029411764705882353 0.05087440381558029
86 0.12304921968787515 0.02384737678855326 0.030012004801920768 0.04769475357710652
86 0.10294117647058823 0.4014308426073132 0.022809123649459785 0.07154213036565978
25 0.050120048019207684 0.46025437201907793 0.0234093637454982 0.04292527821939587
25 0.04981992797118848 0.5405405405405406 0.021908763505402162 0.04054054054054054