42 0.26860744297719086 0.06784492588369441 0.05102040816326531 0.09920182440136831
42 0.4717887154861945 0.11174458380843785 0.022809123649459785 0.06157354618015964
42 0.47208883553421366 0.10490307867730901 0.026410564225690276 0.053591790193842644
42 0.3754501800720288 0.27309007981755984 0.028211284513805522 0.053591790193842644
93 0.42887154861944776 0.05815279361459521 0.039015606242496996 0.07981755986316989
46 0.41266506602641057 0.47263397947548463 0.028211284513805522 0.06955530216647662
93 0.4117647058823529 0.17616875712656785 0.048619447779111646 0.08209806157354618
7 0.38055222088835533 0.09635119726339794 0.028811524609843937 0.08551881413911061
1 0.3382352941176471 0.23090079817559864 0.0468187274909964 0.04561003420752566
22 0.3748499399759904 0.33808437856328394 0.02100840336134454 0.039908779931584946
86 0.3085234093637455 0.3055872291904219 0.031212484993997598 0.055872291904218926
86 0.31062424969987995 0.15450399087799316 0.02460984393757503 0.05701254275940707
86 0.4564825930372149 0.19327251995438996 0.02701080432172869 0.043329532497149374
46 0.5651260504201681 0.14709236031927023 0.018607442977190875 0.06157354618015964
22 0.6644657863145258 0.09236031927023945 0.01920768307322929 0.037628278221208664
29 0.7121848739495799 0.06271379703534778 0.030612244897959183 0.10148232611174458
22 0.7593037214885955 0.09064994298745724 0.02040816326530612 0.037628278221208664
1 0.7391956782713085 0.1619156214367161 0.019807923169267706 0.04789053591790194
22 0.713985594237695 0.20695553021664767 0.02220888355342137 0.04446978335233751
94 0.8391356542617047 0.18244013683010263 0.016206482593037214 0.09007981755986318
42 0.8790516206482593 0.37058152793614596 0.024009603841536616 0.052451539338654506
86 0.7743097238895558 0.5017103762827823 0.026410564225690276 0.05473204104903079
39 0.8787515006002401 0.43044469783352335 0.022809123649459785 0.02394526795895097
22 0.8982593037214885 0.03420752565564424 0.017406962785114045 0.04104903078677309
42 0.6731692677070829 0.02280501710376283 0.047418967587034816 0.04561003420752566
94 0.9282713085234093 0.02280501710376283 0.017406962785114045 0.04561003420752566
39 0.8787515006002401 0.3124287343215507 0.025210084033613446 0.029646522234891677
42 0.8568427370948379 0.2063854047890536 0.02040816326530612 0.04561003420752566
1 0.6398559423769508 0.24629418472063855 0.02100840336134454 0.059293044469783354
86 0.7617046818727491 0.12998859749144812 0.026410564225690276 0.04104903078677309
46 0.9462785114045619 0.037058152793614595 0.03181272509003601 0.03534777651083238
30 0.5153061224489796 0.5370581527936146 0.011404561824729893 0.01596351197263398
46 0.5282112845138055 0.5877993158494869 0.03361344537815126 0.03534777651083238
23 0.5930372148859544 0.7776510832383124 0.01680672268907563 0.029646522234891677
23 0.5570228091236494 0.6425313568985177 0.01680672268907563 0.021664766248574687
42 0.8376350540216086 0.6140250855188142 0.02460984393757503 0.05131128848346636
1 0.8775510204081632 0.7086659064994298 0.056422569027611044 0.06271379703534778
1 0.9483793517406963 0.7075256556442417 0.057623049219687875 0.06727480045610035
42 0.9903961584633854 0.5792474344355758 0.01920768307322929 0.05017103762827822
22 0.9909963985594238 0.6476624857468644 0.01800720288115246 0.036488027366020526
39 0.6347539015606243 0.7765108323831242 0.012605042016806723 0.03876852907639681