46 0.179443359375 0.08101851851851852 0.006591796875 0.04861111111111111
42 0.20166015625 0.15641534391534392 0.012939453125 0.06316137566137567
42 0.2607421875 0.24074074074074073 0.013427734375 0.05588624338624339
42 0.232421875 0.2833994708994709 0.006591796875 0.03736772486772487
42 0.281005859375 0.37863756613756616 0.006591796875 0.027447089947089946
22 0.232666015625 0.330026455026455 0.005126953125 0.023478835978835978
93 0.240966796875 0.2208994708994709 0.010986328125 0.05191798941798942
42 0.218505859375 0.04265873015873016 0.00537109375 0.031746031746031744
93 0.24755859375 0.1388888888888889 0.010986328125 0.04398148148148148
93 0.31591796875 0.30357142857142855 0.013427734375 0.05357142857142857
1 0.223388671875 0.25727513227513227 0.01318359375 0.030753968253968252
7 0.282470703125 0.24503968253968253 0.007568359375 0.06481481481481481
93 0.314697265625 0.22156084656084657 0.010498046875 0.045304232804232805
22 0.21923828125 0.08862433862433862 0.006103515625 0.027447089947089946
22 0.28125 0.42294973544973546 0.00537109375 0.026124338624338623
46 0.240966796875 0.4126984126984127 0.007080078125 0.05291005291005291
42 0.328125 0.2523148148148148 0.007568359375 0.036375661375661374
1 0.3037109375 0.3039021164021164 0.007080078125 0.057539682539682536
48 0.259521484375 0.17526455026455026 0.007080078125 0.03902116402116402
93 0.268798828125 0.3449074074074074 0.011962890625 0.05853174603174603
7 0.23388671875 0.16898148148148148 0.0078125 0.06580687830687831
86 0.237548828125 0.06183862433862434 0.01025390625 0.03406084656084656
86 0.216064453125 0.19808201058201058 0.005859375 0.030753968253968252
86 0.21826171875 0.30886243386243384 0.00830078125 0.030753968253968252
86 0.250244140625 0.22321428571428573 0.007568359375 0.03406084656084656
86 0.300048828125 0.2123015873015873 0.009765625 0.036375661375661374
86 0.298583984375 0.398478835978836 0.0087890625 0.0291005291005291
86 0.32666015625 0.31547619047619047 0.00634765625 0.03571428571428571
86 0.313232421875 0.43287037037037035 0.00732421875 0.03373015873015873
86 0.2646484375 0.2986111111111111 0.0087890625 0.03505291005291005
42 0.538818359375 0.10582010582010581 0.05224609375 0.07341269841269842
42 0.5771484375 0.33465608465608465 0.0546875 0.07341269841269842
42 0.85595703125 0.2847222222222222 0.0615234375 0.08002645502645503
42 0.987548828125 0.2526455026455027 0.02490234375 0.07407407407407407
42 0.912353515625 0.06845238095238096 0.0576171875 0.07738095238095238
42 0.715576171875 0.056878306878306875 0.02490234375 0.041005291005291
42 0.760009765625 0.38955026455026454 0.02978515625 0.03571428571428571
42 0.4921875 0.08564814814814815 0.02490234375 0.03968253968253968
42 0.491943359375 0.267526455026455 0.029296875 0.03505291005291005
3 0.365478515625 0.08862433862433862 0.03173828125 0.03968253968253968
3 0.93701171875 0.22817460317460317 0.041015625 0.046296296296296294
93 0.65576171875 0.2873677248677249 0.0546875 0.06812169312169312
93 0.769775390625 0.31283068783068785 0.05126953125 0.06746031746031746
93 0.414306640625 0.2447089947089947 0.056640625 0.07208994708994709
49 0.9931640625 0.17427248677248677 0.013671875 0.07605820105820106
47 0.759033203125 0.44246031746031744 0.04052734375 0.01455026455026455
47 0.5419921875 0.26455026455026454 0.0224609375 0.05291005291005291
1 0.43603515625 0.3872354497354497 0.0693359375 0.057539682539682536
1 0.94384765625 0.35648148148148145 0.06494140625 0.0582010582010582
1 0.591796875 0.17592592592592593 0.0654296875 0.05489417989417989
17 0.989990234375 0.3376322751322751 0.02001953125 0.05489417989417989
42 0.805908203125 0.2208994708994709 0.02783203125 0.03835978835978836
25 0.99267578125 0.07208994708994709 0.0146484375 0.08862433862433862
17 0.635009765625 0.15806878306878308 0.02294921875 0.05357142857142857
35 0.531494140625 0.017195767195767195 0.03662109375 0.03439153439153439
96 0.362548828125 0.03273809523809524 0.02587890625 0.04034391534391534
48 0.390869140625 0.05654761904761905 0.02490234375 0.031084656084656083
86 0.43408203125 0.3412698412698413 0.02587890625 0.031084656084656083
42 0.37060546875 0.37533068783068785 0.0419921875 0.09986772486772487
39 0.80810546875 0.06084656084656084 0.02685546875 0.03042328042328042
96 0.940673828125 0.1712962962962963 0.03369140625 0.041005291005291
48 0.911865234375 0.19212962962962962 0.03369140625 0.036375661375661374
42 0.24267578125 0.46924603174603174 0.0107421875 0.03902116402116402
46 0.1728515625 0.5138888888888888 0.008056640625 0.06448412698412699
93 0.22412109375 0.45866402116402116 0.0166015625 0.017857142857142856
22 0.243896484375 0.5251322751322751 0.0087890625 0.03571428571428571
86 0.26904296875 0.4887566137566138 0.009033203125 0.03869047619047619
49 0.60009765625 0.9242724867724867 0.0693359375 0.08664021164021164
25 0.582275390625 0.7609126984126984 0.0693359375 0.08531746031746032
25 0.984375 0.8386243386243386 0.03125 0.10185185185185185
42 0.4970703125 0.9348544973544973 0.0703125 0.10251322751322751
42 0.723876953125 0.843915343915344 0.0615234375 0.09060846560846561
42 0.804443359375 0.8425925925925926 0.06494140625 0.08465608465608465
42 0.88818359375 0.8432539682539683 0.06591796875 0.08597883597883597
39 0.35498046875 0.4632936507936508 0.0107421875 0.0205026455026455
39 0.80712890625 0.9675925925925926 0.0205078125 0.03042328042328042