46 0.173583984375 0.22095608671484157 0.01220703125 0.033629794330183434
42 0.192626953125 0.10505836575875487 0.01611328125 0.06725958866036687
42 0.163818359375 0.018621456364647026 0.008056640625 0.028349082823790995
1 0.21826171875 0.013618677042801557 0.0078125 0.027237354085603113
22 0.175537109375 0.01500833796553641 0.007080078125 0.03001667593107282
86 0.203125 0.03168426903835464 0.0078125 0.03085047248471373
86 0.231201171875 0.02084491384102279 0.0078125 0.04141189549749861
42 0.5888671875 0.030572540300166758 0.060546875 0.061145080600333516
42 0.722412109375 0.11589772095608672 0.03662109375 0.03501945525291829
42 0.56298828125 0.2534741523068371 0.04248046875 0.04446914952751529
42 0.561767578125 0.3941078376876042 0.03466796875 0.040022234574763754
1 0.664794921875 0.04697053918843802 0.04833984375 0.09394107837687604
7 0.556640625 0.122568093385214 0.07177734375 0.04446914952751529
22 0.56298828125 0.4563646470261256 0.0283203125 0.03613118399110617
22 0.56298828125 0.19371873262923847 0.03125 0.03613118399110617
22 0.6181640625 0.11617565314063369 0.02978515625 0.03779877709838799
93 0.682861328125 0.43551973318510284 0.06103515625 0.06837131739855476
25 0.09716796875 0.8465814341300723 0.076171875 0.08782657031684268
49 0.232666015625 0.9605336297943302 0.08251953125 0.07893274041133963
42 0.304443359375 0.8652028904947193 0.06689453125 0.08171206225680934
42 0.306884765625 0.7009449694274597 0.07470703125 0.08838243468593664
42 0.239990234375 0.6970539188438021 0.06494140625 0.08337965536409116
42 0.18603515625 0.6106170094496943 0.0322265625 0.032240133407448586
42 0.255126953125 0.6122846025569761 0.0302734375 0.0311284046692607
42 0.0966796875 0.7162312395775431 0.072265625 0.07559755419677598
3 0.23974609375 0.8051695386325737 0.05615234375 0.042245692051139525
96 0.2373046875 0.8607559755419678 0.02978515625 0.06336853807670928
22 0.371337890625 0.6114508060033352 0.0361328125 0.0311284046692607
39 0.041015625 0.4936075597554197 0.0224609375 0.007782101167315175
48 0.2021484375 0.839355197331851 0.04541015625 0.03501945525291829
25 0.677978515625 0.7331851028349082 0.06787109375 0.0839355197331851
25 0.9921875 0.7109505280711507 0.015625 0.08337965536409116
49 0.826416015625 0.7109505280711507 0.06689453125 0.08337965536409116
22 0.69287109375 0.6286826014452473 0.029296875 0.032240133407448586
95 0.954833984375 0.953307392996109 0.05712890625 0.029460811561978877
42 0.759033203125 0.5603112840466926 0.06787109375 0.08615897720956087
42 0.825439453125 0.8235130628126737 0.06982421875 0.09783212896053363
94 0.953857421875 0.951917732073374 0.06103515625 0.028349082823790995
39 0.94482421875 0.8913285158421346 0.0380859375 0.019455252918287938