46 0.31787109375 0.10656649972175848 0.011474609375 0.06399554813578186
42 0.357666015625 0.20506399554813579 0.02294921875 0.08291597106288258
42 0.462158203125 0.3158041179744018 0.02392578125 0.07345575959933222
42 0.411865234375 0.37173066221480244 0.011474609375 0.04897050639955482
42 0.498046875 0.496661101836394 0.01171875 0.036171396772398445
22 0.412353515625 0.432943795214246 0.009033203125 0.030884808013355594
93 0.42724609375 0.2896494156928214 0.019287109375 0.06816917084028937
42 0.38720703125 0.055926544240400666 0.009765625 0.04145798553144129
93 0.43896484375 0.18196994991652754 0.019775390625 0.05759599332220367
93 0.559814453125 0.3981636060100167 0.023681640625 0.07039510294936005
1 0.395751953125 0.33750695603784087 0.023193359375 0.040345019476905955
7 0.50048828125 0.32164718976071227 0.013427734375 0.08514190317195326
93 0.5576171875 0.2907623817473567 0.0185546875 0.05954368391764051
22 0.388671875 0.11602671118530884 0.010986328125 0.036171396772398445
22 0.49853515625 0.5548135781858653 0.00927734375 0.03394546466332777
46 0.42724609375 0.5414579855314413 0.012451171875 0.06928213689482471
42 0.58154296875 0.3311074012242627 0.013427734375 0.047857540345019475
1 0.538330078125 0.39872008903728434 0.0126953125 0.07568169170840289
48 0.4599609375 0.23010573177518084 0.012451171875 0.051196438508625486
93 0.4765625 0.4524207011686144 0.021240234375 0.07679465776293823
7 0.41455078125 0.221480244852532 0.013916015625 0.08625486922648859
86 0.421142578125 0.08096828046744574 0.01806640625 0.0447968836950473
86 0.3828125 0.2598775737340011 0.010498046875 0.040345019476905955
86 0.38671875 0.4051196438508626 0.014404296875 0.040345019476905955
86 0.443603515625 0.29271007234279356 0.013671875 0.0447968836950473
86 0.53173828125 0.278519755147468 0.017333984375 0.047857540345019475
86 0.529052734375 0.5228158041179743 0.015380859375 0.038397328881469114
86 0.578857421875 0.4137451307735114 0.01123046875 0.04674457429048414
86 0.55517578125 0.5678909293266555 0.013671875 0.0439621591541458
86 0.468994140625 0.39176405119643853 0.015625 0.045909849749582635
7 0.70458984375 0.3772954924874791 0.0439453125 0.08681135225375626
93 0.794189453125 0.5495269894268224 0.06982421875 0.07957707289927657
22 0.776123046875 0.3867557039510295 0.03857421875 0.03672787979966611
22 0.69921875 0.46160267111853087 0.03369140625 0.03951029493600445
42 0.62841796875 0.4293266555370061 0.017578125 0.08402893711741792
42 0.842529296875 0.387590428491931 0.03662109375 0.044518642181413465
42 0.98486328125 0.3861992209237618 0.0302734375 0.044518642181413465
1 0.641357421875 0.5244852531997775 0.04345703125 0.06733444629938787
88 0.45556640625 0.6318864774624374 0.0615234375 0.04062326099053979
102 0.4560546875 0.7306622148024485 0.0654296875 0.11574846967167501
101 0.45751953125 0.8561491374513077 0.064453125 0.11853088480801335
103 0.454833984375 0.9599332220367279 0.06103515625 0.08013355592654424
76 0.671142578125 0.6925431274346132 0.08935546875 0.09849749582637729
67 0.671875 0.8430717863105175 0.087890625 0.10684474123539232
42 0.671142578125 0.9654980523094046 0.08837890625 0.06900389538119088