46 0.258056640625 0.24667376263970198 0.012939453125 0.030867482703565728
42 0.238037109375 0.35311335816923894 0.016845703125 0.061734965407131456
42 0.268310546875 0.4326769558275679 0.00830078125 0.026077700904736562
1 0.21142578125 0.4366684406599255 0.008056640625 0.026077700904736562
22 0.256103515625 0.4353379457158063 0.00732421875 0.028738690792974985
86 0.22705078125 0.4204364023416711 0.008056640625 0.028472591804151143
86 0.197509765625 0.4305481639169771 0.008056640625 0.03805215540180947
42 0.529296875 0.04044704630122405 0.0859375 0.0808940926024481
49 0.45166015625 0.2136774880255455 0.0234375 0.10377860564129857
25 0.523193359375 0.2136774880255455 0.08935546875 0.10164981373070782
49 0.41015625 0.5510910058541778 0.0595703125 0.11868014901543374
42 0.30029296875 0.48536455561468866 0.087890625 0.07131452900478978
42 0.322021484375 0.6758914316125598 0.08349609375 0.09419904204364024
42 0.155517578125 0.7357637040979245 0.087890625 0.09260244811069718
42 0.17431640625 0.9507716870675892 0.08349609375 0.09686003193187866
25 0.046630859375 0.9390633315593401 0.09326171875 0.10484300159659393
74 0.220458984375 0.7996274614156467 0.05859375 0.12879191059073974
22 0.302001953125 0.8451303885045237 0.03759765625 0.04417243214475785
3 0.21337890625 0.5502927088877062 0.05517578125 0.0846194784459819
48 0.25341796875 0.6059073975518893 0.0419921875 0.04683342203299627
96 0.27734375 0.5508249068653539 0.03515625 0.04097924427887174
42 0.774658203125 0.5215540180947312 0.05029296875 0.06226716338477914
42 0.80126953125 0.7267163384779138 0.03466796875 0.03299627461415647
42 0.802490234375 0.8517828632251198 0.0361328125 0.043640234167110166
42 0.657958984375 0.9749866950505588 0.033203125 0.03991484832357637
42 0.656494140625 0.6059073975518893 0.03369140625 0.04044704630122405
22 0.754638671875 0.9720596061734965 0.03076171875 0.025545502927088876
22 0.805419921875 0.9055348589675359 0.0302734375 0.031931878658861094
22 0.8046875 0.6695050558807877 0.0244140625 0.028738690792974985
22 0.7529296875 0.6051091005854178 0.02880859375 0.03033528472591804
93 0.694580078125 0.6881319850984566 0.04833984375 0.0633315593400745
1 0.70751953125 0.5380521554018095 0.04638671875 0.08355508249068654
7 0.810302734375 0.6083022884513039 0.0595703125 0.04523682810005322
7 0.81103515625 0.9736562001064396 0.06103515625 0.04257583821181479