46 0.427978515625 0.2631578947368421 0.021484375 0.033029001074113856
42 0.39501953125 0.37647690655209454 0.02783203125 0.06578947368421052
42 0.445068359375 0.46133190118152523 0.013916015625 0.02765843179377014
1 0.350830078125 0.4656283566058002 0.013427734375 0.02765843179377014
22 0.424560546875 0.4642857142857143 0.01220703125 0.030612244897959183
86 0.376708984375 0.44844253490870034 0.013427734375 0.030343716433941997
86 0.327880859375 0.45918367346938777 0.013427734375 0.04081632653061224
93 0.738525390625 0.05531686358754028 0.01708984375 0.07626208378088077
1 0.7451171875 0.28114930182599357 0.0302734375 0.09398496240601503
42 0.840576171875 0.057465091299677765 0.04248046875 0.043501611170784105
42 0.84423828125 0.20784103114930183 0.0380859375 0.03544575725026853
42 0.8720703125 0.42883995703544575 0.0771484375 0.08861439312567132
22 0.843017578125 0.27631578947368424 0.02685546875 0.04672395273899033
22 0.774658203125 0.3579484425349087 0.0361328125 0.03383458646616541
7 0.851806640625 0.3501611170784103 0.083984375 0.05102040816326531