46 0.474853515625 0.224853515625 0.023681640625 0.028076171875
42 0.438232421875 0.32177734375 0.03076171875 0.05615234375
42 0.493408203125 0.39404296875 0.015380859375 0.023681640625
1 0.388916015625 0.397705078125 0.01513671875 0.02392578125
22 0.47119140625 0.396728515625 0.013427734375 0.02587890625
86 0.417724609375 0.383056640625 0.01513671875 0.02587890625
86 0.36376953125 0.392333984375 0.01513671875 0.03466796875
25 0.955322265625 0.024658203125 0.05419921875 0.04931640625
25 0.880615234375 0.02490234375 0.05810546875 0.0498046875
42 0.479248046875 0.455078125 0.068115234375 0.031494140625
46 0.016845703125 0.450439453125 0.029296875 0.019775390625
35 0.980712890625 0.48779296875 0.03857421875 0.0537109375
39 0.996826171875 0.573486328125 0.00634765625 0.03076171875
25 0.888916015625 0.57080078125 0.072265625 0.07177734375
42 0.885986328125 0.69189453125 0.0673828125 0.0654296875
42 0.88525390625 0.773193359375 0.06591796875 0.0625
39 0.81982421875 0.77294921875 0.0205078125 0.03125
1 0.880859375 0.88330078125 0.03857421875 0.06982421875
49 0.83544921875 0.969482421875 0.0517578125 0.06103515625
25 0.834228515625 0.849609375 0.04931640625 0.0625
39 0.949462890625 0.771240234375 0.0205078125 0.029296875
42 0.984619140625 0.910888671875 0.03076171875 0.03564453125
42 0.982421875 0.984375 0.0302734375 0.03125