46 0.5131255565449688 0.18075564742454295 0.018361531611754245 0.10925660058314658
42 0.5771148708815672 0.34786656422488754 0.036878895814781876 0.14016710011540773
42 0.7458370436331255 0.5349919471760467 0.03839715048975956 0.12403702048728422
42 0.6645814781834373 0.6298466909483686 0.018481745325022336 0.0825267543422562
42 0.8040382902938557 0.8424674752709189 0.018762243989314253 0.06109679140774936
22 0.6654407836153161 0.7337046526355719 0.014510240427426435 0.053755959250460596
93 0.6894746215494212 0.49084819864275364 0.03130008904719506 0.11460586168431003
42 0.624893143365984 0.09516746980592855 0.015872662511130953 0.06945809799049094
93 0.7081789848619768 0.30890748414349134 0.03174977738201257 0.09753760395536713
93 0.9032368655387355 0.6750109139071144 0.03804541406945683 0.12031722661385973
1 0.638606411398041 0.5723544785595572 0.037609082813891304 0.06740068987465893
7 0.8075244879786286 0.5450814765760872 0.021478183437221743 0.1442160792873652
93 0.8998130008904719 0.4925435029301993 0.029781834372217375 0.10222849445946418
22 0.6271193232413179 0.19665529734369325 0.017649154051647464 0.0622489399526153
22 0.8043455031166518 0.9404165608494524 0.015120213713267994 0.0572947012096917
46 0.6895325022261799 0.9181636346686126 0.020048975957257298 0.11788125540471477
42 0.938365983971505 0.561096341349724 0.02158949243098851 0.08165441330114355
1 0.868673196794301 0.6764099514258802 0.020089047195013254 0.12834934789806837
48 0.7420703472840605 0.38987060831771525 0.019928762243989206 0.0860654963014874
93 0.769073909171861 0.766721938078445 0.034136242208370415 0.13030800042434051
7 0.6688512911843277 0.37517248473821085 0.022756010685663464 0.14597722063451754
86 0.6797284060552092 0.13715505463382957 0.029683882457702593 0.07681538941270644
86 0.6177649154051648 0.4402853367880644 0.017065894924309877 0.06858575694937803
86 0.6240739091718611 0.6871743106879137 0.02374443455031172 0.06858575694937803
86 0.7160863757791629 0.4965266450424501 0.022261798753339335 0.07681538941270649
86 0.8581923419412288 0.4718377476524652 0.02745770258236857 0.08229632463328311
86 0.853739982190561 0.8860516087967056 0.024487978628673135 0.06583705970662641
86 0.9342520035618878 0.7008848783718187 0.017809439002671512 0.07954762739053148
86 0.896484375 0.9629963898916968 0.021484375 0.0740072202166065
86 0.7569011576135352 0.6638515322868412 0.02523152270703477 0.07681538941270649