46 0.433837890625 0.28539682539682537 0.021728515625 0.035555555555555556
42 0.400390625 0.40825396825396826 0.028076171875 0.07142857142857142
42 0.450927734375 0.5003174603174603 0.01416015625 0.03015873015873016
1 0.35546875 0.5047619047619047 0.013671875 0.030476190476190476
22 0.4306640625 0.5034920634920635 0.01220703125 0.0326984126984127
86 0.3818359375 0.48634920634920636 0.013671875 0.0326984126984127
86 0.33203125 0.49777777777777776 0.013671875 0.044444444444444446
29 0.825439453125 0.02253968253968254 0.06201171875 0.04507936507936508
22 0.80322265625 0.07365079365079365 0.021484375 0.03428571428571429
46 0.80322265625 0.1415873015873016 0.021484375 0.04634920634920635
1 0.768310546875 0.09047619047619047 0.05712890625 0.05142857142857143
42 0.864501953125 0.08095238095238096 0.05517578125 0.08
42 0.979736328125 0.029841269841269842 0.04052734375 0.059682539682539684
95 0.929443359375 0.40285714285714286 0.01953125 0.06793650793650793
46 0.909912109375 0.4257142857142857 0.04052734375 0.02857142857142857
46 0.976806640625 0.4612698412698413 0.02197265625 0.04
46 0.976318359375 0.4965079365079365 0.02099609375 0.027936507936507936
42 0.672607421875 0.8533333333333334 0.048828125 0.05650793650793651
1 0.17529296875 0.5898412698412698 0.0634765625 0.1288888888888889
47 0.597900390625 0.8558730158730159 0.0419921875 0.07873015873015873