46 0.240234375 0.29043478260869565 0.011962890625 0.036521739130434785
42 0.2216796875 0.4156521739130435 0.015625 0.07260869565217391
42 0.249755859375 0.5095652173913043 0.0078125 0.030434782608695653
1 0.19677734375 0.5143478260869565 0.007568359375 0.030434782608695653
22 0.23828125 0.5126086956521739 0.0068359375 0.03391304347826087
86 0.21142578125 0.49521739130434783 0.007568359375 0.033478260869565214
86 0.18408203125 0.5069565217391304 0.007568359375 0.044782608695652176
100 0.943359375 0.3391304347826087 0.037109375 0.09217391304347826
44 0.8427734375 0.33869565217391306 0.0458984375 0.20956521739130435
14 0.7431640625 0.3247826086956522 0.044921875 0.14
11 0.240966796875 0.9217391304347826 0.0478515625 0.09130434782608696
61 0.140380859375 0.9247826086956522 0.05078125 0.09217391304347826
75 0.037353515625 0.9247826086956522 0.05419921875 0.08695652173913043
42 0.97705078125 0.878695652173913 0.03564453125 0.06782608695652174
42 0.840576171875 0.8778260869565218 0.03515625 0.06695652173913043
42 0.699951171875 0.878695652173913 0.0361328125 0.059130434782608696
42 0.564208984375 0.878695652173913 0.0390625 0.059130434782608696
29 0.92919921875 0.8791304347826087 0.04248046875 0.05652173913043478
29 0.7880859375 0.8782608695652174 0.05126953125 0.04608695652173913
29 0.6484375 0.8817391304347826 0.04833984375 0.05304347826086957
29 0.51318359375 0.8817391304347826 0.041015625 0.05304347826086957
7 0.58349609375 0.9839130434782609 0.0380859375 0.03217391304347826
7 0.86328125 0.9830434782608696 0.046875 0.03391304347826087
7 0.724853515625 0.9847826086956522 0.05029296875 0.030434782608695653
7 0.99169921875 0.9830434782608696 0.0166015625 0.03391304347826087
2 0.5048828125 0.561304347826087 0.02490234375 0.05391304347826087
2 0.642578125 0.5456521739130434 0.0234375 0.03217391304347826