46 0.198486328125 0.2525354969574036 0.01416015625 0.038539553752535496
42 0.22021484375 0.12035158891142664 0.018310546875 0.07674104124408385
42 0.187255859375 0.02129817444219067 0.009033203125 0.032454361054766734
1 0.2490234375 0.01555104800540906 0.0087890625 0.03110209601081812
22 0.20068359375 0.017241379310344827 0.008056640625 0.034482758620689655
86 0.232177734375 0.036511156186612576 0.0087890625 0.035496957403651115
86 0.26416015625 0.023664638269100743 0.0087890625 0.04732927653820149
42 0.8251953125 0.5415821501014199 0.02392578125 0.03380662609871535
42 0.809326171875 0.15212981744421908 0.0458984375 0.06017579445571332
42 0.845703125 0.10006761325219743 0.04345703125 0.06017579445571332
42 0.87841796875 0.24611223799864773 0.02392578125 0.028397565922920892
39 0.909912109375 0.48580121703853957 0.009765625 0.028397565922920892
39 0.9111328125 0.3167680865449628 0.01220703125 0.02028397565922921
95 0.875 0.5003380662609872 0.01416015625 0.06896551724137931
30 0.88037109375 0.15145368492224476 0.01611328125 0.038539553752535496
30 0.887451171875 0.10074374577417174 0.015625 0.04056795131845842
23 0.94482421875 0.3029073698444895 0.01806640625 0.03177822853279243
46 0.23974609375 0.5655848546315078 0.0263671875 0.011494252873563218
42 0.115234375 0.7670723461798512 0.04296875 0.06220419202163624
42 0.11669921875 0.6984448951994591 0.0478515625 0.06558485463150777
49 0.035888671875 0.9188640973630832 0.0576171875 0.0872210953346856
42 0.066162109375 0.6396213657876944 0.0302734375 0.034482758620689655
3 0.068359375 0.7958079783637593 0.0263671875 0.05611899932386748
49 0.04833984375 0.7596348884381339 0.01904296875 0.029749830966869506
96 0.032958984375 0.7995267072346179 0.0234375 0.032454361054766734
42 0.748046875 0.9709263015551048 0.0498046875 0.0581473968897904
42 0.856201171875 0.8559837728194726 0.0263671875 0.03989181879648411
42 0.7783203125 0.6724137931034483 0.02587890625 0.03313049357674104
42 0.664794921875 0.7589587559161596 0.0283203125 0.03110209601081812
42 0.7470703125 0.577079107505071 0.0263671875 0.032454361054766734
93 0.92626953125 0.7096010818120352 0.04443359375 0.05949966193373901
22 0.85693359375 0.8032454361054767 0.01904296875 0.02636916835699797
22 0.85693359375 0.9080459770114943 0.02197265625 0.0290736984448952
86 0.91015625 0.9746450304259635 0.02685546875 0.0290736984448952
46 0.94140625 0.9763353617308993 0.02734375 0.04732927653820149
46 0.887451171875 0.8867478025693036 0.02734375 0.036511156186612576
1 0.90966796875 0.7792427315753888 0.05517578125 0.0486815415821501
29 0.84228515625 0.9793779580797837 0.052734375 0.041244083840432724
42 0.79638671875 0.8985801217038539 0.05126953125 0.06490872210953347
22 0.61669921875 0.7599729546991211 0.02099609375 0.03110209601081812
22 0.5771484375 0.5713319810682894 0.0205078125 0.022988505747126436
22 0.53759765625 0.90973630831643 0.01806640625 0.030425963488843813
1 0.571533203125 0.9743069641649763 0.03466796875 0.05138607167004733
1 0.569091796875 0.8218390804597702 0.0361328125 0.08248816768086545
95 0.539306640625 0.8600405679513184 0.01806640625 0.0581473968897904