46 0.4140625 0.45331632653061227 0.01806640625 0.0336734693877551
42 0.546142578125 0.550765306122449 0.05712890625 0.042346938775510205
42 0.41455078125 0.7094387755102041 0.05419921875 0.05459183673469388
42 0.24560546875 0.7494897959183674 0.05419921875 0.05714285714285714
42 0.45068359375 0.8941326530612245 0.0302734375 0.026020408163265306
42 0.205078125 0.940561224489796 0.0263671875 0.031122448979591835
42 0.429443359375 0.6607142857142857 0.029296875 0.026020408163265306
42 0.295166015625 0.6604591836734693 0.02587890625 0.030612244897959183
3 0.4267578125 0.5372448979591836 0.029296875 0.015306122448979591
93 0.280517578125 0.8316326530612245 0.05029296875 0.05714285714285714
93 0.26171875 0.950765306122449 0.0498046875 0.05357142857142857
93 0.31201171875 0.5793367346938776 0.05322265625 0.05918367346938776
47 0.546630859375 0.8961734693877551 0.04150390625 0.02193877551020408
47 0.15869140625 0.939795918367347 0.02490234375 0.042346938775510205
47 0.29736328125 0.7127551020408164 0.0390625 0.02346938775510204
1 0.206787109375 0.6020408163265306 0.04248046875 0.07244897959183673
1 0.36279296875 0.764795918367347 0.04052734375 0.06836734693877551
17 0.058349609375 0.6561224489795918 0.02001953125 0.04795918367346939
42 0.32958984375 0.9869897959183673 0.0283203125 0.026020408163265306
42 0.085205078125 0.661734693877551 0.02197265625 0.027551020408163266
17 0.3759765625 0.8099489795918368 0.03955078125 0.023979591836734693
35 0.484130859375 0.7020408163265306 0.03369140625 0.03826530612244898
96 0.468017578125 0.5341836734693878 0.02978515625 0.009183673469387756
48 0.450927734375 0.5548469387755102 0.02294921875 0.026020408163265306
86 0.24072265625 0.6 0.02294921875 0.027040816326530614
42 0.215576171875 0.5426020408163266 0.07373046875 0.026020408163265306
39 0.44775390625 0.988265306122449 0.0224609375 0.02346938775510204
39 0.086181640625 0.684438775510204 0.02685546875 0.01989795918367347
34 0.806396484375 0.6431122448979592 0.21337890625 0.16683673469387755