46 0.10400390625 0.027591973244147156 0.02587890625 0.017837235228539576
22 0.681640625 0.11845039018952062 0.03125 0.0379041248606466
42 0.868408203125 0.11928651059085842 0.03759765625 0.03400222965440357
42 0.677490234375 0.2148829431438127 0.06494140625 0.06967670011148272
42 0.580810546875 0.11928651059085842 0.02880859375 0.030100334448160536
42 0.8125 0.16750278706800445 0.0634765625 0.07357859531772576
56 0.7314453125 0.24526198439241917 0.0244140625 0.008918617614269788
1 0.812744140625 0.04933110367892977 0.04931640625 0.09308807134894091
1 0.64404296875 0.04905239687848383 0.04296875 0.08918617614269789
95 0.621337890625 0.13935340022296544 0.02392578125 0.07692307692307693
38 0.762451171875 0.17642140468227424 0.0380859375 0.030657748049052396
25 0.546142578125 0.2120958751393534 0.06396484375 0.07525083612040134
46 0.764404296875 0.11956521739130435 0.0458984375 0.027313266443701228
42 0.32568359375 0.7146042363433668 0.03515625 0.0713489409141583
42 0.326416015625 0.6293199554069119 0.033935546875 0.09253065774804906
42 0.22705078125 0.7190635451505016 0.03564453125 0.06243032329988852
42 0.292236328125 0.5521181716833891 0.019287109375 0.04598662207357859
1 0.177001953125 0.7324414715719063 0.0263671875 0.035395763656633224
95 0.149169921875 0.5721850613154961 0.014404296875 0.09698996655518395
3 0.291748046875 0.7402452619843924 0.0234375 0.020345596432552956
96 0.27099609375 0.7430323299888517 0.019287109375 0.014492753623188406
48 0.2802734375 0.7118171683389075 0.015380859375 0.07664437012263099
49 0.712158203125 0.7313266443701226 0.06396484375 0.07915273132664437
25 0.858642578125 0.7321627647714605 0.06787109375 0.07748049052396878
25 0.591552734375 0.7516722408026756 0.06298828125 0.07915273132664437
25 0.978515625 0.5746934225195095 0.04296875 0.07246376811594203
25 0.64892578125 0.2801003344481605 0.0751953125 0.06075808249721293
95 0.830078125 0.9696209587513935 0.0537109375 0.02508361204013378
42 0.97802734375 0.677536231884058 0.0439453125 0.07525083612040134
42 0.719970703125 0.8489409141583054 0.07568359375 0.0802675585284281
42 0.65283203125 0.5900222965440357 0.06689453125 0.07023411371237458
42 0.65185546875 0.49804905239687847 0.0625 0.07413600891861762
42 0.65234375 0.40245261984392416 0.0634765625 0.07525083612040134
39 0.744140625 0.49498327759197325 0.0224609375 0.023411371237458192