46 0.5872988288628636 0.1260541022846675 0.015360785795239806 0.10516557624408442
46 0.7394975443898754 0.8230817587861573 0.013547412164714778 0.1010586274570183
93 0.7438231960710238 0.4376284641978127 0.029860219115980247 0.11828627779976729
93 0.7538836418587079 0.2539078787569257 0.027015489233094048 0.09372149423068689
93 0.8000755572346052 0.7240842966380036 0.02972043823196069 0.11680962205610301
93 0.9054476766150358 0.9519968815741741 0.02939176426142809 0.09173723807513805
93 0.9154325651681149 0.4170937202624826 0.025307895731016217 0.0994896807293752
93 0.9397091046467698 0.598491649273231 0.027925953910086898 0.11051845331486712
42 0.7861050245561013 0.4707609274462781 0.03130336229693986 0.1133333283262271
7 0.8376577257272384 0.4806206809013692 0.016297695504344567 0.12857672251342725
42 0.7179108424631658 0.5596525268487299 0.013029845107669136 0.06400379738944495
22 0.7184132980732906 0.6489440538484244 0.011843596524367284 0.051129205124372766
22 0.6837589724216093 0.14661960988132405 0.012527389497544394 0.05280582466665817
22 0.8352663392519832 0.8453546495864255 0.011522478277295134 0.056543609517808104
42 0.6462825840574234 0.2959002764673763 0.032723838307517905 0.12869977715873257
42 0.7819833774083867 0.33543158127171985 0.016505477899508847 0.06531125299581426
1 0.8899131091802039 0.6020294703257598 0.021292028711749067 0.12650017537389946
42 0.6836078579523989 0.057620337664229956 0.015508122402720037 0.0662495446662676
1 0.696392142047601 0.49674083943637004 0.03014355874574992 0.06285016008970724
42 0.8345107669059312 0.757232141717132 0.01875708349074423 0.07177162187434523
42 0.9488704193426519 0.49257236332665133 0.016724593879863914 0.06788001871656357
7 0.7203588968643747 0.32492579092877566 0.015734794106535777 0.11997827917271582
86 0.67434831885153 0.390698498844485 0.020400453343407676 0.07998551944847729
86 0.6735927465054778 0.6168114095930649 0.026445032111824807 0.07690915331584341
86 0.8624858330185114 0.8229279404795256 0.018889308651303338 0.08306188558111095
86 0.8809973554967888 0.4076185125739706 0.019644880997355507 0.08921461784637849
86 0.9614658103513412 0.6137350434604312 0.021911598035511792 0.10152008237691333
86 0.7941065357007934 0.6168114095930649 0.01208915753683426 0.08921461784637849
86 0.7638836418587079 0.4245385263034562 0.015111446921042715 0.06768005491794234
86 0.9089535323007177 0.8675352494027149 0.01813373630525117 0.06768005491794223
86 0.7264828107291272 0.11074918077481465 0.018889308651303338 0.08613825171374474
86 0.7646392142047601 0.18458196795802442 0.025689459765772638 0.07383278718320976