46 0.270263671875 0.06802721088435375 0.007080078125 0.056776556776556776
46 0.340087890625 0.44400837257980114 0.006103515625 0.053636839351125065
93 0.34228515625 0.2360020931449503 0.013671875 0.06436420722135008
93 0.3466796875 0.1368393511250654 0.0126953125 0.050497121925693354
93 0.367919921875 0.39037153322867607 0.013671875 0.06331763474620618
93 0.41650390625 0.5138670852956567 0.013427734375 0.04945054945054945
93 0.421142578125 0.22527472527472528 0.01171875 0.053636839351125065
93 0.43212890625 0.3228676085818943 0.0126953125 0.06017791732077447
42 0.361572265625 0.2543171114599686 0.014404296875 0.061224489795918366
7 0.38525390625 0.2595499738356881 0.00732421875 0.0695970695970696
42 0.330322265625 0.3019361590790162 0.006103515625 0.03532182103610675
22 0.33056640625 0.3500784929356358 0.00537109375 0.026687598116169546
22 0.314453125 0.07875457875457875 0.005615234375 0.029042386185243328
22 0.38427734375 0.4557823129251701 0.005126953125 0.030088958660387233
42 0.29736328125 0.1598639455782313 0.01513671875 0.0695970695970696
42 0.359619140625 0.18079539508110937 0.00732421875 0.03532182103610675
1 0.409423828125 0.3249607535321821 0.009765625 0.0685504971219257
42 0.314453125 0.031135531135531136 0.007080078125 0.03636839351125065
1 0.3203125 0.2681841967556253 0.013916015625 0.03427524856096285
42 0.3837890625 0.4086865515436944 0.008544921875 0.03872318158032444
42 0.4365234375 0.26609105180533754 0.007568359375 0.03636839351125065
7 0.331298828125 0.17530088958660386 0.007080078125 0.06541077969649398
86 0.31005859375 0.2108843537414966 0.009521484375 0.04395604395604396
86 0.309814453125 0.33307169021454736 0.012451171875 0.04186289900575615
86 0.396728515625 0.44400837257980114 0.0087890625 0.04500261643118786
86 0.4052734375 0.21978021978021978 0.009033203125 0.04709576138147567
86 0.442138671875 0.33097854526425957 0.010009765625 0.05468341182626897
86 0.365234375 0.33307169021454736 0.005615234375 0.04814233385661957
86 0.351318359375 0.22893772893772893 0.007080078125 0.03636839351125065
86 0.41796875 0.46807953950811093 0.00830078125 0.03636839351125065
86 0.334228515625 0.059654631083202514 0.0087890625 0.046049188906331764
86 0.351806640625 0.09968602825745683 0.01171875 0.03976975405546834
42 0.544921875 0.11041339612768185 0.0576171875 0.06593406593406594
42 0.68017578125 0.2315541601255887 0.07080078125 0.06541077969649398
42 0.9921875 0.19597069597069597 0.015625 0.04552590266875981
42 0.88037109375 0.19492412349555208 0.03515625 0.037153322867608585
42 0.761962890625 0.36159079016221873 0.03857421875 0.04081632653061224
1 0.587646484375 0.5272108843537415 0.04443359375 0.024594453165881738
1 0.484375 0.20068027210884354 0.048828125 0.05180533751962323
3 0.473876953125 0.08215593929879644 0.02783203125 0.04186289900575615
49 0.56103515625 0.03663003663003663 0.078125 0.07326007326007326
7 0.763427734375 0.18838304552590268 0.04150390625 0.0685504971219257
22 0.82568359375 0.19623233908948196 0.03173828125 0.030350601779173206
17 0.526123046875 0.18550497121925694 0.0283203125 0.05389848246991104
93 0.843994140625 0.3246991104133961 0.06005859375 0.06541077969649398
22 0.762451171875 0.25457875457875456 0.02587890625 0.03087388801674516
1 0.695068359375 0.30559916274201987 0.08349609375 0.05128205128205128
96 0.472412109375 0.036891679748822605 0.02490234375 0.038199895342752484
48 0.46875 0.05416012558869702 0.017578125 0.03087388801674516
1 0.2939453125 0.5554683411826269 0.0595703125 0.03192046049188906
1 0.3466796875 0.6915227629513344 0.09912109375 0.061224489795918366
1 0.425537109375 0.6551543694400838 0.06884765625 0.059654631083202514
1 0.353271484375 0.8411826268969126 0.09521484375 0.06331763474620618
1 0.43115234375 0.8723181580324437 0.0576171875 0.0554683411826269
25 0.158447265625 0.7742019884877027 0.08251953125 0.07953950811093669
42 0.107421875 0.9505494505494505 0.03759765625 0.043432757718472007
42 0.2041015625 0.9466248037676609 0.0400390625 0.04186289900575615
39 0.152587890625 0.6862899005756149 0.037109375 0.02878074306645735
93 0.1669921875 0.8903715332286761 0.0712890625 0.06698063840920984
42 0.448486328125 0.7786499215070644 0.02294921875 0.08267922553636839
42 0.30224609375 0.7708006279434851 0.0908203125 0.09419152276295134
35 0.05615234375 0.7148090005232862 0.04296875 0.03767660910518053
35 0.020263671875 0.9476713762428048 0.04052734375 0.03663003663003663
86 0.352783203125 0.8851386708529566 0.0341796875 0.047619047619047616
86 0.44775390625 0.9819466248037677 0.0244140625 0.03610675039246468
25 0.555908203125 0.6784406070120356 0.08447265625 0.07796964939822083
35 0.624755859375 0.7731554160125589 0.04541015625 0.04081632653061224
35 0.6240234375 0.9476713762428048 0.0439453125 0.042909471480900054