46 0.278076171875 0.3505859375 0.01220703125 0.026123046875
46 0.4794921875 0.170166015625 0.01953125 0.03173828125
46 0.762451171875 0.16748046875 0.052734375 0.03173828125
39 0.528564453125 0.099853515625 0.04150390625 0.0244140625
42 0.18505859375 0.880126953125 0.0537109375 0.05322265625
46 0.0634765625 0.921142578125 0.03564453125 0.0439453125
46 0.32958984375 0.922119140625 0.02783203125 0.04931640625
1 0.978759765625 0.9443359375 0.04248046875 0.0595703125
1 0.845458984375 0.9736328125 0.05712890625 0.052734375
1 0.705810546875 0.97802734375 0.05908203125 0.0439453125
25 0.768310546875 0.808837890625 0.07421875 0.08251953125
42 0.603759765625 0.7578125 0.04052734375 0.03759765625
42 0.607421875 0.8544921875 0.0390625 0.0400390625
1 0.512451171875 0.800048828125 0.08544921875 0.05126953125
39 0.850341796875 0.802978515625 0.02685546875 0.037109375
93 0.659912109375 0.8173828125 0.0625 0.0712890625
42 0.771484375 0.95263671875 0.087890625 0.0908203125
35 0.82373046875 0.70654296875 0.03515625 0.04296875
35 0.606201171875 0.66943359375 0.0341796875 0.04345703125
86 0.664794921875 0.992919921875 0.04443359375 0.01416015625