46 0.283935546875 0.47900390625 0.012451171875 0.03564453125
42 0.939453125 0.420654296875 0.07763671875 0.07568359375
1 0.8515625 0.3974609375 0.0546875 0.0869140625
93 0.831298828125 0.011962890625 0.06201171875 0.02392578125
7 0.972900390625 0.31494140625 0.05419921875 0.0361328125
22 0.97119140625 0.2431640625 0.0400390625 0.02734375
42 0.972900390625 0.17822265625 0.0341796875 0.04248046875
42 0.97265625 0.03369140625 0.0322265625 0.037109375
42 0.784912109375 0.32080078125 0.03857421875 0.0302734375
64 0.42724609375 0.61083984375 0.03271484375 0.04541015625
42 0.319580078125 0.59716796875 0.06982421875 0.0751953125
42 0.039794921875 0.634033203125 0.07080078125 0.0703125
3 0.055419921875 0.85009765625 0.044921875 0.0400390625
3 0.31396484375 0.66796875 0.03369140625 0.04541015625
3 0.30029296875 0.848876953125 0.04443359375 0.0361328125
39 0.0390625 0.710693359375 0.02587890625 0.013671875
39 0.423095703125 0.57861328125 0.02734375 0.01123046875
39 0.423095703125 0.642578125 0.02392578125 0.01171875
42 0.471923828125 0.76025390625 0.01611328125 0.0361328125
68 0.31982421875 0.708984375 0.02685546875 0.01708984375
42 0.178466796875 0.852294921875 0.072265625 0.07421875
68 0.373291015625 0.7607421875 0.0126953125 0.025390625
25 0.921142578125 0.786376953125 0.09130859375 0.09033203125
93 0.69091796875 0.606201171875 0.0693359375 0.0732421875
1 0.778076171875 0.60546875 0.07080078125 0.037109375
46 0.509765625 0.73388671875 0.0595703125 0.0390625
95 0.6650390625 0.97216796875 0.0654296875 0.033203125
42 0.919921875 0.60302734375 0.1015625 0.0869140625
35 0.546630859375 0.57568359375 0.04150390625 0.0322265625