46 0.29931640625 0.070556640625 0.008056640625 0.05908203125
46 0.376953125 0.46044921875 0.0068359375 0.0556640625
93 0.379150390625 0.24462890625 0.01513671875 0.066650390625
93 0.38427734375 0.141845703125 0.013916015625 0.05224609375
93 0.407958984375 0.405029296875 0.01513671875 0.065673828125
93 0.461669921875 0.532958984375 0.014892578125 0.05126953125
93 0.466796875 0.233642578125 0.012939453125 0.0556640625
93 0.47900390625 0.3349609375 0.01416015625 0.062255859375
42 0.400634765625 0.263671875 0.015869140625 0.0634765625
7 0.427001953125 0.269287109375 0.00830078125 0.072265625
42 0.365966796875 0.313232421875 0.0068359375 0.03662109375
22 0.3662109375 0.36328125 0.005859375 0.02783203125
22 0.3486328125 0.081787109375 0.006103515625 0.030029296875
22 0.42578125 0.472900390625 0.005615234375 0.03125
42 0.329345703125 0.165771484375 0.0166015625 0.072265625
42 0.398681640625 0.1875 0.00830078125 0.03662109375
1 0.45361328125 0.337158203125 0.0107421875 0.0712890625
42 0.348388671875 0.0322265625 0.008056640625 0.037841796875
1 0.35498046875 0.278076171875 0.015380859375 0.03564453125
42 0.42529296875 0.423828125 0.009521484375 0.0400390625
42 0.483642578125 0.27587890625 0.008544921875 0.037841796875
7 0.3671875 0.181884765625 0.008056640625 0.06787109375
86 0.34375 0.218505859375 0.010498046875 0.045654296875
86 0.34326171875 0.345458984375 0.013671875 0.04345703125
86 0.439697265625 0.46044921875 0.009765625 0.046630859375
86 0.44921875 0.22802734375 0.010009765625 0.048828125
86 0.489990234375 0.34326171875 0.01123046875 0.056640625
86 0.40478515625 0.345458984375 0.006103515625 0.050048828125
86 0.389404296875 0.237548828125 0.0078125 0.037841796875
86 0.46337890625 0.485595703125 0.00927734375 0.037841796875
86 0.370361328125 0.061767578125 0.009765625 0.0478515625
86 0.389892578125 0.103515625 0.012939453125 0.041259765625
42 0.0400390625 0.859375 0.080078125 0.078125
49 0.156005859375 0.856689453125 0.08154296875 0.08251953125
25 0.1396484375 0.7158203125 0.0751953125 0.0751953125
42 0.303466796875 0.783935546875 0.08056640625 0.078125
42 0.39892578125 0.78662109375 0.08447265625 0.08203125
39 0.40625 0.8994140625 0.0361328125 0.0224609375
42 0.4873046875 0.78759765625 0.044921875 0.080078125
39 0.403564453125 0.68310546875 0.03076171875 0.02490234375
1 0.685546875 0.967041015625 0.103515625 0.0625
1 0.5517578125 0.70751953125 0.083984375 0.068359375
1 0.544189453125 0.60400390625 0.06884765625 0.0615234375
25 0.939697265625 0.846923828125 0.10498046875 0.09814453125
56 0.981201171875 0.6083984375 0.03759765625 0.0478515625
38 0.67578125 0.6484375 0.0439453125 0.0478515625
22 0.61962890625 0.57080078125 0.04296875 0.0224609375
46 0.620849609375 0.652099609375 0.04052734375 0.07275390625
42 0.939697265625 0.6484375 0.08740234375 0.0830078125
42 0.695556640625 0.726318359375 0.0927734375 0.07861328125
22 0.62060546875 0.763916015625 0.03564453125 0.04736328125
42 0.6181640625 0.881103515625 0.0400390625 0.0595703125
42 0.843017578125 0.949951171875 0.12060546875 0.10009765625