46 0.199951171875 0.05042016806722689 0.0126953125 0.02220888355342137
42 0.553466796875 0.3217286914765906 0.04248046875 0.05402160864345738
46 0.6171875 0.1983793517406963 0.025390625 0.046218487394957986
46 0.617919921875 0.045018007202881155 0.0263671875 0.0468187274909964
46 0.69970703125 0.04411764705882353 0.02880859375 0.05102040816326531
42 0.252197265625 0.8244297719087635 0.0712890625 0.08763505402160865
1 0.1318359375 0.7187875150060024 0.056640625 0.1134453781512605
1 0.03466796875 0.7178871548619448 0.05029296875 0.0936374549819928
1 0.41064453125 0.7496998799519808 0.06005859375 0.10384153661464586
1 0.474365234375 0.7121848739495799 0.03076171875 0.09783913565426171
95 0.4599609375 0.36764705882352944 0.0595703125 0.03181272509003601
42 0.235107421875 0.9645858343337335 0.08154296875 0.07082833133253301
86 0.427490234375 0.7010804321728692 0.0341796875 0.05162064825930372
30 0.47119140625 0.7812124849939976 0.037109375 0.034213685474189674
30 0.36083984375 0.3595438175270108 0.0361328125 0.01920768307322929
39 0.074462890625 0.7163865546218487 0.03857421875 0.05342136854741897
25 0.809326171875 0.7454981992797118 0.06884765625 0.09003601440576231
25 0.906494140625 0.5252100840336135 0.06884765625 0.08643457382953182
49 0.616943359375 0.7454981992797118 0.06689453125 0.09003601440576231
22 0.493896484375 0.6566626650660264 0.00830078125 0.03481392557022809
95 0.745361328125 0.9954981992797118 0.05712890625 0.00900360144057623
42 0.549560546875 0.5828331332533013 0.06787109375 0.09303721488595439
42 0.5546875 0.4771908763505402 0.0732421875 0.09003601440576231
42 0.615966796875 0.867046818727491 0.06982421875 0.1056422569027611
42 0.55810546875 0.37965186074429774 0.0732421875 0.05942376950780312
42 0.908447265625 0.6617647058823529 0.06787109375 0.09303721488595439
94 0.744384765625 0.9951980792316927 0.06103515625 0.009603841536614645
39 0.7353515625 0.9402761104441777 0.0380859375 0.02100840336134454