42 0.805419921875 0.05322265625 0.0771484375 0.07958984375
1 0.721923828125 0.069091796875 0.0576171875 0.103515625
7 0.847412109375 0.1474609375 0.0927734375 0.05126953125
42 0.83935546875 0.2529296875 0.04248046875 0.04248046875
22 0.7802734375 0.1396484375 0.0361328125 0.03173828125
22 0.8388671875 0.312744140625 0.03369140625 0.0390625
22 0.838134765625 0.197265625 0.03466796875 0.033203125
33 0.501953125 0.759765625 0.04638671875 0.05126953125
41 0.432861328125 0.759765625 0.04833984375 0.05322265625
32 0.3642578125 0.7587890625 0.05126953125 0.05322265625
27 0.29931640625 0.7607421875 0.05126953125 0.05126953125
63 0.230712890625 0.76025390625 0.05615234375 0.05029296875
50 0.16357421875 0.75830078125 0.05224609375 0.05029296875
59 0.095458984375 0.76025390625 0.05224609375 0.05419921875
51 0.028564453125 0.76123046875 0.04833984375 0.05224609375
30 0.94287109375 0.463623046875 0.02880859375 0.05126953125
30 0.94287109375 0.591796875 0.02880859375 0.05712890625
46 0.7275390625 0.84130859375 0.06005859375 0.03173828125
39 0.796630859375 0.770751953125 0.04150390625 0.0244140625