42 0.3720703125 0.1182108626198083 0.012939453125 0.04512779552715655
42 0.400146484375 0.2176517571884984 0.0068359375 0.0231629392971246
42 0.406005859375 0.025159744408945688 0.005615234375 0.0231629392971246
42 0.438232421875 0.13777955271565495 0.0068359375 0.025159744408945688
42 0.468017578125 0.28634185303514376 0.005859375 0.019169329073482427
93 0.45458984375 0.26437699680511184 0.01171875 0.04113418530351438
93 0.423828125 0.11222044728434505 0.01025390625 0.03314696485623003
93 0.418212890625 0.17891373801916932 0.01171875 0.04033546325878594
42 0.44775390625 0.18330670926517573 0.012939453125 0.0463258785942492
8 0.401123046875 0.13338658146964857 0.007568359375 0.04113418530351438
22 0.406494140625 0.05830670926517572 0.00537109375 0.017971246006389777
46 0.36572265625 0.051118210862619806 0.00634765625 0.03634185303514377
46 0.42822265625 0.31269968051118213 0.004638671875 0.03514376996805112
22 0.46826171875 0.31829073482428116 0.0068359375 0.017971246006389777
22 0.400390625 0.24920127795527156 0.005615234375 0.02196485623003195
93 0.5 0.16573482428115016 0.01123046875 0.038338658146964855
42 0.51513671875 0.19289137380191693 0.00537109375 0.025958466453674122
93 0.515380859375 0.24161341853035143 0.011962890625 0.04033546325878594
1 0.490966796875 0.23003194888178913 0.007080078125 0.04033546325878594
7 0.46875 0.1880990415335463 0.007080078125 0.04912140575079872
1 0.390625 0.1968849840255591 0.01220703125 0.02196485623003195
86 0.38134765625 0.2388178913738019 0.007568359375 0.027156549520766772
86 0.486328125 0.2979233226837061 0.0087890625 0.03035143769968051
86 0.514404296875 0.27915335463258784 0.00830078125 0.031150159744408944
86 0.450927734375 0.22523961661341854 0.00634765625 0.03314696485623003
86 0.48681640625 0.15814696485623003 0.00927734375 0.0231629392971246
86 0.414794921875 0.09984025559105432 0.008544921875 0.031150159744408944
86 0.42578125 0.03354632587859425 0.012451171875 0.0231629392971246
86 0.427490234375 0.17052715654952078 0.010009765625 0.03514376996805112
25 0.277099609375 0.43450479233226835 0.0849609375 0.13738019169329074
9 0.27490234375 0.6409744408945687 0.0830078125 0.1413738019169329
56 0.27587890625 0.805111821086262 0.04248046875 0.07188498402555911
42 0.597412109375 0.3706070287539936 0.03564453125 0.04153354632587859
42 0.601806640625 0.5802715654952076 0.04443359375 0.09345047923322684
42 0.988037109375 0.39177316293929715 0.02392578125 0.08226837060702875
42 0.9052734375 0.7911341853035144 0.03564453125 0.04712460063897764
42 0.944091796875 0.731629392971246 0.02978515625 0.0463258785942492
42 0.978515625 0.792332268370607 0.0400390625 0.04952076677316294
3 0.62109375 0.5003993610223643 0.0478515625 0.05670926517571885
46 0.895263671875 0.6637380191693291 0.05029296875 0.0463258785942492
46 0.894775390625 0.49440894568690097 0.0380859375 0.04472843450479233
1 0.937744140625 0.5559105431309904 0.04150390625 0.08945686900958466
22 0.972412109375 0.6573482428115016 0.02490234375 0.04233226837060703
49 0.719482421875 0.44089456869009586 0.0576171875 0.09984025559105432
47 0.96826171875 0.48881789137380194 0.0439453125 0.03514376996805112
47 0.99560546875 0.5990415335463258 0.0009765625 0.001597444089456869
29 0.99365234375 0.6321884984025559 0.0126953125 0.08865814696485623
96 0.619384765625 0.44049520766773165 0.0224609375 0.04233226837060703
48 0.59130859375 0.46685303514376997 0.021484375 0.037539936102236424
25 0.67578125 0.3738019169329074 0.0615234375 0.04792332268370607