25 0.61181640625 0.10123523093447906 0.0830078125 0.09720730397422127
93 0.971435546875 0.10741138560687433 0.05712890625 0.08055853920515575
42 0.549072265625 0.10257787325456498 0.01904296875 0.08485499462943072
42 0.665771484375 0.2575187969924812 0.07568359375 0.08431793770139635
46 0.794677734375 0.2483888292158969 0.06298828125 0.04296455424274973
46 0.744873046875 0.09237379162191192 0.02685546875 0.055853920515574654
46 0.564208984375 0.23415682062298604 0.04150390625 0.022556390977443608
22 0.623779296875 0.3995703544575725 0.02685546875 0.02040816326530612
22 0.5556640625 0.3332438238453276 0.0322265625 0.03383458646616541
7 0.63525390625 0.34049409237379163 0.0888671875 0.05155746509129968
35 0.833251953125 0.06578947368421052 0.04150390625 0.05209452201933405
35 0.40966796875 0.647422126745435 0.03857421875 0.05853920515574651
35 0.19482421875 0.6033834586466166 0.03857421875 0.05531686358754028
1 0.1064453125 0.7467776584317938 0.08251953125 0.06390977443609022
42 0.354736328125 0.9194414607948442 0.08935546875 0.09452201933404941
25 0.35595703125 0.7639634801288937 0.08203125 0.0929108485499463
93 0.250244140625 0.7671858216970999 0.06298828125 0.07142857142857142
42 0.19482421875 0.7016648764769066 0.0390625 0.041353383458646614
42 0.197509765625 0.8098818474758325 0.04150390625 0.04403866809881848
39 0.4365234375 0.7561761546723953 0.0126953125 0.03759398496240601
17 0.046142578125 0.7671858216970999 0.03173828125 0.0682062298603652
42 0.738037109375 0.6895810955961332 0.06103515625 0.06659505907626208
42 0.941162109375 0.6962943071965628 0.04150390625 0.04779806659505908
42 0.908203125 0.744092373791622 0.0380859375 0.04564983888292159
42 0.908447265625 0.8839957035445757 0.04248046875 0.04833512352309345
46 0.84521484375 0.46670247046186897 0.02978515625 0.038131041890440386
46 0.8447265625 0.9868421052631579 0.025390625 0.02631578947368421
46 0.8203125 0.6173469387755102 0.0283203125 0.02631578947368421
34 0.921142578125 0.8335123523093448 0.09423828125 0.05853920515574651