42 0.07177734375 0.7944557133198107 0.0498046875 0.06896551724137931
42 0.1806640625 0.900946585530764 0.02490234375 0.04192021636240703
22 0.1806640625 0.8417849898580122 0.01708984375 0.027045300878972278
42 0.24365234375 0.9499661933739013 0.02587890625 0.041244083840432724
86 0.23388671875 0.7873563218390804 0.02685546875 0.0290736984448952
46 0.265380859375 0.790736984448952 0.02734375 0.050033806626098715
29 0.166015625 0.7937795807978364 0.052734375 0.04394861392832995
42 0.99267578125 0.9107505070993914 0.0146484375 0.06220419202163624
42 0.9921875 0.8421230561189993 0.015625 0.06558485463150777
42 0.864013671875 0.9161595672751859 0.046875 0.06558485463150777
42 0.957763671875 0.7836375929682218 0.0302734375 0.034482758620689655
95 0.747314453125 0.7968221771467208 0.02490234375 0.07369844489519946
3 0.9599609375 0.9398242055442867 0.0263671875 0.05611899932386748
49 0.93994140625 0.9036511156186613 0.01904296875 0.029749830966869506
96 0.924560546875 0.9435429344151454 0.0234375 0.032454361054766734