17 0.8740234375 0.21648287869994196 0.02685546875 0.06790481717933837
42 0.8984375 0.2800348229831689 0.033203125 0.038305281485780614
42 0.839111328125 0.2069065583284968 0.0341796875 0.04236796285548462
86 0.976806640625 0.4027858386535113 0.03515625 0.05281485780615206
39 0.836669921875 0.16802089378990134 0.03515625 0.0330818340104469
46 0.722412109375 0.6343586767266396 0.00537109375 0.046430644225188625
46 0.887451171875 0.6300058038305282 0.0263671875 0.04410911201392919
46 0.861572265625 0.9872315728380732 0.0283203125 0.024956471271038887
3 0.889404296875 0.8479396401625072 0.03759765625 0.04236796285548462
3 0.72802734375 0.8682530470110272 0.0166015625 0.046430644225188625
42 0.9853515625 0.9779454439930354 0.029296875 0.04410911201392919
38 0.861083984375 0.630586186883343 0.01904296875 0.04004643064422519
42 0.986572265625 0.632617527568195 0.02685546875 0.05803830528148578
42 0.818359375 0.6317469529889728 0.044921875 0.053975623911781775
42 0.822265625 0.9788160185722576 0.0390625 0.04236796285548462