42 0.6421089348001072 0.3372341626342718 0.022170646632680535 0.12766485016144996
42 0.6904480815669439 0.6220917874843099 0.011384491548162012 0.06770895207078514
42 0.7006600482962168 0.07250921359819151 0.00973973705393072 0.06480353061998648
42 0.7561577676415346 0.3931319448942016 0.011693050711027553 0.07197234224315266
42 0.8074027367856185 0.8195657041347851 0.010338073517574431 0.05395557118140688
93 0.7843493426348269 0.7562464649081416 0.02004829621679627 0.11830118211621303
93 0.7314971827206869 0.3198332145974236 0.017544942312852196 0.09346298677867929
93 0.7217681781593775 0.5113225946726128 0.020155621143010505 0.1173853427458528
42 0.7725945800912262 0.5248864915543302 0.02250067078078888 0.13303356371183875
8 0.6921169841695733 0.3805312583847598 0.012777032465790095 0.11935913449231922
22 0.7012369197746177 0.1670301527529769 0.009178964314461968 0.051397537077986354
46 0.6309471424738395 0.1461553312423477 0.01051515964582772 0.10513204358378904
46 0.7387362489938287 0.893069708773196 0.008006439495572781 0.1016265894420645
22 0.8080976656828549 0.9098548337851465 0.011489133351220815 0.05117647240238207
22 0.6908425006707808 0.7130914821633991 0.009578749664609587 0.06254551286202878
93 0.8627502012342365 0.4742311001730151 0.01977730077810569 0.10813220703841796
42 0.8889830963241212 0.5522037693254257 0.009286289240676204 0.07307766562117383
93 0.8893748323048027 0.6917429506336179 0.02045076469009932 0.11534838966349917
1 0.8472605312583846 0.6583621846173774 0.012162597263214447 0.11351671092277853
7 0.8089455325999463 0.5367292420331289 0.012125033539039487 0.14143402138479988
1 0.6741668902602629 0.5635254387831574 0.02095250872015031 0.0654667246467992
86 0.6580359538502817 0.6829319442773918 0.0134156157767642 0.07895166985865795
86 0.8391467668365977 0.8526780344735064 0.014757177354440598 0.08684683684452366
86 0.8877783740273678 0.7974118655724459 0.0140863965656024 0.08684683684452366
86 0.7781057150523208 0.6434561093480627 0.010732492621411405 0.09474200383038951
86 0.8398175476254359 0.4519983099408171 0.016098738932116996 0.06710891937985924
86 0.7157231016903676 0.2861998032376353 0.014757177354440598 0.09079442033745674
86 0.7345049637778374 0.09671579557685606 0.021464985242822587 0.06710891937985933
86 0.7375234773276093 0.4875265613772132 0.016769519720955195 0.09868958732332253