25 0.493896484375 0.05964325529542921 0.06787109375 0.08416945373467112
25 0.834716796875 0.039576365663322184 0.06884765625 0.07915273132664437
49 0.642333984375 0.039576365663322184 0.06689453125 0.07915273132664437
95 0.770751953125 0.28037904124860646 0.05712890625 0.029542920847268672
42 0.641357421875 0.15022296544035674 0.06982421875 0.09810479375696766
94 0.769775390625 0.27898550724637683 0.06103515625 0.028428093645484948
39 0.7607421875 0.21822742474916387 0.0380859375 0.01950947603121516
25 0.024169921875 0.9088628762541806 0.04833984375 0.08416945373467112
25 0.355224609375 0.8868450390189521 0.06884765625 0.08361204013377926
25 0.09716796875 0.3971571906354515 0.06640625 0.07636566332218506
25 0.43896484375 0.6822742474916388 0.0419921875 0.0802675585284281
49 0.162841796875 0.8868450390189521 0.06689453125 0.08361204013377926
22 0.029296875 0.8043478260869565 0.029296875 0.032329988851727984
42 0.095458984375 0.7357859531772575 0.06787109375 0.08639910813823858
42 0.1005859375 0.6376811594202898 0.0732421875 0.08361204013377926
42 0.161865234375 0.9751950947603122 0.06982421875 0.049609810479375696
42 0.10400390625 0.5314938684503902 0.0732421875 0.08639910813823858
42 0.440185546875 0.8090858416945373 0.03955078125 0.08639910813823858
39 0.010986328125 0.6348940914158305 0.0205078125 0.023411371237458192
22 0.87109375 0.7304905239687849 0.03125 0.0379041248606466
42 0.866943359375 0.8308249721293199 0.06494140625 0.07748049052396878
42 0.770263671875 0.7313266443701226 0.02880859375 0.030100334448160536
42 0.985107421875 0.7792642140468228 0.02978515625 0.07357859531772576
56 0.9208984375 0.8729096989966555 0.0244140625 0.039576365663322184
42 0.951904296875 0.9141583054626533 0.06298828125 0.07692307692307693
1 0.98876953125 0.6613712374581939 0.0224609375 0.09308807134894091
1 0.83349609375 0.6610925306577481 0.04296875 0.08918617614269789
95 0.810791015625 0.7513935340022296 0.02392578125 0.07692307692307693
38 0.951904296875 0.7884615384615384 0.0380859375 0.030657748049052396
25 0.73583984375 0.8311036789297659 0.06396484375 0.08918617614269789
46 0.953857421875 0.7316053511705686 0.0458984375 0.027313266443701228