42 0.74951171875 0.19307511737089203 0.04345703125 0.0534037558685446
42 0.802734375 0.007042253521126761 0.0458984375 0.014084507042253521
39 0.85546875 0.5249413145539906 0.0107421875 0.009976525821596244
42 0.75341796875 0.09624413145539906 0.05322265625 0.06572769953051644
95 0.880859375 0.5090962441314554 0.0205078125 0.041666666666666664
95 0.858154296875 0.33832159624413144 0.0185546875 0.0528169014084507
23 0.682373046875 0.3703051643192488 0.0185546875 0.02464788732394366
23 0.6669921875 0.31279342723004694 0.0185546875 0.02171361502347418
23 0.71630859375 0.5190727699530516 0.01953125 0.02171361502347418
23 0.780029296875 0.5193661971830986 0.01806640625 0.020539906103286387
23 0.82080078125 0.3711854460093897 0.0146484375 0.02464788732394366
23 0.78564453125 0.22300469483568075 0.01806640625 0.018779342723004695
23 0.79443359375 0.12323943661971831 0.01708984375 0.02171361502347418
23 0.80419921875 0.045774647887323945 0.0205078125 0.02171361502347418
23 0.7119140625 0.22476525821596244 0.0185546875 0.018779342723004695
23 0.712158203125 0.1255868544600939 0.01953125 0.020539906103286387
46 0.6806640625 0.7403169014084507 0.0390625 0.06044600938967136