42 0.4599555061179088 0.08036739380022963 0.03364849833147942 0.0338691159586682
42 0.43325917686318133 0.1148105625717566 0.037541713014460514 0.03559127439724455
42 0.43270300333704115 0.21641791044776118 0.02864293659621802 0.032721010332950634
42 0.2850389321468298 0.07405281285878301 0.04449388209121246 0.04477611940298507
46 0.37652947719688545 0.29850746268656714 0.020578420467185762 0.027554535017221583
46 0.37652947719688545 0.39552238805970147 0.022803114571746386 0.027554535017221583
46 0.30561735261401557 0.39667049368541907 0.022803114571746386 0.02812858783008037
46 0.3548387096774194 0.02123995407577497 0.026696329254727477 0.016647531572904706
34 0.4460511679644049 0.1791044776119403 0.0778642936596218 0.0338691159586682
46 0.3973859844271413 0.21814006888633755 0.026696329254727477 0.015499425947187142
42 0.12625139043381536 0.8788748564867968 0.03170189098998888 0.0642939150401837
1 0.0903781979977753 0.8587830080367393 0.02224694104560623 0.07347876004592423
93 0.08203559510567297 0.5126291618828932 0.025583982202447165 0.060849598163030996
42 0.06256952169076752 0.44202066590126293 0.015016685205784204 0.004592422502870264
7 0.14154616240266962 0.44489092996555685 0.03281423804226919 0.010332950631458095
7 0.14238042269187987 0.7893226176808267 0.027252502780867632 0.029850746268656716
22 0.139321468298109 0.7284730195177956 0.01668520578420467 0.022962112514351322
42 0.13987764182424917 0.6733639494833524 0.013904338153503892 0.03559127439724455
22 0.13959955506117908 0.49598163030998854 0.012791991101223582 0.021814006888633754
42 0.13987764182424917 0.5510907003444316 0.013348164627363738 0.030998851894374284
42 0.06312569521690768 0.7944890929965557 0.016129032258064516 0.02525832376578645
88 0.7616796440489433 0.9345579793340988 0.03337041156840934 0.1182548794489093
102 0.6807563959955506 0.936280137772675 0.09510567296996662 0.12629161882893225
101 0.5778642936596218 0.9385763490241102 0.0967741935483871 0.12284730195177956
103 0.48470522803114574 0.93398392652124 0.0817575083426029 0.11710677382319173