32 0.010946745562130178 0.05834092980856882 0.021893491124260357 0.0820419325432999
27 0.06183431952662722 0.05560619872379216 0.05088757396449704 0.07930720145852324
63 0.13047337278106508 0.056517775752051046 0.05621301775147929 0.07748404740200547
50 0.19733727810650886 0.059708295350957154 0.05207100591715976 0.07748404740200547
59 0.2653846153846154 0.056517775752051046 0.05207100591715976 0.0829535095715588
51 0.3239644970414201 0.054694621695533276 0.031360946745562134 0.08021877848678213
46 0.13994082840236685 0.650865998176846 0.020118343195266272 0.05013673655423884
46 0.07159763313609467 0.7479489516864175 0.028402366863905324 0.03463992707383774
46 0.00650887573964497 0.7105742935278031 0.01301775147928994 0.03555150410209663
22 0.14053254437869822 0.7087511394712853 0.018343195266272188 0.03190519598906107
25 0.3005917159763314 0.9544211485870556 0.05325443786982249 0.07657247037374658
13 0.8275147928994083 0.7962625341841386 0.03550295857988166 0.04284412032816773
93 0.756508875739645 0.9767547857793983 0.04319526627218935 0.04649042844120328
46 0.8855029585798817 0.9079307201458523 0.03550295857988166 0.03190519598906107
25 0.3763313609467456 0.9047402005469463 0.040236686390532544 0.08659981768459435
39 0.735207100591716 0.7142206016408387 0.026627218934911243 0.024612579762989972
39 0.7109467455621302 0.9092980856882407 0.015976331360946745 0.03190519598906107
39 0.8328402366863905 0.9922515952597994 0.0242603550295858 0.011850501367365542
39 0.8210059171597633 0.9079307201458523 0.014792899408284023 0.02552415679124886