11 0.32473928157589804 0.12035541195476575 0.04692931633835458 0.06946688206785137
61 0.42265353418308227 0.11833602584814217 0.0492468134414832 0.07027463651050081
75 0.5228852838933952 0.11833602584814217 0.05272305909617613 0.06704361873990307
99 0.6184820393974507 0.1191437802907916 0.042294322132097335 0.0654281098546042
49 0.7731749710312862 0.3016962843295638 0.04982618771726535 0.07592891760904685
49 0.772305909617613 0.20718901453957997 0.05040556199304751 0.07431340872374798
42 0.8673232908458864 0.29967689822294025 0.0440324449594438 0.0654281098546042
42 0.8687717265353418 0.20880452342487885 0.0440324449594438 0.06381260096930533
25 0.6683082271147162 0.30210016155088854 0.04519119351100811 0.06704361873990307
25 0.6685979142526072 0.20961227786752828 0.046349942062572425 0.06785137318255251
30 0.9345307068366164 0.3000807754442649 0.014484356894553883 0.035541195476575124
30 0.9345307068366164 0.20920840064620355 0.014484356894553883 0.04038772213247173
46 0.8899188876013905 0.034733441033925685 0.026651216685979143 0.022617124394184167
49 0.3702201622247972 0.8998384491114702 0.05909617612977984 0.0791599353796446
25 0.3904982618771727 0.9923263327948304 0.055619930475086905 0.015347334410339256
42 0.4721900347624565 0.9907108239095315 0.047508690614136734 0.018578352180936994
42 0.6060254924681344 0.9200323101777059 0.04866743916570104 0.06462035541195477
42 0.5561993047508691 0.7318255250403877 0.023174971031286212 0.03715670436187399
42 0.47914252607184243 0.784329563812601 0.028968713789107765 0.035541195476575124
42 0.5057937427578215 0.7802907915993538 0.02433371958285052 0.03715670436187399
42 0.4420625724217845 0.851373182552504 0.047508690614136734 0.06946688206785137
74 0.5367902665121669 0.9676898222940227 0.06025492468134415 0.04038772213247173
1 0.5921205098493627 0.7701938610662359 0.03707995365005794 0.033117932148626815
3 0.4927578215527231 0.898626817447496 0.022595596755504054 0.04765751211631664
48 0.4713209733487833 0.9345718901453958 0.02085747392815759 0.033117932148626815
96 0.4582850521436848 0.8990306946688207 0.019119351100811123 0.023424878836833602
30 0.9351100811123986 0.6506462035541195 0.06257242178447277 0.030694668820678513