30 0.15874855156431056 0.23777506112469438 0.06257242178447277 0.04645476772616137
71 0.2563731170336037 0.2396088019559902 0.0880648899188876 0.2701711491442543
97 0.35399768250289687 0.2371638141809291 0.0492468134414832 0.10146699266503667
18 0.4458285052143685 0.2365525672371638 0.01853997682502897 0.07823960880195599
42 0.8082271147161066 0.9877750611246944 0.03592120509849363 0.02444987775061125
42 0.8088064889918888 0.921760391198044 0.03534183082271147 0.06968215158924206
39 0.8441483198146003 0.921760391198044 0.012746234067207415 0.035452322738386305
1 0.8111239860950173 0.7982885085574573 0.020278099652375436 0.07946210268948656
25 0.8412514484356894 0.8355745721271394 0.03707995365005794 0.06968215158924206
39 0.7746234067207416 0.9242053789731052 0.01100811123986095 0.03300733496332518
42 0.7557937427578215 0.7671149144254279 0.016801853997682505 0.040342298288508556