79 0.02072192513368984 0.07241379310344828 0.0285204991087344 0.04758620689655172
19 0.02016488413547237 0.21827586206896551 0.027740641711229946 0.05620689655172414
47 0.020610516934046346 0.36310344827586205 0.028297682709447415 0.04758620689655172
13 0.02016488413547237 0.5106896551724138 0.02540106951871658 0.06827586206896552
88 0.2533422459893048 0.07275862068965518 0.02696078431372549 0.05103448275862069
102 0.2536764705882353 0.19689655172413792 0.028854723707664884 0.14586206896551723
101 0.25423351158645274 0.3544827586206897 0.02807486631016043 0.1482758620689655
103 0.2532308377896613 0.49724137931034484 0.026737967914438502 0.12517241379310345
79 0.44295900178253117 0.20172413793103447 0.006238859180035651 0.03103448275862069
79 0.4434046345811052 0.36137931034482756 0.0071301247771836 0.031724137931034485
22 0.45877896613190733 0.20413793103448277 0.010138146167557932 0.02413793103448276
23 0.4575534759358289 0.3620689655172414 0.015262923351158645 0.023103448275862068
23 0.4575534759358289 0.5158620689655172 0.011363636363636364 0.030689655172413795
65 0.5041221033868093 0.1206896551724138 0.046902852049910876 0.07172413793103448
65 0.5046791443850267 0.2806896551724138 0.042446524064171126 0.0693103448275862
65 0.5022281639928698 0.43310344827586206 0.04122103386809269 0.06827586206896552
73 0.5196078431372549 0.20482758620689656 0.07609180035650624 0.05379310344827586
73 0.5215017825311943 0.3582758620689655 0.07408645276292335 0.05068965517241379
73 0.5227272727272727 0.5162068965517241 0.0697415329768271 0.05172413793103448
49 0.2552361853832442 0.763448275862069 0.056372549019607844 0.14206896551724138
25 0.007241532976827094 0.7786206896551724 0.014483065953654188 0.15172413793103448