49 0.5816568047337278 0.4539835164835165 0.08757396449704143 0.20192307692307693
66 0.4467455621301775 0.45467032967032966 0.09289940828402367 0.21428571428571427
77 0.3118343195266272 0.4526098901098901 0.09230769230769231 0.20741758241758243
25 0.8233727810650887 0.015796703296703296 0.03372781065088758 0.03159340659340659
93 0.7751479289940828 0.30975274725274726 0.027810650887573965 0.06456043956043957
93 0.9715976331360947 0.01510989010989011 0.028402366863905324 0.03021978021978022
1 0.7837278106508876 0.5027472527472527 0.021893491124260357 0.08104395604395605
42 0.7872781065088758 0.013736263736263736 0.03017751479289941 0.027472527472527472
42 0.8455621301775148 0.12362637362637363 0.03076923076923077 0.07142857142857142
42 0.7671597633136095 0.18475274725274726 0.014792899408284023 0.034340659340659344
42 0.8269230769230769 0.3118131868131868 0.017159763313609466 0.03708791208791209
42 0.8284023668639053 0.43956043956043955 0.015384615384615385 0.03021978021978022
42 0.7686390532544378 0.5652472527472527 0.01301775147928994 0.028846153846153848
46 0.8976331360946745 0.11607142857142858 0.02544378698224852 0.03708791208791209
46 0.8044378698224852 0.10370879120879122 0.017159763313609466 0.019230769230769232
1 0.7825443786982249 0.23832417582417584 0.021893491124260357 0.07967032967032966
22 0.827810650887574 0.49862637362637363 0.010650887573964497 0.03983516483516483
22 0.8002958579881657 0.5666208791208791 0.014792899408284023 0.0260989010989011
22 0.8284023668639053 0.25137362637362637 0.010650887573964497 0.03021978021978022
22 0.8005917159763314 0.18818681318681318 0.014201183431952662 0.028846153846153848
7 0.8310650887573965 0.5590659340659341 0.03372781065088758 0.04120879120879121
7 0.8331360946745562 0.19436813186813187 0.03609467455621302 0.04395604395604396
95 0.9612426035502959 0.3392857142857143 0.026627218934911243 0.03159340659340659
42 0.7686390532544378 0.061126373626373624 0.016568047337278107 0.038461538461538464
42 0.7718934911242603 0.12980769230769232 0.0242603550295858 0.07005494505494506
35 0.98698224852071 0.5604395604395604 0.016568047337278107 0.038461538461538464
35 0.9591715976331361 0.5625 0.01775147928994083 0.034340659340659344
42 0.8668639053254438 0.6902472527472527 0.02485207100591716 0.05631868131868132
46 0.8192307692307692 0.7252747252747253 0.015384615384615385 0.046703296703296704
46 0.9218934911242603 0.7259615384615384 0.010059171597633136 0.038461538461538464