42 0.573076923076923 0.28493317132442286 0.03195266272189349 0.0850546780072904
42 0.6420118343195266 0.23207776427703525 0.031360946745562134 0.07411907654921021
42 0.7272189349112426 0.41919805589307413 0.018343195266272188 0.046172539489671933
42 0.7044378698224852 0.36938031591737547 0.01775147928994083 0.038882138517618466
42 0.727810650887574 0.3244228432563791 0.01893491124260355 0.05224787363304982
46 0.6781065088757396 0.43256379100850545 0.01775147928994083 0.06439854191980558
46 0.677810650887574 0.1798298906439854 0.018343195266272188 0.053462940461725394
46 0.6156804733727811 0.03402187120291616 0.029585798816568046 0.040097205346294046
46 0.6130177514792899 0.43317132442284323 0.017159763313609466 0.04981773997569866
1 0.6363905325443787 0.3778857837181045 0.034911242603550295 0.053462940461725394
1 0.5822485207100592 0.00850546780072904 0.023668639053254437 0.01701093560145808
1 0.6967455621301775 0.2174969623329283 0.034911242603550295 0.04738760631834751
22 0.6757396449704142 0.33232077764277035 0.016568047337278107 0.032806804374240585
22 0.6763313609467455 0.2345078979343864 0.014201183431952662 0.026731470230862697
94 0.6050295857988166 0.05285540704738761 0.010650887573964497 0.07047387606318348
47 0.6106508875739645 0.3377885783718105 0.013609467455621301 0.05710814094775213
47 0.6532544378698225 0.3025516403402187 0.000591715976331361 0.001215066828675577
29 0.6659763313609467 0.2861482381530984 0.03431952662721893 0.054678007290400975
56 0.5594674556213017 0.25273390036452004 0.015384615384615385 0.04495747266099635
25 0.4911242603550296 0.5006075334143378 0.058875739644970414 0.056500607533414335
35 0.5920118343195266 0.508505467800729 0.024556213017751478 0.03219927095990279