25 0.8703703703703703 0.25067567567567567 0.03427307904919845 0.08243243243243244
25 0.8197899391929243 0.4574324324324324 0.03316749585406302 0.07837837837837838
25 0.6650082918739635 0.4331081081081081 0.035931453841901606 0.08108108108108109
42 0.6644555002763958 0.3 0.027639579878385848 0.07567567567567568
42 0.6196793808734107 0.10135135135135136 0.02377003869541183 0.07297297297297298
46 0.7835820895522388 0.014864864864864866 0.013819789939192924 0.02972972972972973
95 0.900221116639027 0.007432432432432433 0.029297954671088998 0.014864864864864866
22 0.701216141514649 0.34054054054054056 0.013266998341625208 0.0445945945945946
49 0.6315644002211166 0.47702702702702704 0.03150912106135987 0.08378378378378379
42 0.8200663349917081 0.32972972972972975 0.037037037037037035 0.08243243243243244
96 0.6321171918186843 0.35202702702702704 0.013819789939192924 0.03513513513513514
48 0.6243781094527363 0.31351351351351353 0.016030956329463792 0.03918918918918919
42 0.3322277501381979 0.9094594594594595 0.024875621890547265 0.05540540540540541
1 0.2860696517412935 0.9675675675675676 0.030403537866224434 0.06486486486486487
42 0.12161415146489774 0.9081081081081082 0.050304035378662244 0.13648648648648648
86 0.5511332227750139 0.5574324324324325 0.02045328911000553 0.062162162162162166
29 0.6169154228855721 0.5560810810810811 0.054173576561636266 0.07432432432432433
56 0.7302377003869541 0.6114864864864865 0.017689331122166942 0.06891891891891892
42 0.7084024322830293 0.5621621621621622 0.04477611940298507 0.08648648648648649
42 0.6608623548922057 0.6756756756756757 0.04367053620784964 0.10675675675675676
22 0.6000552791597568 0.6641891891891892 0.018794914317302378 0.04594594594594595
46 0.5729684908789386 0.7047297297297297 0.0326147042564953 0.04864864864864865
42 0.6003316749585407 0.7486486486486487 0.02321724709784411 0.05945945945945946