58 0.48986095017381226 0.04061135371179039 0.09675550405561993 0.08122270742358079
54 0.4884125144843569 0.21222707423580786 0.08980301274623406 0.13449781659388646
57 0.4901506373117034 0.40655021834061134 0.0880648899188876 0.1406113537117904
42 0.8933951332560834 0.08733624454148471 0.04982618771726535 0.07336244541484715
42 0.9594438006952491 0.259825327510917 0.060834298957126304 0.08296943231441048
49 0.8232908458864426 0.08820960698689956 0.05330243337195829 0.07685589519650655
42 0.7117612977983777 0.7641921397379913 0.03244495944380069 0.04890829694323144
42 0.6856894553881807 0.9681222707423581 0.034183082271147164 0.04716157205240175
25 0.9881228273464658 0.9397379912663756 0.023754345307068367 0.05589519650655022
1 0.7505793742757821 0.6825327510917031 0.041135573580533026 0.03842794759825328
1 0.9003476245654692 0.7751091703056768 0.04055619930475087 0.03580786026200873
1 0.9087485515643106 0.8554585152838428 0.042294322132097335 0.03580786026200873
1 0.9371378910776361 0.9558951965065502 0.02607184241019699 0.06026200873362445
93 0.6289107763615296 0.9755458515283842 0.017960602549246814 0.043668122270742356
25 0.9834878331402086 0.7148471615720524 0.03302433371958285 0.05327510917030567
1 0.9084588644264194 0.6480349344978166 0.03534183082271147 0.03318777292576419
1 0.7508690614136733 0.616593886462882 0.034183082271147164 0.03406113537117904
17 0.8221320973348784 0.5078602620087336 0.02549246813441483 0.016593886462882096
42 0.7983777520278099 0.5231441048034935 0.014484356894553883 0.022707423580786028
1 0.7392815758980301 0.8720524017467249 0.038238702201622246 0.04104803493449782
1 0.7528968713789108 0.9213973799126638 0.03592120509849363 0.032314410480349345
1 0.7540556199304751 0.9707423580786027 0.039397450753186555 0.04017467248908297
1 0.9397450753186558 0.7266375545851529 0.024913093858632676 0.06026200873362445
49 0.988702201622248 0.8091703056768559 0.022595596755504054 0.05851528384279476
95 0.8792004634994206 0.9065502183406113 0.011587485515643106 0.04192139737991266
42 0.6526651216685979 0.7528384279475983 0.041135573580533026 0.05589519650655022
42 0.9435110081112399 0.8091703056768559 0.0388180764774044 0.05414847161572053
86 0.7517381228273464 0.5768558951965066 0.020278099652375436 0.023580786026200874
86 0.7569524913093859 0.883406113537118 0.019119351100811123 0.022707423580786028
30 0.727404403244496 0.9157205240174673 0.012746234067207415 0.03056768558951965
30 0.7433371958285052 0.9834061135371179 0.015643105446118192 0.022707423580786028
30 0.9046929316338355 0.9759825327510917 0.015063731170336037 0.0314410480349345
30 0.9316338354577057 0.9414847161572052 0.01853997682502897 0.021834061135371178
30 0.8867323290845887 0.8384279475982532 0.016222479721900347 0.02445414847161572
30 0.8974507531865585 0.7375545851528384 0.01853997682502897 0.02445414847161572
30 0.9336616454229433 0.748471615720524 0.014484356894553883 0.02445414847161572
39 0.7514484356894554 0.6436681222707423 0.019698725376593278 0.026200873362445413