61 0.16885050625372244 0.1671664167916042 0.051816557474687316 0.12743628185907047
75 0.16885050625372244 0.42653673163418293 0.049434187016081 0.136431784107946
1 0.5658129839189994 0.32158920539730135 0.03126861226920786 0.05172413793103448
42 0.41363907087552115 0.3230884557721139 0.05360333531864205 0.060719640179910044
25 0.5550923168552709 0.5187406296851574 0.04854079809410363 0.053973013493253376
42 0.47677188802858844 0.32233883058470764 0.049434187016081 0.05622188905547226
93 0.5827873734365694 0.24887556221889057 0.03960690887432996 0.04572713643178411
39 0.47617629541393686 0.2593703148425787 0.01816557474687314 0.01649175412293853
39 0.47677188802858844 0.37031484257871067 0.027099463966646812 0.017241379310344827
17 0.5762358546754021 0.36281859070464767 0.03782013103037522 0.022488755622188907
42 0.5431804645622395 0.2841079460269865 0.026503871351995237 0.020239880059970013
42 0.5982727814175104 0.2863568215892054 0.023823704586063133 0.020989505247376312
42 0.3001786777843955 0.7158920539730135 0.03335318642048839 0.08545727136431784
1 0.29005360333531865 0.8125937031484258 0.038117927337701016 0.05997001499250375
93 0.11018463371054199 0.8350824587706147 0.03156640857653365 0.06896551724137931
42 0.06759976176295414 0.8868065967016492 0.014889815366289458 0.04047976011994003
1 0.033055390113162594 0.8125937031484258 0.0410958904109589 0.05997001499250375
7 0.06819535437760572 0.6739130434782609 0.019654556283502083 0.08845577211394302
7 0.2537224538415724 0.6724137931034483 0.015485407980941036 0.0734632683658171
22 0.2221560452650387 0.6806596701649176 0.011911852293031567 0.044977511244377814
42 0.19356759976176297 0.679160419790105 0.01846337105419893 0.037481259370314844
22 0.1015485407980941 0.6799100449775113 0.011316259678379988 0.034482758620689655
42 0.13013698630136986 0.679160419790105 0.016081000595592615 0.035982008995502246
42 0.02561048243001787 0.7211394302848576 0.03156640857653365 0.07946026986506746
42 0.25610482430017867 0.8860569715142429 0.013103037522334724 0.043478260869565216