39 0.485989010989011 0.002296211251435132 0.015384615384615385 0.004018369690011481
42 0.16071428571428573 0.5114810562571757 0.026373626373626374 0.06314580941446613
42 0.17472527472527472 0.7187141216991964 0.018131868131868133 0.03329506314580941
42 0.17527472527472526 0.8450057405281286 0.01868131868131868 0.04477611940298507
42 0.09917582417582417 0.9695752009184845 0.017582417582417582 0.040183696900114814
42 0.09835164835164835 0.5970149253731343 0.017582417582417582 0.04133180252583238
22 0.15 0.9667049368541906 0.015934065934065933 0.02525832376578645
22 0.17692307692307693 0.899540757749713 0.015934065934065933 0.03214695752009185
22 0.17637362637362639 0.661308840413318 0.012637362637362638 0.02870264064293915
22 0.14917582417582417 0.5958668197474167 0.014835164835164835 0.030998851894374284
93 0.1184065934065934 0.6796785304247991 0.025274725274725275 0.06314580941446613
1 0.12527472527472527 0.5281285878300803 0.024725274725274724 0.08495981630309989
7 0.1793956043956044 0.5993111366245695 0.03131868131868132 0.045924225028702644
7 0.17967032967032967 0.9684270952927669 0.03241758241758242 0.04362801377726751
35 0.35714285714285715 0.8892078071182549 0.01703296703296703 0.04822043628013777
93 0.5557692307692308 0.6848450057405281 0.04065934065934066 0.08840413318025259
42 0.5049450549450549 0.8352468427095293 0.02142857142857143 0.05281285878300804
95 0.4739010989010989 0.9592422502870264 0.01703296703296703 0.08151549942594719
39 0.5236263736263737 0.5901262916188289 0.016483516483516484 0.04133180252583238