33 0.19585798816568048 0.33272561531449407 0.04674556213017751 0.07930720145852324
41 0.26479289940828404 0.33272561531449407 0.0485207100591716 0.0820419325432999
32 0.3334319526627219 0.3340929808568824 0.05088757396449704 0.0820419325432999
42 0.5343195266272189 0.4038286235186873 0.02544378698224852 0.0300820419325433
42 0.5559171597633136 0.37374658158614404 0.02396449704142012 0.0300820419325433
42 0.5562130177514792 0.27620783956244305 0.02396449704142012 0.03372835004557885
34 0.5470414201183432 0.3122151321786691 0.06745562130177515 0.03099361896080219
22 0.10325443786982248 0.8609845031905196 0.015384615384615385 0.02187784867821331
25 0.08284023668639054 0.6340018231540565 0.038461538461538464 0.0528714676390155
25 0.33698224852071007 0.8149498632634458 0.036686390532544376 0.05560619872379216
46 0.2118343195266272 0.817228805834093 0.023076923076923078 0.018231540565177756
42 0.3455621301775148 0.6061987237921604 0.028402366863905324 0.01276207839562443
46 0.23964497041420119 0.7921604375569735 0.01242603550295858 0.02643573381950775
42 0.33698224852071007 0.6736554238833181 0.036686390532544376 0.05742935278030994
95 0.22189349112426035 0.8281677301731997 0.011242603550295858 0.05834092980856882
42 0.8766272189349112 0.7953509571558797 0.022485207100591716 0.032816773017319965
46 0.7656804733727811 0.8062898814949864 0.017159763313609466 0.03646308113035551
46 0.8284023668639053 0.8012762078395624 0.018343195266272188 0.040109389243391066
42 0.8775147928994083 0.7247037374658158 0.017159763313609466 0.032816773017319965
29 0.8171597633136095 0.6836827711941659 0.034911242603550295 0.03555150410209663
47 0.7644970414201183 0.7342752962625342 0.016568047337278107 0.03555150410209663
22 0.8281065088757397 0.7206016408386509 0.01952662721893491 0.027347310847766638
22 0.8269230769230769 0.6481312670920693 0.015384615384615385 0.019143117593436645
46 0.8275147928994083 0.6103008204193254 0.017159763313609466 0.020966271649954422
42 0.8541420118343195 0.7584320875113947 0.020118343195266272 0.02643573381950775
42 0.7926035502958579 0.6431175934366454 0.03017751479289941 0.05834092980856882
56 0.7127218934911242 0.658158614402917 0.016568047337278107 0.037374658158614404
42 0.7260355029585799 0.6845943482224248 0.03017751479289941 0.053783044667274384
42 0.6831360946745562 0.9690063810391978 0.028402366863905324 0.04557885141294439
42 0.684319526627219 0.9184138559708296 0.03195266272189349 0.04831358249772106
42 0.5887573964497042 0.9726526891522334 0.03076923076923077 0.04831358249772106
42 0.650887573964497 0.8746581586144029 0.020118343195266272 0.02552415679124886
1 0.7896449704142012 0.764813126709207 0.040236686390532544 0.040109389243391066
1 0.8476331360946746 0.6358249772105743 0.036686390532544376 0.03555150410209663
42 0.6349112426035503 0.6577028258887876 0.021301775147928994 0.03190519598906107
42 0.664792899408284 0.6175934366453966 0.028994082840236687 0.03555150410209663
95 0.5115384615384615 0.8842297174111212 0.016568047337278107 0.05560619872379216
3 0.651775147928994 0.9845031905195989 0.017159763313609466 0.03099361896080219
49 0.6390532544378699 0.9635369188696444 0.01242603550295858 0.02187784867821331
96 0.6284023668639053 0.9904284412032817 0.015384615384615385 0.019143117593436645