49 0.2698224852071006 0.20265151515151514 0.08757396449704143 0.1856060606060606
66 0.1349112426035503 0.2032828282828283 0.09289940828402367 0.19696969696969696
77 0.023076923076923078 0.2013888888888889 0.046153846153846156 0.19065656565656566
1 0.4393491124260355 0.26957070707070707 0.05739644970414201 0.027146464646464648
1 0.3742603550295858 0.3371212121212121 0.008875739644970414 0.045454545454545456
1 0.4372781065088757 0.35353535353535354 0.05739644970414201 0.025252525252525252
1 0.3843195266272189 0.4109848484848485 0.028994082840236687 0.036616161616161616
25 0.5591715976331361 0.4109848484848485 0.05088757396449704 0.036616161616161616
46 0.3923076923076923 0.4337121212121212 0.02603550295857988 0.008838383838383838
86 0.43431952662721895 0.4476010101010101 0.026923076923076925 0.02904040404040404
94 0.3863905325443787 0.494949494949495 0.033136094674556214 0.020202020202020204