88 0.3476084538375973 0.31228473019517794 0.03337041156840934 0.1148105625717566
102 0.2666852057842047 0.3111366245694604 0.09510567296996662 0.11710677382319173
101 0.16407119021134595 0.31343283582089554 0.0967741935483871 0.11251435132032148
103 0.07091212458286986 0.31228473019517794 0.0817575083426029 0.1148105625717566
92 0.9446607341490545 0.33008036739380026 0.047274749721913235 0.07921928817451206
105 0.8506674082313682 0.32893226176808266 0.047274749721913235 0.08151549942594719
106 0.7541713014460512 0.33008036739380026 0.048943270300333706 0.07921928817451206
25 0.2950500556173526 0.931113662456946 0.08398220244716352 0.1377726750861079
9 0.16879866518353726 0.9299655568312285 0.08620689655172414 0.14006888633754305
56 0.06868743047830923 0.9483352468427095 0.04338153503893215 0.08725602755453502
25 0.9471635150166852 0.7703788748564868 0.036151279199110126 0.07347876004592423
25 0.7032814238042269 0.6033295063145809 0.034482758620689655 0.0711825487944891
42 0.6935483870967742 0.8277841561423651 0.030589543937708564 0.060849598163030996
42 0.8334260289210234 0.6314580941446614 0.013348164627363738 0.02640642939150402
42 0.8478865406006674 0.9931113662456946 0.013904338153503892 0.013777267508610792
22 0.9299221357063404 0.5424799081515499 0.014460511679644048 0.029850746268656716
46 0.8598442714126807 0.5981630309988519 0.022803114571746386 0.02640642939150402
1 0.9449388209121246 0.9747416762342136 0.02335928809788654 0.0505166475315729
1 0.7922691879866518 0.9092996555683123 0.02335928809788654 0.07462686567164178
1 0.7452725250278087 0.9081515499425947 0.021690767519466074 0.07462686567164178
42 0.7024471635150167 0.7141216991963261 0.035595105672969966 0.09184845005740529
93 0.9936040044493882 0.9621125143513203 0.012791991101223582 0.07577497129735936
42 0.9452169076751946 0.8932261768082663 0.03837597330367074 0.07807118254879448
30 0.7947719688542826 0.8587830080367393 0.021690767519466074 0.01951779563719862
30 0.7508342602892102 0.8582089552238806 0.01835372636262514 0.02066590126291619
95 0.8498331479421579 0.5832376578645235 0.008342602892102336 0.060849598163030996
86 0.771412680756396 0.9104477611940298 0.015016685205784204 0.040183696900114814
86 0.8145161290322581 0.9087256027554536 0.01668520578420467 0.03673938002296211