65 0.09763313609467456 0.15572470373746583 0.0986213017751479 0.1443299908842297
5 0.09516568047337279 0.36538742023701 0.09960355029585798 0.14129443938012762
10 0.09862130177514793 0.5765724703737466 0.10059171597633136 0.13521422060164076
48 0.09615384615384616 0.7793983591613491 0.0897455621301775 0.13370100273473115
33 0.5749526627218935 0.05241567912488605 0.051284023668639094 0.07140382862351867
41 0.5749526627218935 0.15876937101185049 0.05325443786982249 0.0744484958979034
32 0.5739644970414202 0.2643573381950775 0.05325443786982249 0.0790063810391978
27 0.5759349112426035 0.3646308113035551 0.051284023668639094 0.07900638103919777
63 0.5754437869822485 0.4702187784867822 0.05029585798816568 0.08659981768459435
50 0.573473372781065 0.5735369188696444 0.05029585798816568 0.0805195989061075
59 0.5754437869822485 0.6783682771194166 0.0542426035502959 0.0805195989061075
51 0.5764319526627218 0.7816773017319963 0.05226627218934907 0.07444849589790344
60 0.5754437869822485 0.8857520510483136 0.048325443786982294 0.0820419325432999