30 0.07705677867902665 0.18043742405832322 0.06257242178447277 0.046172539489671933
71 0.17468134414831982 0.1822600243013366 0.0880648899188876 0.26852976913730253
97 0.272305909617613 0.1798298906439854 0.0492468134414832 0.10085054678007291
18 0.3641367323290846 0.17922235722964763 0.01853997682502897 0.07776427703523693
42 0.6462920046349943 0.29465370595382745 0.03534183082271147 0.07776427703523693
42 0.7079953650057937 0.24058323207776428 0.02954808806488992 0.07897934386391252
42 0.7920046349942063 0.4131227217496962 0.01738122827346466 0.031591737545565005
42 0.7702780996523755 0.36938031591737547 0.019698725376593278 0.03766707168894289
42 0.7937427578215527 0.3250303766707169 0.017960602549246814 0.04860267314702309
46 0.6882966396292005 0.009720534629404616 0.019698725376593278 0.019441069258809233
46 0.7447856315179606 0.41798298906439857 0.014484356894553883 0.02187120291616039
46 0.7439165701042874 0.2891859052247874 0.013904982618771726 0.04374240583232078
46 0.7442062572421785 0.1865127582017011 0.013904982618771726 0.05224787363304982
22 0.7450753186558516 0.3359659781287971 0.014484356894553883 0.030376670716889428
22 0.7436268829663963 0.24240583232077764 0.011587485515643106 0.03402187120291616
47 0.6839513325608343 0.33718104495747264 0.016222479721900347 0.04981773997569866
46 0.68279258400927 0.41798298906439857 0.016801853997682505 0.02187120291616039
38 0.7224797219003476 0.2934386391251519 0.015643105446118192 0.0425273390036452
25 0.4209154113557358 0.5382746051032807 0.050695249130938584 0.06136087484811665
35 0.5072421784472769 0.5467800729040098 0.021147161066048668 0.03462940461725395
36 0.8534183082271147 0.6051032806804374 0.06025492468134415 0.14702308626974483
100 0.9522016222479722 0.5899149453219927 0.03650057937427578 0.10814094775212636