25 0.2594549499443827 0.5889781859931114 0.08398220244716352 0.06199770378874857
9 0.1332035595105673 0.5878300803673938 0.08620689655172414 0.0642939150401837
56 0.03281423804226919 0.6102181400688863 0.04338153503893215 0.01951779563719862
1 0.46551724137931033 0.21469575200918484 0.04505005561735261 0.0774971297359357
1 0.5339265850945495 0.20091848450057406 0.041156840934371525 0.0809414466130884
25 0.37374860956618466 0.5304247990815155 0.06479421579532814 0.08495981630309989
56 0.5314238042269188 0.5677382319173364 0.03170189098998888 0.03731343283582089
38 0.5050055617352615 0.3185993111366246 0.030867630700778644 0.03501722158438576
39 0.5175194660734149 0.06486796785304248 0.02474972191323693 0.023536165327210104
39 0.49137931034482757 0.08955223880597014 0.014460511679644048 0.03731343283582089
22 0.560622914349277 0.2738231917336395 0.022525027808676306 0.03501722158438576
46 0.5025027808676307 0.2743972445464983 0.04838709677419355 0.03214695752009185
42 0.5050055617352615 0.5304247990815155 0.054505005561735265 0.07003444316877153
42 0.45383759733036705 0.3340987370838117 0.05228031145717464 0.07462686567164178
22 0.42853170189099 0.2743972445464983 0.03170189098998888 0.02870264064293915
42 0.3553948832035595 0.27210103329506313 0.03114571746384872 0.03214695752009185
7 0.17547274749721914 0.7784156142365097 0.03114571746384872 0.03788748564867968
42 0.15906562847608455 0.8673938002296211 0.029477196885428252 0.06199770378874857
22 0.17130144605116795 0.71699196326062 0.013904338153503892 0.027554535017221583
22 0.14655172413793102 0.7835820895522388 0.01557285873192436 0.027554535017221583
42 0.1718576195773081 0.664179104477612 0.016129032258064516 0.03673938002296211
42 0.09538375973303671 0.7818599311136625 0.01668520578420467 0.02640642939150402
1 0.12291434927697442 0.8444316877152698 0.021690767519466074 0.06888633754305395