61 0.47692307692307695 0.36793214862681745 0.025274725274725275 0.07027463651050081
75 0.3925824175824176 0.36793214862681745 0.05 0.06704361873990307
99 0.29917582417582417 0.3667205169628433 0.045054945054945054 0.0654281098546042
49 0.7258241758241758 0.18093699515347333 0.056043956043956046 0.0791599353796446
25 0.7065934065934066 0.062197092084006464 0.05274725274725275 0.06785137318255251
42 0.6291208791208791 0.06623586429725363 0.045054945054945054 0.06623586429725363
42 0.5074175824175824 0.16074313408723748 0.03571428571428571 0.06462035541195477
42 0.5494505494505495 0.34894991922455576 0.02197802197802198 0.03715670436187399
42 0.6225274725274725 0.2964458804523425 0.027472527472527472 0.035541195476575124
42 0.5972527472527472 0.30048465266558966 0.023076923076923078 0.03715670436187399
42 0.6576923076923077 0.2294022617124394 0.045054945054945054 0.06946688206785137
74 0.5678571428571428 0.11308562197092084 0.05714285714285714 0.04038772213247173
1 0.5153846153846153 0.3105815831987076 0.035164835164835165 0.033117932148626815
3 0.6096153846153847 0.1821486268174475 0.02142857142857143 0.04765751211631664
48 0.6299450549450549 0.14620355411954766 0.01978021978021978 0.033117932148626815
96 0.6423076923076924 0.18174474959612277 0.018131868131868133 0.023424878836833602
42 0.056043956043956046 0.4527463651050081 0.01565934065934066 0.022617124394184167
42 0.14203296703296703 0.49232633279483035 0.03791208791208791 0.049676898222940226
22 0.09423076923076923 0.4527463651050081 0.017857142857142856 0.018982229402261713
7 0.1315934065934066 0.4511308562197092 0.04120879120879121 0.023424878836833602
35 0.32005494505494503 0.4551696284329564 0.02032967032967033 0.03150242326332795
35 0.28708791208791207 0.45193861066235863 0.02142857142857143 0.025040387722132473