42 0.43320138545274617 0.6537117903930131 0.01880257298367145 0.0314410480349345
46 0.3404255319148936 0.6641921397379913 0.014349332013854528 0.034934497816593885
46 0.3928748144482929 0.6593886462882096 0.015338941118258289 0.03842794759825328
42 0.433943592281049 0.5860262008733624 0.014349332013854528 0.0314410480349345
29 0.38347352795645717 0.5467248908296943 0.029193468579910935 0.03406113537117904
47 0.33943592281048984 0.5951965065502184 0.013854527461652647 0.03406113537117904
22 0.392627412172192 0.5820960698689956 0.01632855022266205 0.026200873362445413
22 0.3916378030677882 0.5126637554585153 0.012864918357248886 0.01834061135371179
46 0.39238000989609106 0.4698689956331878 0.014349332013854528 0.03406113537117904
42 0.41439881246907473 0.6183406113537118 0.01682335477486393 0.025327510917030567
42 0.3629391390400792 0.5078602620087336 0.025235032162295893 0.05589519650655022
56 0.29614052449282535 0.5222707423580786 0.013854527461652647 0.03668122270742358
42 0.30727362691736765 0.5475982532751091 0.025235032162295893 0.05152838427947598
42 0.2714002968827313 0.8200873362445414 0.02375061850569025 0.043668122270742356
42 0.2723899059871351 0.7716157205240175 0.026719445818901535 0.0462882096069869
42 0.19247897080653142 0.8235807860262009 0.025729836714497772 0.0462882096069869
25 0.19272637308263235 0.9270742358078603 0.033151904997525974 0.05240174672489083
49 0.22761009401286492 0.9270742358078603 0.03166749134092034 0.06200873362445415
42 0.24443344878772885 0.7296943231441048 0.01682335477486393 0.02445414847161572
49 0.1566056407718951 0.9401746724890829 0.033151904997525974 0.05414847161572053
1 0.36046511627906974 0.6244541484716157 0.03364670954972786 0.03842794759825328
1 0.40895596239485404 0.5008733624454148 0.030677882236516577 0.03406113537117904
42 0.18208807521029194 0.4497816593886463 0.030677882236516577 0.02096069868995633
42 0.23107372587827807 0.5218340611353712 0.017812963879267688 0.03056768558951965
42 0.25606135576447303 0.4790393013100437 0.024245423057892134 0.043668122270742356
42 0.2570509648688768 0.4458515283842795 0.024245423057892134 0.013100436681222707
95 0.12790697674418605 0.7388646288209607 0.013854527461652647 0.05327510917030567
3 0.24542305789213262 0.840174672489083 0.014349332013854528 0.039301310043668124
49 0.23453735774369125 0.8148471615720524 0.010390895596239486 0.02096069868995633
49 0.21994062345373577 0.4432314410480349 0.012370113805047007 0.007860262008733625
96 0.22587827808015834 0.8427947598253275 0.012864918357248886 0.022707423580786028
25 0.6575952498762989 0.8248908296943231 0.03859475507174666 0.06812227074235808
42 0.7392380009896091 0.8978165938864628 0.04106877783275606 0.07423580786026202
42 0.7743691241959426 0.7733624454148471 0.03809995051954478 0.06812227074235808
42 0.7382483918852053 0.8253275109170306 0.03859475507174666 0.07685589519650655
46 0.8146956952003959 0.9480349344978166 0.01880257298367145 0.05240174672489083
47 0.8495794161306284 0.9965065502183406 0.01583374567046017 0.0069868995633187774
47 0.8485898070262247 0.7065502183406114 0.014844136566056407 0.04890829694323144
46 0.8151904997525977 0.46244541484716156 0.014349332013854528 0.0462882096069869
46 0.8156853043047996 0.6414847161572053 0.01682335477486393 0.05240174672489083
46 0.8149430974764967 0.7720524017467248 0.01830776843146957 0.04978165938864629
46 0.7872340425531915 0.8956331877729258 0.027709054923305294 0.023580786026200874
46 0.7887184562097971 0.8266375545851529 0.028203859475507173 0.02445414847161572
87 0.8005937654626423 0.9930131004366812 0.0425531914893617 0.013973799126637555
87 0.801583374567046 0.7034934497816594 0.04403760514596734 0.06026200873362445