30 0.30996523754345306 0.2859872611464968 0.06257242178447277 0.048407643312101914
71 0.4075898030127462 0.2878980891719745 0.0880648899188876 0.28152866242038216
97 0.5052143684820394 0.28535031847133757 0.0492468134414832 0.10573248407643313
18 0.597045191193511 0.28471337579617834 0.01853997682502897 0.08152866242038216
42 0.7607184241019699 0.2840764331210191 0.05272305909617613 0.1286624203821656
1 0.8679026651216686 0.8503184713375797 0.021436848203939745 0.0840764331210191
42 0.8363267670915412 0.8617834394904459 0.030127462340672075 0.07133757961783439
42 0.8238702201622248 0.9847133757961783 0.01738122827346466 0.030573248407643312
42 0.8902085747392816 0.7878980891719746 0.019119351100811123 0.033121019108280254
22 0.8238702201622248 0.9414012738853503 0.014484356894553883 0.02802547770700637
22 0.8444380069524913 0.7866242038216561 0.012746234067207415 0.02929936305732484
22 0.8227114716106605 0.7350318471337579 0.01216685979142526 0.02802547770700637
7 0.8192352259559675 0.7828025477707007 0.02954808806488992 0.03694267515923567
42 0.8227114716106605 0.6859872611464968 0.016801853997682505 0.04203821656050955