33 0.02956989247311828 0.19051959890610756 0.04247311827956989 0.07930720145852324
41 0.09220430107526882 0.19051959890610756 0.04408602150537634 0.0820419325432999
32 0.15456989247311828 0.1918869644484959 0.046236559139784944 0.0820419325432999
27 0.21370967741935484 0.18869644484958978 0.046236559139784944 0.07930720145852324
63 0.2760752688172043 0.18960802187784867 0.051075268817204304 0.07748404740200547
50 0.33682795698924733 0.1927985414767548 0.047311827956989246 0.07748404740200547
59 0.39865591397849465 0.18960802187784867 0.047311827956989246 0.0829535095715588
51 0.4596774193548387 0.18824065633546036 0.043548387096774194 0.08021877848678213
42 0.11317204301075269 0.4243391066545123 0.04247311827956989 0.0300820419325433
8 0.17983870967741936 0.4161349134001823 0.03602150537634408 0.013673655423883319
22 0.24381720430107526 0.4161349134001823 0.017741935483870968 0.013673655423883319
46 0.8059139784946237 0.9913400182315406 0.02795698924731183 0.01731996353691887
46 0.8059139784946237 0.8404740200546946 0.02795698924731183 0.022789425706472195
39 0.8575268817204301 0.7816773017319963 0.013978494623655914 0.010938924339106655
39 0.8577956989247312 0.6959890610756609 0.013978494623655914 0.009115770282588878
39 0.8580645161290322 0.6239744758432088 0.013440860215053764 0.01276207839562443
39 0.8577956989247312 0.49225159525979945 0.013440860215053764 0.011850501367365542
39 0.8376344086021505 0.9895168641750228 0.0064516129032258064 0.020966271649954422
39 0.8376344086021505 0.840929808568824 0.008064516129032258 0.03099361896080219