107 0.11716372489348752 0.04704301075268817 0.05295191722458917 0.09408602150537634
92 0.22002434570906879 0.04771505376344086 0.051734631771150334 0.09543010752688172
105 0.32288496652465004 0.04973118279569892 0.051734631771150334 0.09946236559139784
106 0.42909312233718805 0.04771505376344086 0.05356055995130858 0.09543010752688172
42 0.4805234327449787 0.20228494623655913 0.02130249543517955 0.030913978494623656
42 0.48143639683505784 0.1424731182795699 0.023128423615337797 0.03225806451612903
39 0.47565429093122336 0.1081989247311828 0.011564211807668898 0.01478494623655914
39 0.19659160073037127 0.4959677419354839 0.01278149726110773 0.05510752688172043
42 0.7282410225197808 0.9401881720430108 0.02678027997565429 0.051075268817204304
42 0.7702373706634206 0.6942204301075269 0.05112598904443092 0.11827956989247312
42 0.6877662811929397 0.6969086021505376 0.04564820450395618 0.11827956989247312
42 0.6871576384662204 0.5369623655913979 0.048691418137553254 0.10483870967741936
42 0.6868533171028606 0.42405913978494625 0.04808277541083384 0.028225806451612902
86 0.759281801582471 0.8622311827956989 0.021911138161898967 0.051075268817204304
25 0.8627510651247717 0.6948924731182796 0.048691418137553254 0.10618279569892473
42 0.8018867924528302 0.9354838709677419 0.021911138161898967 0.04435483870967742
94 0.8609251369446135 0.9086021505376344 0.017650639074863056 0.10483870967741936