107 0.22063298843578819 0.23735810113519093 0.03377967133292757 0.08978328173374613
92 0.2866707242848448 0.23839009287925697 0.03317102860620816 0.09081527347781218
105 0.3524041387705417 0.23839009287925697 0.03317102860620816 0.09649122807017543
106 0.41996348143639683 0.23735810113519093 0.034388314059646985 0.09287925696594428
42 0.8928788800973828 0.7311661506707946 0.023737066342057214 0.0412796697626419
39 0.8694461351186853 0.6326109391124871 0.009738283627510651 0.03611971104231166
93 0.9625684723067559 0.4695562435500516 0.0426049908703591 0.07739938080495357
42 0.8928788800973828 0.24871001031991744 0.023737066342057214 0.054695562435500514
22 0.8919659160073037 0.18214654282765738 0.021911138161898967 0.04540763673890609
29 0.8743152769324407 0.0913312693498452 0.06086427267194157 0.058823529411764705
22 0.8934875228241023 0.009287925696594427 0.02678027997565429 0.018575851393188854
42 0.7751065124771759 0.09236326109391124 0.06269020085209982 0.08668730650154799
42 0.8307973219720024 0.18885448916408668 0.05903834449178332 0.09391124871001032
1 0.9494826536822885 0.3988648090815273 0.054777845404747415 0.0608875128998968
47 0.9768715763846622 0.0892672858617131 0.024345709068776627 0.0608875128998968
42 0.6567255021302495 0.9318885448916409 0.0310407790626902 0.06707946336429309
42 0.7465003043213634 0.9912280701754386 0.018867924528301886 0.017543859649122806
46 0.6944613511868534 0.9731682146542827 0.014607425441265977 0.03715170278637771
46 0.694765672550213 0.8859649122807017 0.014607425441265977 0.04437564499484004
22 0.6941570298234936 0.93343653250774 0.012172854534388313 0.02889576883384933
38 0.671941570298235 0.9767801857585139 0.016433353621424222 0.03611971104231166