36 0.3697802197802198 0.34901960784313724 0.05714285714285714 0.11862745098039215
100 0.2760989010989011 0.36127450980392156 0.03461538461538462 0.08725490196078431
44 0.18186813186813186 0.35637254901960785 0.04285714285714286 0.18725490196078431
14 0.08901098901098901 0.3480392156862745 0.041758241758241756 0.13137254901960785
93 0.17747252747252748 0.48627450980392156 0.0456043956043956 0.049019607843137254
47 0.07747252747252747 0.4769607843137255 0.0228021978021978 0.03431372549019608
39 0.34725274725274724 0.5220588235294118 0.01620879120879121 0.025490196078431372
42 0.24010989010989012 0.5225490196078432 0.024725274725274724 0.022549019607843137
42 0.12362637362637363 0.4759803921568627 0.0239010989010989 0.028431372549019607
42 0.8898351648351648 0.5318627450980392 0.025274725274725275 0.03823529411764706
42 0.7870879120879121 0.47352941176470587 0.023626373626373626 0.0392156862745098
93 0.9035714285714286 0.7377450980392157 0.04065934065934066 0.07549019607843137
42 0.8527472527472527 0.8661764705882353 0.02142857142857143 0.045098039215686274
95 0.8217032967032967 0.9686274509803922 0.01703296703296703 0.06274509803921569
39 0.8714285714285714 0.6568627450980392 0.016483516483516484 0.03529411764705882
86 0.801923076923077 0.5416666666666666 0.022527472527472527 0.03333333333333333