25 0.1092880978865406 0.060408163265306125 0.08509454949944383 0.12081632653061225
9 0.10734149054505006 0.24408163265306124 0.08342602892102335 0.12653061224489795
56 0.10817575083426029 0.39183673469387753 0.042269187986651836 0.0636734693877551
65 0.4799777530589544 0.12489795918367347 0.09232480533926585 0.12897959183673469
5 0.4777530589543938 0.31265306122448977 0.09343715239154617 0.12653061224489795
10 0.48081201334816465 0.5016326530612245 0.09454949944382647 0.12163265306122449
33 0.92853170189099 0.03224489795918367 0.04838709677419355 0.06448979591836734
41 0.92853170189099 0.1273469387755102 0.05005561735261402 0.06693877551020408
32 0.9276974416017798 0.2220408163265306 0.05005561735261402 0.07020408163265306
27 0.9296440489432704 0.31183673469387757 0.04838709677419355 0.07020408163265306
63 0.9290878754171301 0.40653061224489795 0.047274749721913235 0.07755102040816327
50 0.9271412680756396 0.4987755102040816 0.047274749721913235 0.07183673469387755
59 0.92880978865406 0.5730612244897959 0.05116796440489433 0.0326530612244898