88 0.30369318181818183 0.12631578947368421 0.03409090909090909 0.12046783625730995
102 0.38636363636363635 0.12456140350877193 0.0971590909090909 0.1286549707602339
101 0.4559659090909091 0.12222222222222222 0.02784090909090909 0.12514619883040937
93 0.6198863636363636 0.4280701754385965 0.0375 0.10292397660818714
102 0.7832386363636363 0.10877192982456141 0.028409090909090908 0.07953216374269007
22 0.21335227272727272 0.5058479532163743 0.015625 0.023391812865497075
42 0.6053977272727272 0.8286549707602339 0.044886363636363634 0.10058479532163743
42 0.6457386363636364 0.7070175438596491 0.045454545454545456 0.09239766081871345
42 0.7025568181818181 0.7093567251461989 0.05454545454545454 0.11461988304093568
39 0.7028409090909091 0.7830409356725146 0.023295454545454546 0.031578947368421054
39 0.7011363636363637 0.6350877192982456 0.022727272727272728 0.023391812865497075
25 0.5644886363636363 0.7093567251461989 0.05227272727272727 0.1064327485380117