48 0.07566168009205984 0.11303555150410209 0.08688147295742232 0.13309024612579762
59 0.5417146144994246 0.025979945305378303 0.0523590333716916 0.05195989061075661
51 0.5425776754890679 0.11531449407474932 0.05063291139240506 0.07383773928896992
60 0.5417146144994246 0.2187784867821331 0.04660529344073648 0.0820419325432999
35 0.7592059838895282 0.021422060164083864 0.023590333716915997 0.02643573381950775
35 0.7416570771001151 0.17092069279854147 0.02186421173762946 0.02643573381950775
1 0.7986191024165707 0.2315405651777575 0.02531645569620253 0.056517775752051046
1 0.974108170310702 0.05788514129443938 0.02186421173762946 0.053783044667274384
42 0.86795166858458 0.059708295350957154 0.037399309551208286 0.06289881494986327
25 0.8058112773302647 0.05879671832269827 0.037399309551208286 0.05742935278030994
93 0.8069620253164557 0.13217866909753875 0.02819332566168009 0.04375569735642662
42 0.7807825086306099 0.17092069279854147 0.01611047180667434 0.027347310847766638
42 0.8242232451093211 0.1690975387420237 0.017836593785960874 0.028258887876025523
25 0.9663406214039125 0.24703737465815861 0.03394706559263521 0.02552415679124886
42 0.9119677790563866 0.05879671832269827 0.03452243958573072 0.05834092980856882
39 0.8026467203682394 0.0036463081130355514 0.014959723820483314 0.007292616226071103
39 0.9119677790563866 0.1089334548769371 0.0189873417721519 0.018231540565177756
17 0.9813003452243959 0.1007292616226071 0.026467203682393557 0.023701002734731084
42 0.9582853855005754 0.019143117593436645 0.018411967779056387 0.020966271649954422
42 0.9942462600690449 0.020966271649954422 0.011507479861910242 0.02187784867821331
104 0.04746835443037975 0.313126709206928 0.0949367088607595 0.10665451230628988
0 0.03481012658227848 0.4567000911577028 0.061565017261219795 0.07657247037374658
29 0.035097813578826235 0.7561531449407475 0.06214039125431531 0.14494074749316319
28 0.0379746835443038 0.9462169553327257 0.047180667433831994 0.10756608933454877
78 0.5480437284234753 0.37465815861440294 0.06386651323360185 0.13673655423883319
76 0.5468929804372842 0.5806745670009116 0.0661680092059839 0.13673655423883319
67 0.5474683544303798 0.7889699179580675 0.06501726121979287 0.14858705560619873
42 0.547180667433832 0.955788514129444 0.06559263521288838 0.08842297174111212