11 0.19173351158645277 0.10379310344827586 0.02551247771836007 0.042413793103448276
61 0.24509803921568626 0.10241379310344828 0.026849376114081995 0.04310344827586207
75 0.2996880570409982 0.10241379310344828 0.02874331550802139 0.04103448275862069
99 0.3532754010695187 0.10344827586206896 0.025846702317290554 0.04
25 0.22627005347593582 0.44482758620689655 0.020499108734402853 0.07655172413793103
42 0.2694964349376114 0.526896551724138 0.021724598930481284 0.08344827586206896
42 0.28810160427807485 0.38689655172413795 0.02016488413547237 0.07655172413793103
42 0.2689393939393939 0.44517241379310346 0.020499108734402853 0.08655172413793104
46 0.3094919786096257 0.5834482758620689 0.009915329768270944 0.05896551724137931
47 0.32798573975044565 0.6520689655172414 0.008355614973262033 0.03620689655172414
46 0.3096033868092692 0.38517241379310346 0.009692513368983958 0.05586206896551724
46 0.294897504456328 0.5244827586206896 0.014705882352941176 0.026551724137931033
46 0.2957887700534759 0.44689655172413795 0.014928698752228164 0.027586206896551724
87 0.30202762923351156 0.6482758620689655 0.02250445632798574 0.044137931034482755