42 0.42337278106508874 0.6025524156791249 0.04881656804733728 0.054694621695533276
42 0.2911242603550296 0.5515041020966271 0.04792899408284024 0.06927985414767548
42 0.2893491124260355 0.6112123974475843 0.04437869822485207 0.037374658158614404
42 0.27603550295857987 0.029626253418413857 0.03254437869822485 0.059252506836827715
42 0.27544378698224853 0.10118505013673655 0.031360946745562134 0.07839562443026436
42 0.41035502958579884 0.02643573381950775 0.051479289940828406 0.0528714676390155
42 0.31597633136094677 0.1659070191431176 0.027810650887573965 0.037374658158614404
42 0.34171597633136097 0.48359161349134 0.03047337278106509 0.03965360072926162
1 0.48284023668639053 0.014585232452142206 0.038461538461538464 0.02917046490428441
95 0.5236686390532544 0.14949863263445762 0.021005917159763313 0.08113035551504102
3 0.3165680473372781 0.008659981768459436 0.034023668639053255 0.01731996353691887
96 0.3464497041420118 0.005925250683682771 0.027810650887573965 0.011850501367365542
48 0.3334319526627219 0.03190519598906107 0.022781065088757397 0.06381039197812215
48 0.35798816568047337 0.6157702825888788 0.019230769230769232 0.02780309936189608
25 0.1772189349112426 0.6367365542388331 0.03727810650887574 0.013673655423883319
25 0.01952662721893491 0.8413855970829535 0.03431952662721893 0.054694621695533276
42 0.14053254437869822 0.6358249772105743 0.03017751479289941 0.011850501367365542
42 0.04970414201183432 0.699179580674567 0.029585798816568046 0.049225159525979945
42 0.07218934911242604 0.8432087511394712 0.03076923076923077 0.04375569735642662
42 0.12130177514792899 0.7105742935278031 0.029585798816568046 0.04649042844120328
42 0.19792899408284023 0.7069279854147675 0.031360946745562134 0.044667274384685506
1 0.08727810650887574 0.6367365542388331 0.02544378698224852 0.013673655423883319
1 0.049112426035502955 0.6399270738377393 0.02485207100591716 0.020054694621695533
1 0.1378698224852071 0.9594348222424794 0.020118343195266272 0.056517775752051046
1 0.13698224852071006 0.7853236098450319 0.020710059171597635 0.0528714676390155
46 0.24970414201183433 0.703281677301732 0.01893491124260355 0.020966271649954422
46 0.07071005917159763 0.6649954421148587 0.022485207100591716 0.02187784867821331
46 0.15798816568047339 0.695077484047402 0.01893491124260355 0.015496809480401094
22 0.18076923076923077 0.7898814949863263 0.011834319526627219 0.02552415679124886
22 0.18136094674556213 0.9585232452142206 0.011834319526627219 0.020054694621695533
22 0.1547337278106509 0.9963536918869644 0.013609467455621301 0.007292616226071103
22 0.10236686390532544 0.6659070191431176 0.013609467455621301 0.020966271649954422
22 0.03727810650887574 0.6659070191431176 0.014201183431952662 0.020054694621695533
22 0.15414201183431953 0.7493163172288059 0.014792899408284023 0.019143117593436645
7 0.1863905325443787 0.9927073837739289 0.033136094674556214 0.014585232452142206
93 0.12840236686390533 0.8331814038286235 0.027218934911242602 0.04557885141294439
42 0.12189349112426036 0.6649954421148587 0.01775147928994083 0.022789425706472195
42 0.18254437869822485 0.8327256153144941 0.015976331360946745 0.02552415679124886
42 0.1819526627218935 0.9170464904284412 0.015976331360946745 0.024612579762989972
42 0.12130177514792899 0.9954421148587056 0.014201183431952662 0.009115770282588878
42 0.013609467455621301 0.6654512306289881 0.018343195266272188 0.023701002734731084
7 0.1881656804733728 0.7538742023701003 0.03727810650887574 0.02643573381950775
42 0.12189349112426036 0.7493163172288059 0.020118343195266272 0.02187784867821331
38 0.07248520710059171 0.6969006381039198 0.01893491124260355 0.023701002734731084
95 0.23994082840236686 0.7105742935278031 0.008284023668639054 0.05195989061075661
33 0.8319526627218935 0.723792160437557 0.04674556213017751 0.07930720145852324
41 0.76301775147929 0.723792160437557 0.0485207100591716 0.0820419325432999
32 0.6943786982248521 0.7224247948951686 0.05088757396449704 0.0820419325432999
27 0.6292899408284024 0.7256153144940748 0.05088757396449704 0.07930720145852324
63 0.5606508875739645 0.7247037374658158 0.05621301775147929 0.07748404740200547
50 0.4937869822485207 0.7215132178669098 0.05207100591715976 0.07748404740200547
59 0.4257396449704142 0.7247037374658158 0.05207100591715976 0.08386508659981769
51 0.3585798816568047 0.7260711030082042 0.0485207100591716 0.08021877848678213
60 0.2911242603550296 0.7247037374658158 0.05325443786982249 0.07474931631722881