90 0.008064516129032258 0.2166199813258637 0.016129032258064516 0.12138188608776844
43 0.00913978494623656 0.3753501400560224 0.01827956989247312 0.12138188608776844
107 0.4521505376344086 0.05835667600373483 0.044623655913978495 0.08123249299719888
92 0.45161290322580644 0.2161531279178338 0.04516129032258064 0.07936507936507936
105 0.45161290322580644 0.3739495798319328 0.0478494623655914 0.07936507936507936
106 0.4521505376344086 0.5364145658263305 0.046236559139784944 0.08216619981325864
46 0.6994623655913978 0.7899159663865546 0.016129032258064516 0.04855275443510738
46 0.7916666666666666 0.7894491129785247 0.013440860215053764 0.04855275443510738
39 0.6223118279569892 0.8800186741363212 0.006989247311827957 0.025210084033613446
39 0.6889784946236559 0.8790849673202614 0.006989247311827957 0.02707749766573296
39 0.8263440860215053 0.8790849673202614 0.0064516129032258064 0.02427637721755369
39 0.8768817204301075 0.8795518207282913 0.005376344086021506 0.02427637721755369
39 0.9193548387096774 0.8800186741363212 0.007526881720430108 0.02334267040149393
39 0.9967741935483871 0.8790849673202614 0.0064516129032258064 0.02334267040149393
39 0.6997311827956989 0.8445378151260504 0.01935483870967742 0.011204481792717087
39 0.7913978494623656 0.8445378151260504 0.01827956989247312 0.013071895424836602