102 0.47409172126265636 0.1187214611872146 0.06551518761167362 0.2374429223744292
101 0.47558070279928527 0.3432267884322679 0.06372840976771887 0.1719939117199391
25 0.05807027992852889 0.4627092846270928 0.025908278737343658 0.0395738203957382
46 0.05807027992852889 0.5045662100456622 0.011614055985705777 0.0289193302891933
42 0.22751637879690292 0.4634703196347032 0.025908278737343658 0.0471841704718417
79 0.44103633114949375 0.5243531202435312 0.019952352590827872 0.0258751902587519
23 0.4654556283502085 0.525875190258752 0.011614055985705777 0.03120243531202435
65 0.5107206670637284 0.4528158295281583 0.04228707564026206 0.0471841704718417
73 0.5318642048838594 0.525875190258752 0.07087552114353782 0.05251141552511415
3 0.09291244788564622 0.5312024353120244 0.023228111971411555 0.02968036529680365
79 0.022632519356759976 0.528158295281583 0.02054794520547945 0.01750380517503805
29 0.22721858248957713 0.517503805175038 0.02114353782013103 0.0410958904109589
7 0.27010125074449076 0.4452054794520548 0.016081000595592615 0.0319634703196347
42 0.7159023228111971 0.784627092846271 0.04645622394282311 0.1126331811263318