30 0.2543295398317664 0.0673076923076923 0.05343889163780307 0.042986425339366516
71 0.3374567046016823 0.09671945701357466 0.0752102919346858 0.19343891402714933
97 0.4210786739238001 0.0667420814479638 0.042058386937159825 0.09389140271493213
18 0.49950519544779814 0.0661764705882353 0.01583374567046017 0.07239819004524888
42 0.6635329045027214 0.2420814479638009 0.01682335477486393 0.03506787330316742
42 0.6867887184562098 0.3495475113122172 0.01880257298367145 0.0418552036199095
42 0.760019792182088 0.34785067873303166 0.01682335477486393 0.03959276018099547
3 0.7911924789708066 0.4745475113122172 0.012864918357248886 0.010180995475113122
64 0.91316180108857 0.4321266968325792 0.014844136566056407 0.03959276018099547
7 0.7449282533399307 0.2748868778280543 0.026719445818901535 0.030542986425339366
42 0.7365165759524988 0.2420814479638009 0.01880257298367145 0.03619909502262444
29 0.785254824344384 0.34898190045248867 0.01880257298367145 0.033936651583710405
29 0.7115289460663038 0.34841628959276016 0.02028698664027709 0.042986425339366516
29 0.6390400791687284 0.3501131221719457 0.02078179119247897 0.03733031674208145
7 0.6734289955467591 0.2737556561085973 0.023255813953488372 0.03167420814479638
25 0.9406234537357744 0.8512443438914027 0.03859475507174666 0.08823529411764706