54 0.13759355210132412 0.09519650655021834 0.0892343120322395 0.13449781659388646
57 0.13932066781807714 0.28951965065502183 0.08750719631548647 0.1406113537117904
26 0.13989637305699482 0.48951965065502184 0.0955670696603339 0.13973799126637554
1 0.4527921704087507 0.16899563318777291 0.0063327576280944155 0.056768558951965066
1 0.5115141047783535 0.22489082969432314 0.046632124352331605 0.03580786026200873
25 0.49740932642487046 0.496943231441048 0.04519286125503742 0.049344978165938864
42 0.5043177892918825 0.27991266375545854 0.018422567645365574 0.024017467248908297
25 0.5103626943005182 0.04890829694323144 0.04461715601611975 0.05021834061135371
1 0.5256188831318365 0.3148471615720524 0.02475532527345999 0.049344978165938864
1 0.4579735175590098 0.46244541484716156 0.01669545192861255 0.03580786026200873
1 0.5166954519286125 0.4375545851528384 0.04605641911341393 0.033624454148471615
17 0.5328151986183074 0.3532751091703057 0.031088082901554404 0.01921397379912664
42 0.4608520437535982 0.31572052401746725 0.022452504317789293 0.048034934497816595
25 0.08952216465169834 0.5991266375545852 0.048934945308002305 0.03842794759825328
93 0.016119746689694875 0.9218340611353711 0.03223949337938975 0.06724890829694323
86 0.4378238341968912 0.9331877729257642 0.022452504317789293 0.032314410480349345
56 0.11629245826137018 0.9847161572052402 0.02648244099021301 0.03056768558951965
42 0.08837075417386298 0.990829694323144 0.04432930339666091 0.01834061135371179