42 0.9508875739644971 0.32087511394712853 0.020118343195266272 0.03099361896080219
42 0.8680473372781065 0.3195077484047402 0.02485207100591716 0.03372835004557885
42 0.7855029585798816 0.31859617137648133 0.018343195266272188 0.032816773017319965
42 0.9266272189349113 0.2365542388331814 0.021301775147928994 0.03463992707383774
42 0.8423076923076923 0.23701002734731086 0.021893491124260357 0.03099361896080219
42 0.7609467455621302 0.23701002734731086 0.023668639053254437 0.03099361896080219
29 0.9798816568047337 0.23701002734731086 0.02544378698224852 0.02917046490428441
29 0.8952662721893491 0.23701002734731086 0.03076923076923077 0.023701002734731084
29 0.8115384615384615 0.23883318140382861 0.028994082840236687 0.027347310847766638
29 0.7301775147928994 0.23883318140382861 0.02485207100591716 0.027347310847766638
7 0.7724852071005918 0.29626253418413856 0.023076923076923078 0.02552415679124886
7 0.9405325443786983 0.29489516864175025 0.028402366863905324 0.024612579762989972
7 0.857396449704142 0.29489516864175025 0.03017751479289941 0.020966271649954422
2 0.7251479289940829 0.07201458523245215 0.014792899408284023 0.028258887876025523
2 0.8079881656804734 0.05879671832269827 0.014201183431952662 0.027347310847766638
2 0.8893491124260355 0.04512306289881495 0.016568047337278107 0.0300820419325433
2 0.9748520710059172 0.03236098450319052 0.014201183431952662 0.02552415679124886
42 0.7579881656804733 0.01276207839562443 0.022485207100591716 0.02552415679124886
42 0.8414201183431953 0.014585232452142206 0.020118343195266272 0.02917046490428441
42 0.9245562130177515 0.013217866909753875 0.01952662721893491 0.02643573381950775
46 0.9887573964497042 0.012306289881494986 0.014201183431952662 0.016408386508659983
46 0.9047337278106509 0.010938924339106655 0.016568047337278107 0.02187784867821331
46 0.821301775147929 0.014129443938012761 0.015976331360946745 0.019143117593436645
46 0.7372781065088757 0.013673655423883319 0.013609467455621301 0.016408386508659983
42 0.1668639053254438 0.4161349134001823 0.054437869822485205 0.03372835004557885
42 0.17899408284023668 0.5350957155879672 0.05207100591715976 0.05834092980856882
25 0.09644970414201183 0.5282588878760255 0.06331360946745562 0.06289881494986327
42 0.3784023668639053 0.4699179580674567 0.029585798816568046 0.02780309936189608
74 0.2076923076923077 0.4439380127620784 0.0363905325443787 0.07748404740200547
22 0.2594674556213018 0.47174111212397446 0.02396449704142012 0.02643573381950775
59 0.9547337278106509 0.7265268915223336 0.05207100591715976 0.08386508659981769
51 0.8875739644970414 0.727894257064722 0.0485207100591716 0.08021877848678213
60 0.8201183431952662 0.7265268915223336 0.05325443786982249 0.07474931631722881