49 0.456508875739645 0.1882673942701228 0.08698224852071006 0.2019099590723056
66 0.45680473372781066 0.49931787175989084 0.09230769230769231 0.21418826739427013
37 0.9733727810650887 0.10709413369713507 0.021301775147928994 0.03956343792633015
39 0.8186390532544379 0.33356070941336974 0.0242603550295858 0.0286493860845839
1 0.9260355029585798 0.844474761255116 0.04378698224852071 0.06275579809004093
1 0.9671597633136094 0.8751705320600273 0.03609467455621302 0.05593451568894952
25 0.8363905325443787 0.7776261937244202 0.0378698224852071 0.0791268758526603
42 0.8130177514792899 0.9529331514324693 0.017159763313609466 0.04365620736698499
42 0.857396449704142 0.9488403819918144 0.018343195266272188 0.040927694406548434
93 0.8402366863905325 0.892905866302865 0.03254437869822485 0.06684856753069578
42 0.9822485207100592 0.781718963165075 0.03550295857988166 0.08185538881309687
42 0.9023668639053254 0.7755798090040927 0.04142011834319527 0.09140518417462483
35 0.7724852071005918 0.9502046384720327 0.020118343195266272 0.036834924965893585
86 0.9260355029585798 0.888130968622101 0.015976331360946745 0.04638472032742155
86 0.9730769230769231 0.9829467939972715 0.018343195266272188 0.034106412005457026