65 0.03905325443786982 0.07566089334548769 0.07810650887573964 0.1440291704649043
5 0.03816568047337278 0.28486782133090244 0.07633136094674556 0.14129443938012762
10 0.03994082840236687 0.45897903372835 0.07988165680473373 0.061075660893345485
41 0.4896449704142012 0.07839562443026436 0.020710059171597635 0.07474931631722881
32 0.4893491124260355 0.18413855970829535 0.021301775147928994 0.07839562443026436
27 0.4908284023668639 0.284412032816773 0.018343195266272188 0.07839562443026436
63 0.4908284023668639 0.38969917958067457 0.018343195266272188 0.08659981768459435
42 0.6124260355029586 0.1317228805834093 0.05088757396449704 0.07748404740200547
42 0.7272189349112426 0.30446672743846853 0.022485207100591716 0.040109389243391066
42 0.8236686390532545 0.17000911577028258 0.02603550295857988 0.044667274384685506
42 0.9431952662721893 0.41522333637192343 0.028402366863905324 0.03919781221513218
46 0.7650887573964497 0.03919781221513218 0.022485207100591716 0.0601640838650866
46 0.7609467455621302 0.4585232452142206 0.021301775147928994 0.0601640838650866
93 0.7609467455621302 0.22880583409298086 0.047337278106508875 0.07110300820419325
93 0.8946745562130177 0.37830446672743845 0.04260355029585799 0.07474931631722881
42 0.8869822485207101 0.21103008204193255 0.05088757396449704 0.07566089334548769
22 0.728698224852071 0.35733819507748404 0.027810650887573965 0.03646308113035551
22 0.9461538461538461 0.46855059252506837 0.022485207100591716 0.032816773017319965
22 0.9828402366863905 0.04831358249772106 0.022485207100591716 0.03463992707383774
1 0.6899408284023668 0.26618049225159524 0.054437869822485205 0.04375569735642662
7 0.9502958579881656 0.25752051048313584 0.033136094674556214 0.08842297174111212
93 0.7816568047337278 0.12215132178669097 0.03905325443786982 0.05834092980856882
7 0.7304733727810651 0.15861440291704648 0.03372781065088758 0.08021877848678213
86 0.8423076923076923 0.2310847766636281 0.028402366863905324 0.04375569735642662
86 0.6650887573964497 0.20692798541476753 0.027810650887573965 0.04740200546946217
86 0.9881656804733728 0.20692798541476753 0.023668639053254437 0.049225159525979945
86 0.6621301775147929 0.3272561531449407 0.029585798816568046 0.037374658158614404
42 0.9807692307692307 0.005925250683682771 0.01952662721893491 0.011850501367365542
11 0.30532544378698223 0.5173199635369189 0.05088757396449704 0.05560619872379216
61 0.30680473372781064 0.662260711030082 0.051479289940828406 0.07748404740200547
75 0.30680473372781064 0.8199635369188697 0.049112426035502955 0.0829535095715588
99 0.3056213017751479 0.9685505925250684 0.04792899408284024 0.06289881494986327
42 0.7337278106508875 0.536918869644485 0.04142011834319527 0.049225159525979945
42 0.7594674556213018 0.6431175934366454 0.03609467455621302 0.04831358249772106
42 0.6683431952662722 0.7743846855059252 0.022485207100591716 0.028258887876025523
42 0.692603550295858 0.7392889699179581 0.01893491124260355 0.027347310847766638
42 0.7144970414201184 0.7752962625341842 0.02544378698224852 0.0300820419325433
46 0.6618343195266272 0.6987237921604376 0.031360946745562134 0.027347310847766638
46 0.7849112426035503 0.6982680036463081 0.02544378698224852 0.028258887876025523
46 0.8559171597633136 0.6025524156791249 0.01952662721893491 0.04557885141294439
46 0.6615384615384615 0.5984503190519599 0.0242603550295858 0.02643573381950775
1 0.6884615384615385 0.6344576116681859 0.02603550295857988 0.053783044667274384
1 0.8810650887573964 0.5510483135824977 0.03431952662721893 0.03646308113035551
1 0.7665680473372781 0.7274384685505926 0.023076923076923078 0.053783044667274384
22 0.7106508875739646 0.695077484047402 0.015976331360946745 0.02552415679124886
22 0.758284023668639 0.6959890610756609 0.01301775147928994 0.02187784867821331
49 0.5508875739644971 0.5660893345487694 0.03609467455621302 0.059252506836827715
94 0.8467455621301775 0.5861440291704649 0.03431952662721893 0.016408386508659983
47 0.7079881656804734 0.5948040109389243 0.027810650887573965 0.020966271649954422
47 0.7251479289940829 0.6604375569735643 0.000591715976331361 0.0009115770282588879
29 0.7331360946745562 0.6800364630811303 0.026627218934911243 0.0528714676390155
25 0.5233727810650888 0.5150410209662717 0.038461538461538464 0.05104831358249772
56 0.7494082840236687 0.5159525979945305 0.021893491124260357 0.023701002734731084