30 0.1851100811123986 0.21306122448979592 0.031286210892236384 0.035510204081632656
71 0.23406720741599074 0.21428571428571427 0.0440324449594438 0.20775510204081632
97 0.2827346465816918 0.21224489795918366 0.0246234067207416 0.07795918367346939
18 0.328505214368482 0.21183673469387754 0.009269988412514484 0.06
46 0.6764194669756662 0.6742857142857143 0.019698725376593278 0.044897959183673466
46 0.6095017381228274 0.7612244897959184 0.027809965237543453 0.031020408163265307
46 0.683082271147161 0.9955102040816326 0.030127462340672075 0.008979591836734694
46 0.5457705677867902 0.7277551020408163 0.012746234067207415 0.03183673469387755
22 0.6769988412514485 0.7261224489795919 0.017960602549246814 0.02857142857142857
25 0.8337195828505214 0.9461224489795919 0.05214368482039398 0.06857142857142857
42 0.9157010428736964 0.946530612244898 0.0492468134414832 0.06693877551020408
42 0.9742178447276941 0.9457142857142857 0.051564310544611816 0.07428571428571429
39 0.9745075318655851 0.9938775510204082 0.01853997682502897 0.012244897959183673
39 0.9753765932792584 0.8975510204081633 0.017960602549246814 0.014693877551020407
46 0.9942062572421785 0.6510204081632653 0.011587485515643106 0.022040816326530613