30 0.23993095512082854 0.027070063694267517 0.02186421173762946 0.054140127388535034
71 0.23906789413118526 0.1762208067940552 0.12715765247410818 0.1613588110403397
97 0.24021864211737629 0.3497876857749469 0.047756041426927506 0.07961783439490445
25 0.8193325661680092 0.10721868365180467 0.035097813578826235 0.06581740976645435
25 0.9073647871116226 0.20435244161358812 0.0333716915995397 0.06369426751592357
46 0.60385500575374 0.11571125265392782 0.02531645569620253 0.028662420382165606
46 0.7154775604142692 0.27335456475583864 0.019562715765247412 0.02653927813163482
95 0.7111622554660529 0.04936305732484077 0.015535097813578827 0.05626326963906582
17 0.6087456846950517 0.16825902335456475 0.014959723820483314 0.04670912951167728
42 0.8529919447640967 0.20382165605095542 0.035097813578826235 0.07112526539278131
30 0.5949367088607594 0.05573248407643312 0.012658227848101266 0.036093418259023353
95 0.654487917146145 0.37208067940552014 0.03452243958573072 0.02653927813163482
93 0.022151898734177215 0.41029723991507433 0.03624856156501726 0.041401273885350316
42 0.34896432681242806 0.4177282377919321 0.01726121979286536 0.027070063694267517
42 0.32422324510932105 0.39490445859872614 0.037399309551208286 0.010615711252653927
25 0.25604142692750287 0.4118895966029724 0.04142692750287687 0.044585987261146494
35 0.39902186421173763 0.5387473460721869 0.026754890678941313 0.029723991507430998
1 0.04574223245109321 0.5435244161358811 0.03624856156501726 0.0589171974522293
42 0.048043728423475256 0.4851380042462845 0.047756041426927506 0.05467091295116773
78 0.8541426927502876 0.554140127388535 0.08803222094361335 0.1592356687898089
76 0.8524165707710012 0.7940552016985138 0.08918296892980437 0.1592356687898089
67 0.8529919447640967 0.9750530785562632 0.08803222094361335 0.049893842887473464