79 0.012254901960784314 0.07 0.016822638146167558 0.04586206896551724
19 0.011920677361853833 0.2103448275862069 0.016377005347593582 0.05413793103448276
47 0.01214349376114082 0.35 0.016711229946524065 0.04586206896551724
13 0.011920677361853833 0.4924137931034483 0.015040106951871657 0.06586206896551725
88 0.14962121212121213 0.0703448275862069 0.015931372549019607 0.04931034482758621
102 0.1498440285204991 0.19 0.017045454545454544 0.1406896551724138
101 0.1501782531194296 0.34206896551724136 0.016599821746880572 0.14310344827586208
103 0.14950980392156862 0.47965517241379313 0.015819964349376114 0.1206896551724138
42 0.4593360071301248 0.4986206896551724 0.023841354723707665 0.025517241379310347
46 0.4514260249554367 0.37344827586206897 0.026403743315508023 0.019310344827586208
46 0.45499108734402854 0.44413793103448274 0.029077540106951873 0.020689655172413793
42 0.5105837789661319 0.4996551724137931 0.023841354723707665 0.019310344827586208
29 0.5403297682709447 0.43137931034482757 0.025735294117647058 0.039310344827586205
47 0.5035650623885918 0.3720689655172414 0.025735294117647058 0.018620689655172412
22 0.5134803921568627 0.4437931034482759 0.019830659536541888 0.022068965517241378
22 0.5660650623885918 0.44241379310344825 0.01392602495543672 0.017241379310344827
46 0.5984848484848485 0.443448275862069 0.025735294117647058 0.019310344827586208
42 0.4860739750445633 0.4731034482758621 0.019162210338680926 0.022758620689655173
42 0.5697415329768271 0.40379310344827585 0.04233511586452763 0.03413793103448276
56 0.5588235294117647 0.3137931034482759 0.027740641711229946 0.018620689655172412
42 0.5396613190730838 0.32862068965517244 0.03899286987522282 0.03413793103448276
42 0.3334447415329768 0.2803448275862069 0.03308823529411765 0.03206896551724138
42 0.3700980392156863 0.28172413793103446 0.03498217468805704 0.03620689655172414
42 0.33077094474153296 0.17379310344827587 0.03498217468805704 0.03482758620689655
25 0.2660427807486631 0.17413793103448275 0.012477718360071301 0.04482758620689655
49 0.267825311942959 0.22137931034482758 0.016042780748663103 0.04275862068965517
42 0.401849376114082 0.24413793103448275 0.018493761140819964 0.022758620689655173
1 0.48150623885918004 0.4003448275862069 0.029077540106951873 0.04551724137931035
1 0.5749777183600713 0.46586206896551724 0.025735294117647058 0.041379310344827586
42 0.6225490196078431 0.16034482758620688 0.03375668449197861 0.041379310344827586
25 0.6820409982174688 0.15931034482758621 0.040998217468805706 0.039310344827586205
49 0.7107843137254902 0.20172413793103447 0.04367201426024955 0.046206896551724136
42 0.5591577540106952 0.22586206896551725 0.023172905525846704 0.02413793103448276
42 0.5914661319073083 0.2596551724137931 0.03308823529411765 0.032758620689655175
42 0.6297905525846702 0.2613793103448276 0.03631907308377896 0.032758620689655175
95 0.3948306595365419 0.08689655172413793 0.04032976827094474 0.018620689655172412
3 0.3181818181818182 0.24551724137931036 0.029745989304812835 0.019310344827586208
3 0.6453877005347594 0.22689655172413792 0.025735294117647058 0.02
49 0.3373440285204991 0.2306896551724138 0.015819964349376114 0.014137931034482758
49 0.6248885918003565 0.2110344827586207 0.019162210338680926 0.016551724137931035
96 0.3162878787878788 0.2189655172413793 0.01715686274509804 0.017241379310344827
96 0.6443850267379679 0.2006896551724138 0.01715686274509804 0.017241379310344827
49 0.0912433155080214 0.7337931034482759 0.056372549019607844 0.14206896551724138