36 0.30365093499554763 0.5722972972972973 0.04630454140694568 0.033783783783783786
44 0.15138023152270705 0.5540540540540541 0.034728406055209264 0.07027027027027027
14 0.0761353517364203 0.5675675675675675 0.03383793410507569 0.043243243243243246
93 0.48753339269813 0.522972972972973 0.015138023152270703 0.043243243243243246
42 0.30943900267141583 0.8324324324324325 0.02404274265360641 0.051351351351351354
42 0.3121104185218166 0.8331081081081081 0.020926090828138913 0.05945945945945946
42 0.2464381121994657 0.6182432432432432 0.020926090828138913 0.05810810810810811
93 0.3303650934995548 0.7358108108108108 0.031166518254674976 0.08783783783783784
46 0.16852181656277826 0.6993243243243243 0.02715939447907391 0.06351351351351352
93 0.2842831700801425 0.6972972972972973 0.032056990204808546 0.10945945945945947
7 0.31544968833481746 0.6270270270270271 0.03383793410507569 0.06621621621621622
22 0.22105966162065896 0.6141891891891892 0.015583259127337488 0.0472972972972973
86 0.2776046304541407 0.797972972972973 0.016918967052537846 0.05945945945945946
46 0.7359750667853963 0.7547297297297297 0.029385574354407838 0.05540540540540541
42 0.6907836153161175 0.9459459459459459 0.03784505788067676 0.10810810810810811