101 0.0631328171530673 0.218125 0.10363311494937463 0.13375
103 0.16289458010720667 0.223125 0.08755211435378202 0.1275
42 0.024121500893388922 0.715625 0.03216200119118523 0.0875
42 0.09350804050029779 0.66125 0.03156640857653365 0.07625
42 0.17927337701012508 0.85375 0.01846337105419893 0.0475
42 0.1563430613460393 0.8025 0.01786777843954735 0.04
42 0.17986896962477666 0.75625 0.019058963668850508 0.05375
46 0.12983918999404406 0.8675 0.01786777843954735 0.06625
46 0.1295413936867183 0.6175 0.01846337105419893 0.035
46 0.06432400238237046 0.868125 0.017272185824895772 0.05125
1 0.0878499106611078 0.81125 0.03513996426444312 0.055
1 0.14860035735556879 0.64625 0.03513996426444312 0.04875
22 0.12745681953543775 0.764375 0.016676593210244194 0.03375
22 0.12805241215008933 0.66375 0.01429422275163788 0.0275
47 0.061941631923764146 0.77 0.0136986301369863 0.05875
47 0.10482430017867779 0.73375 0.0005955926146515784 0.00125
29 0.11762954139368671 0.716875 0.034544371649791544 0.05625
56 0.01042287075640262 0.6825 0.015485407980941036 0.04625
25 0.5229303156640858 0.84 0.03156640857653365 0.06625
42 0.8445503275759381 0.776875 0.02858844550327576 0.06125
42 0.9127456819535438 0.9225 0.02799285288862418 0.06
49 0.5238237045860631 0.7075 0.030375223347230494 0.0625