17 0.006904487917146145 0.03160040774719674 0.01380897583429229 0.06320081549439348
90 0.01812428078250863 0.20489296636085627 0.03624856156501726 0.1325178389398573
43 0.019275028768699656 0.3781855249745158 0.03855005753739931 0.1325178389398573
76 0.6654200230149597 0.03160040774719674 0.08918296892980437 0.06320081549439348
67 0.666283084004603 0.22018348623853212 0.08803222094361335 0.16615698267074414
42 0.6654200230149597 0.4332313965341488 0.08803222094361335 0.1529051987767584
42 0.0811277330264672 0.7283384301732926 0.04372842347525892 0.07849133537206932
93 0.119102416570771 0.8037716615698267 0.03682393555811277 0.06829765545361875
93 0.20598388952819333 0.9398572884811417 0.039125431530494824 0.06625891946992865
42 0.35097813578826237 0.9133537206931702 0.0379746835443038 0.07951070336391437
42 0.16915995397008055 0.8613659531090724 0.024165707710011506 0.03873598369011213
42 0.24424626006904487 0.8613659531090724 0.023590333716915997 0.03669724770642202
8 0.3158803222094361 0.8496432212028542 0.023590333716915997 0.07339449541284404
8 0.08630609896432681 0.8521916411824668 0.023590333716915997 0.0672782874617737
22 0.286536248561565 0.8623853211009175 0.01611047180667434 0.029561671763506627
22 0.08256616800920598 0.9699286442405708 0.01611047180667434 0.0326197757390418
22 0.3227848101265823 0.9500509683995922 0.01668584579976985 0.0254841997961264
22 0.13118527042577677 0.8618756371049949 0.01726121979286536 0.0326197757390418