107 0.27844671884406985 0.016439909297052153 0.052378085490668275 0.032879818594104306
92 0.3801926550270921 0.017006802721088437 0.051173991571342566 0.034013605442176874
105 0.4819385912101144 0.01870748299319728 0.051173991571342566 0.03741496598639456
42 0.27513546056592414 0.8208616780045351 0.024081878386514148 0.045351473922902494
42 0.3573148705599037 0.7125850340136054 0.049367850692354005 0.10090702947845805
42 0.46598434677904876 0.8605442176870748 0.024683925346177003 0.05668934240362812
42 0.4653822998193859 0.54421768707483 0.026490066225165563 0.05442176870748299
42 0.27393136664659845 0.4126984126984127 0.028898254063816978 0.04308390022675737
22 0.46598434677904876 0.47278911564625853 0.018663455749548464 0.035147392290249435
22 0.46598434677904876 0.6156462585034014 0.021673690547862733 0.03968253968253968
22 0.46598434677904876 0.780045351473923 0.017459361830222758 0.036281179138321996
42 0.5228777844671885 0.927437641723356 0.013847080072245636 0.05668934240362812
86 0.5174593618302228 0.70578231292517 0.024683925346177003 0.03968253968253968
46 0.4966887417218543 0.5861678004535147 0.027092113184828417 0.049886621315192746
1 0.5105358217941 0.44047619047619047 0.03853100541842264 0.06689342403628118
29 0.4515352197471403 0.7142857142857143 0.052980132450331126 0.05895691609977324
42 0.405478627332932 0.6026077097505669 0.051173991571342566 0.08843537414965986
22 0.22697170379289586 0.81859410430839 0.022877784467188442 0.05215419501133787
22 0.22576760987357014 0.41383219954648526 0.02107164358819988 0.04308390022675737
22 0.14659843467790487 0.6173469387755102 0.018061408789885613 0.04081632653061224
1 0.1806140878988561 0.7273242630385488 0.034918723660445516 0.11337868480725624
1 0.1670680313064419 0.9654195011337868 0.0403371462974112 0.0691609977324263
1 0.17790487658037327 0.49829931972789115 0.036122817579771226 0.11224489795918367
95 0.14840457555689343 0.5498866213151927 0.018061408789885613 0.07936507936507936
22 0.16435881998795907 0.9007936507936508 0.027694160144491272 0.045351473922902494
39 0.7477423239012643 0.6349206349206349 0.012642986152919929 0.046485260770975055