36 0.04524089306698002 0.020945945945945947 0.06110458284371328 0.041891891891891894
44 0.24618096357226793 0.03986486486486487 0.045828437132784956 0.07972972972972973
14 0.345475910693302 0.026351351351351353 0.04465334900117509 0.052702702702702706
11 0.5972385428907168 0.24054054054054055 0.04759106933019976 0.11621621621621622
61 0.6965334900117509 0.23716216216216215 0.0499412455934195 0.11756756756756757
75 0.7981786133960047 0.23716216216216215 0.05346650998824912 0.11216216216216217
99 0.8980611045828437 0.2391891891891892 0.0481786133960047 0.10945945945945947
42 0.10987074030552292 0.5033783783783784 0.036427732079905996 0.05
96 0.15951821386603995 0.5236486486486487 0.019095182138660398 0.032432432432432434
3 0.18243243243243243 0.525 0.021739130434782608 0.03986486486486487
42 0.1818448883666275 0.4222972972972973 0.018213866039952998 0.006756756756756757
42 0.21592244418331374 0.5013513513513513 0.033196239717978845 0.051351351351351354
48 0.16803760282021152 0.4966216216216216 0.01527614571092832 0.019594594594594596
42 0.6518801410105758 0.7614864864864865 0.035840188014101056 0.08648648648648649
42 0.7144535840188014 0.7013513513513514 0.029964747356051705 0.08783783783783784
42 0.799647473560517 0.897972972972973 0.01762632197414806 0.043243243243243246
42 0.7776145710928319 0.8445945945945946 0.0199764982373678 0.041891891891891894
42 0.8014101057579318 0.7952702702702703 0.018213866039952998 0.05405405405405406
46 0.6944770857814336 0.43986486486486487 0.0199764982373678 0.031081081081081083
46 0.7520564042303173 0.9148648648648648 0.014688601645123384 0.05540540540540541
46 0.7508813160987075 0.7554054054054054 0.01410105757931845 0.04864864864864865
46 0.7511750881316098 0.6412162162162162 0.01410105757931845 0.05810810810810811
22 0.7520564042303173 0.8074324324324325 0.014688601645123384 0.033783783783783786
22 0.750587544065805 0.7033783783783784 0.011750881316098707 0.03783783783783784
47 0.6900705052878966 0.8087837837837838 0.01645123384253819 0.05540540540540541
46 0.6891891891891891 0.9135135135135135 0.017038777908343124 0.05405405405405406
38 0.7291421856639247 0.7601351351351351 0.015863689776733254 0.0472972972972973