30 0.11881720430107527 0.03968253968253968 0.05806451612903226 0.035480859010270774
71 0.20913978494623656 0.0718954248366013 0.08172043010752689 0.1437908496732026
97 0.3 0.0392156862745098 0.0456989247311828 0.07749766573295985
18 0.38521505376344084 0.038748832866479926 0.017204301075268817 0.059757236227824466
42 0.5276881720430108 0.26517273576097106 0.025 0.011671335200746966
39 0.5005376344086021 0.21942110177404295 0.01935483870967742 0.012605042016806723
39 0.5381720430107527 0.20821661998132587 0.02768817204301075 0.018207282913165267
17 0.524731182795699 0.24136321195144725 0.01935483870967742 0.028011204481792718
25 0.27338709677419354 0.46218487394957986 0.08118279569892473 0.08590102707749767
9 0.39543010752688174 0.4635854341736695 0.08333333333333333 0.08870214752567694
39 0.6403225806451613 0.9565826330532213 0.013440860215053764 0.013071895424836602
39 0.6400537634408602 0.8216619981325863 0.013440860215053764 0.012138188608776844
39 0.6395161290322581 0.7063492063492064 0.015591397849462365 0.011204481792717087
39 0.639247311827957 0.5452847805788982 0.015053763440860216 0.012138188608776844
39 0.6290322580645161 0.4598506069094304 0.006989247311827957 0.022408963585434174
46 0.6876344086021505 0.45938375350140054 0.02956989247311828 0.026143790849673203
93 0.5690860215053763 0.53828197945845 0.037096774193548385 0.06349206349206349
39 0.5301075268817205 0.4598506069094304 0.008602150537634409 0.02427637721755369