100 0.2881903642773208 0.04468325791855204 0.05229142185663925 0.07126696832579185
44 0.2878965922444183 0.23868778280542988 0.11750881316098707 0.08823529411764706
14 0.2802585193889542 0.4230769230769231 0.07873090481786134 0.07239819004524888
42 0.595475910693302 0.005656108597285068 0.035840188014101056 0.011312217194570135
42 0.6921269095182139 0.006221719457013574 0.03055229142185664 0.012443438914027148
3 0.6580493537015276 0.020361990950226245 0.023501762632197415 0.038461538461538464
25 0.7121034077555817 0.1430995475113122 0.03760282021151586 0.06221719457013575
46 0.9744418331374853 0.04807692307692308 0.012338425381903642 0.04411764705882353
96 0.6574618096357226 0.06447963800904978 0.012925969447708578 0.04072398190045249
3 0.5740305522914219 0.019230769230769232 0.008225616921269096 0.038461538461538464
35 0.7429494712103408 0.21889140271493213 0.020564042303172738 0.032805429864253395
35 0.7423619271445359 0.3585972850678733 0.019388954171562868 0.033936651583710405
35 0.950352526439483 0.01583710407239819 0.021739130434782608 0.03167420814479638
48 0.6477673325499412 0.042986425339366516 0.028789659224441832 0.027149321266968326
42 0.0681551116333725 0.5475113122171946 0.022326674500587545 0.04751131221719457
42 0.022914218566392478 0.48925339366515835 0.02702702702702703 0.0418552036199095
42 0.372502937720329 0.5520361990950227 0.05229142185663925 0.09276018099547512
42 0.1301410105757932 0.7550904977375565 0.02702702702702703 0.04411764705882353
42 0.29582843713278495 0.7562217194570136 0.02937720329024677 0.04638009049773756
42 0.4594594594594595 0.7550904977375565 0.0282021151586369 0.049773755656108594
93 0.5558166862514688 0.8857466063348416 0.0282021151586369 0.083710407239819
22 0.49676850763807284 0.7562217194570136 0.018213866039952998 0.03506787330316742
22 0.42303172737955347 0.7562217194570136 0.020564042303172738 0.04072398190045249
22 0.33783783783783783 0.7562217194570136 0.01880141010575793 0.032805429864253395
42 0.26145710928319627 0.8744343891402715 0.02937720329024677 0.04751131221719457
42 0.17215041128084607 0.8829185520361991 0.022914218566392478 0.05090497737556561
86 0.14130434782608695 0.8240950226244343 0.02408930669800235 0.038461538461538464
86 0.37602820211515864 0.8563348416289592 0.020564042303172738 0.05090497737556561
46 0.3736780258519389 0.915158371040724 0.03525264394829612 0.05090497737556561
46 0.4380141010575793 0.8133484162895928 0.025851938895417155 0.05090497737556561
1 0.5135135135135135 0.8552036199095022 0.03466509988249119 0.10294117647058823
29 0.37132784958871917 0.7285067873303167 0.03055229142185664 0.09954751131221719
42 0.4294947121034078 0.6425339366515838 0.045828437132784956 0.09615384615384616
3 0.6603995299647474 0.5169683257918553 0.021739130434782608 0.029411764705882353
46 0.5799059929494712 0.48755656108597284 0.007050528789659225 0.023755656108597284
42 0.5743243243243243 0.6108597285067874 0.00881316098707403 0.05429864253393665
42 0.5740305522914219 0.9762443438914027 0.008225616921269096 0.04751131221719457
64 0.690951821386604 0.795814479638009 0.020564042303172738 0.033936651583710405
79 0.9318448883666275 0.5113122171945701 0.018213866039952998 0.024886877828054297
86 0.986192714453584 0.6906108597285068 0.01645123384253819 0.030542986425339366
22 0.9527027027027027 0.5130090497737556 0.00881316098707403 0.02828054298642534
29 0.7341363102232668 0.503393665158371 0.01762632197414806 0.042986425339366516
73 0.9888366627497063 0.746606334841629 0.022326674500587545 0.042986425339366516
73 0.9900117508813161 0.5096153846153846 0.0199764982373678 0.04411764705882353