27 0.04280261723009814 0.1381260096930533 0.04689203925845147 0.07027463651050081
63 0.10605234460196292 0.13893376413570274 0.05179934569247546 0.06865912762520193
50 0.16766630316248637 0.14176090468497576 0.04798255179934569 0.06865912762520193
59 0.23037077426390404 0.13893376413570274 0.04798255179934569 0.07350565428109855
51 0.29225736095965105 0.1377221324717286 0.04416575790621592 0.07108239095315025
60 0.3544165757906216 0.13893376413570274 0.04907306434023991 0.0654281098546042
46 0.648854961832061 0.5189822294022617 0.016357688113413305 0.046849757673667204
46 0.6812977099236641 0.1260096930533118 0.018538713195201745 0.0444264943457189
46 0.6183206106870229 0.21203554119547657 0.026172300981461286 0.030694668820678513
46 0.6875681570338059 0.4555735056542811 0.028353326063249727 0.03150242326332795
22 0.6968375136314068 0.5581583198707593 0.018538713195201745 0.03231017770597738
94 0.7238276990185387 0.5436187399030694 0.016357688113413305 0.05654281098546042
42 0.8675027262813523 0.47778675282714056 0.04362050163576881 0.061389337641357025
42 0.663576881134133 0.01050080775444265 0.04798255179934569 0.0210016155088853
46 0.5583424209378408 0.17891760904684975 0.011995637949836423 0.03150242326332795
22 0.6818429661941112 0.1773021001615509 0.016902944383860415 0.02827140549273021
25 0.8293347873500545 0.3949919224555735 0.04907306434023991 0.06785137318255251
42 0.9064885496183206 0.3953957996768982 0.04634678298800436 0.06623586429725363
42 0.9618320610687023 0.3949919224555735 0.04907306434023991 0.07350565428109855
39 0.9618320610687023 0.44507269789983844 0.017448200654307525 0.017770597738287562
39 0.962649945474373 0.34693053311793215 0.016902944383860415 0.014539579967689823
94 0.7442748091603053 0.49636510500807757 0.008178844056706653 0.05250403877221325
46 0.7336423118865867 0.4894991922455573 0.021264994547437296 0.020193861066235864
102 0.7630861504907307 0.4878836833602585 0.0321701199563795 0.049273021001615507
46 0.9858233369683751 0.10218093699515347 0.021264994547437296 0.024232633279483037
46 0.7390948745910578 0.5581583198707593 0.025081788440567066 0.033925686591276254
49 0.32061068702290074 0.6688206785137318 0.05561613958560523 0.0791599353796446
25 0.33969465648854963 0.7875605815831987 0.05234460196292257 0.06785137318255251
42 0.41657579062159217 0.7835218093699515 0.04471101417666303 0.06623586429725363
42 0.3882224645583424 0.6203554119547657 0.04471101417666303 0.06946688206785137
56 0.3544165757906216 0.875605815831987 0.018538713195201745 0.03715670436187399
42 0.3745910577971647 0.9107431340872375 0.04252998909487459 0.06381260096930533
86 0.23446019629225737 0.9361873990306947 0.018538713195201745 0.030694668820678513
93 0.26417666303162485 0.9200323101777059 0.0376226826608506 0.05896607431340872
29 0.4820065430752454 0.9107431340872375 0.04689203925845147 0.03877221324717286
74 0.47737186477644494 0.7366720516962844 0.05670665212649945 0.04038772213247173
3 0.43593238822246455 0.6676090468497576 0.021264994547437296 0.04765751211631664
48 0.41575790621592146 0.7035541195476576 0.019629225736095966 0.033117932148626815
96 0.4034896401308615 0.6680129240710824 0.017993456924754635 0.023424878836833602
42 0.5332606324972737 0.8198707592891761 0.04689203925845147 0.07754442649434572
22 0.6611232279171211 0.6526655896607432 0.024536532170119956 0.035541195476575124
93 0.5858778625954199 0.6090468497576736 0.04634678298800436 0.05815831987075929
93 0.52453653217012 0.595718901453958 0.029443838604143947 0.03150242326332795
46 0.7227371864776445 0.6098546042003231 0.03380588876772083 0.03150242326332795
42 0.6278625954198473 0.6558966074313409 0.019629225736095966 0.03231017770597738
1 0.6057797164667393 0.7023424878836834 0.022355507088331516 0.05573505654281099
7 0.5430752453653217 0.6506462035541195 0.04743729552889858 0.036348949919224556
86 0.6417666303162486 0.7423263327948304 0.024536532170119956 0.03231017770597738
86 0.564340239912759 0.7435379644588045 0.019629225736095966 0.04119547657512116