41 0.03520710059171597 0.07383773928896992 0.0485207100591716 0.0820419325432999
32 0.10384615384615385 0.07520510483135825 0.05088757396449704 0.0820419325432999
27 0.16893491124260354 0.07201458523245215 0.05088757396449704 0.07930720145852324
63 0.2375739644970414 0.07292616226071102 0.05621301775147929 0.07748404740200547
50 0.3044378698224852 0.07611668185961713 0.05207100591715976 0.07748404740200547
59 0.37248520710059174 0.07292616226071102 0.05207100591715976 0.0829535095715588
51 0.42248520710059173 0.07110300820419325 0.014201183431952662 0.08021877848678213
25 0.5289940828402366 0.20100273473108476 0.05650887573964497 0.03236098450319052
42 0.5449704142011834 0.0674567000911577 0.048224852071005915 0.03099361896080219
30 0.4532544378698225 0.05104831358249772 0.03106508875739645 0.012306289881494986
42 0.5289940828402366 0.11850501367365543 0.05650887573964497 0.03372835004557885
42 0.15207100591715977 0.4416590701914312 0.017455621301775148 0.04831358249772106
42 0.22337278106508876 0.4448495897903373 0.017455621301775148 0.04968094804010939
42 0.2955621301775148 0.4412032816773017 0.021301775147928994 0.04968094804010939
29 0.24792899408284025 0.4402917046490428 0.01893491124260355 0.04102096627164995
29 0.3198224852071006 0.4416590701914312 0.018343195266272188 0.04102096627164995
29 0.1760355029585799 0.4430264357338195 0.018343195266272188 0.04238833181403829
7 0.13372781065088757 0.3623518687329079 0.022781065088757397 0.03463992707383774
7 0.21153846153846154 0.35733819507748404 0.021301775147928994 0.03099361896080219
7 0.2831360946745562 0.35824977210574294 0.023668639053254437 0.03099361896080219
42 0.4511834319526627 0.35414767547857795 0.04319526627218935 0.0300820419325433