88 0.33374567046016823 0.23839009287925697 0.029688273132112815 0.10629514963880289
102 0.26175160811479464 0.23993808049535603 0.08461157842652152 0.11351909184726522
101 0.1702127659574468 0.24200206398348814 0.08609599208312717 0.11042311661506708
103 0.08733300346363186 0.23787409700722395 0.0727362691736764 0.10526315789473684
25 0.954477981197427 0.12745098039215685 0.03859475507174666 0.0804953560371517
42 0.8725878278080158 0.04231166150670795 0.04106877783275606 0.0846233230134159
42 0.8377041068777833 0.18833849329205365 0.03809995051954478 0.0804953560371517
42 0.8738248391885205 0.12693498452012383 0.03859475507174666 0.09081527347781218
46 0.7971301335972291 0.006191950464396285 0.01880257298367145 0.01238390092879257
47 0.7634834240475012 0.2672858617131063 0.014844136566056407 0.05779153766769866
46 0.7963879267689262 0.3441692466460268 0.01682335477486393 0.06191950464396285
46 0.7971301335972291 0.18988648090815274 0.01830776843146957 0.058823529411764705
46 0.8248391885205344 0.043859649122807015 0.027709054923305294 0.02786377708978328
46 0.8233547748639287 0.12538699690402477 0.028203859475507173 0.02889576883384933
87 0.8104898565066798 0.2708978328173375 0.04403760514596734 0.07120743034055728
25 0.4406234537357744 0.44633642930856554 0.06036615536862939 0.05675954592363261
93 0.5294408708560119 0.5510835913312694 0.046511627906976744 0.04592363261093911
42 0.025977238990598714 0.4969040247678019 0.049233052944087086 0.05675954592363261
30 0.20633349826818406 0.5263157894736842 0.04082137555665512 0.0196078431372549
30 0.11924789708065314 0.5268317853457173 0.03166749134092034 0.02218782249742002
42 0.2765957446808511 0.5779153766769866 0.02127659574468085 0.027347781217750257
42 0.4388916378030678 0.5546955624355006 0.05467590301830777 0.06346749226006192
42 0.042058386937159825 0.4066047471620227 0.05739732805541811 0.053663570691434466
102 0.6956952003958436 0.49948400412796695 0.026224641266699655 0.05263157894736842
46 0.8349826818406729 0.38699690402476783 0.01830776843146957 0.014447884416924664
93 0.9621474517565561 0.42518059855521156 0.034636318654131616 0.07739938080495357
46 0.9908461157842652 0.9210526315789473 0.01830776843146957 0.038183694530443756
93 0.8770410687778327 0.6217750257997936 0.03661553686293914 0.08565531475748193
93 0.8352300841167739 0.5010319917440661 0.0351311232063335 0.14447884416924664
1 0.9727857496288966 0.49587203302373584 0.044532409698169226 0.0608875128998968
39 0.7550717466600693 0.4086687306501548 0.02028698664027709 0.021671826625386997
47 0.9505195447798119 0.8054695562435501 0.01979218208807521 0.0608875128998968