42 0.4044073853484217 0.4992867332382311 0.030970815961882073 0.019971469329529243
42 0.3088147706968434 0.5028530670470756 0.03275759380583681 0.02710413694721826
42 0.3082191780821918 0.5599144079885877 0.034544371649791544 0.07417974322396577
42 0.26206075044669447 0.9329529243937232 0.03335318642048839 0.08559201141226819
42 0.19446098868374032 0.9757489300998573 0.03156640857653365 0.04850213980028531
46 0.22364502680166765 0.7403708987161198 0.02025014889815366 0.05991440798858773
46 0.15812983918999404 0.7403708987161198 0.015485407980941036 0.05991440798858773
46 0.15902322811197142 0.9322396576319544 0.01429422275163788 0.06276747503566334
47 0.2224538415723645 0.8530670470756063 0.0136986301369863 0.06847360912981455
42 0.13222156045265038 0.81169757489301 0.02144133412745682 0.03566333808844508
42 0.10780226325193568 0.7582025677603423 0.019654556283502083 0.05420827389443652
42 0.10869565217391304 0.8701854493580599 0.019058963668850508 0.04850213980028531
42 0.3409767718880286 0.6340941512125535 0.022036926742108397 0.037089871611982884
42 0.3576533650982728 0.9721825962910129 0.022036926742108397 0.03851640513552068
22 0.15902322811197142 0.8780313837375179 0.016081000595592615 0.03281027104136947
22 0.15991661703394877 0.9828815977175464 0.0136986301369863 0.034236804564907276
39 0.18314472900536033 0.9329529243937232 0.016081000595592615 0.039942938659058486
1 0.14175104228707563 0.9893009985734664 0.04169148302561048 0.021398002853067047
48 0.35348421679571174 0.5028530670470756 0.016081000595592615 0.02710413694721826
1 0.197736748064324 0.7981455064194009 0.043478260869565216 0.05991440798858773
39 0.42078618225134007 0.9743223965763196 0.011911852293031567 0.037089871611982884
56 0.2748659916617034 0.9707560627674751 0.022036926742108397 0.05848787446504993
42 0.8031566408576534 0.5242510699001427 0.026206075044669448 0.05420827389443652
42 0.8910065515187612 0.7567760342368046 0.029184038117927337 0.06276747503566334
46 0.9764740917212626 0.615549215406562 0.039309112567004166 0.05420827389443652
46 0.7025014889815366 0.6055634807417974 0.039309112567004166 0.05135520684736091
93 0.8525908278737344 0.6055634807417974 0.04645622394282311 0.11412268188302425
93 0.7549136390708755 0.927960057061341 0.048838594401429423 0.10271041369472182
42 0.8642048838594402 0.9094151212553495 0.049434187016081 0.12268188302425106
22 0.7686122692078619 0.5278174037089871 0.023823704586063133 0.06704707560627675
93 0.922275163787969 0.6554921540656206 0.038117927337701016 0.09415121255349501
7 0.8984514592019059 0.5320970042796006 0.052412150089338895 0.08131241084165478
86 0.8511018463371054 0.8017118402282454 0.02858844550327576 0.06847360912981455