25 0.8299059929494712 0.265 0.03466509988249119 0.08125
25 0.6554054054054054 0.28625 0.03525264394829612 0.07875
25 0.6051703877790834 0.471875 0.03525264394829612 0.05625
49 0.7538190364277321 0.28625 0.03407755581668625 0.08
22 0.8222679200940071 0.365 0.01527614571092832 0.03125
95 0.6880141010575793 0.054375 0.028789659224441832 0.0275
42 0.7884841363102233 0.430625 0.03466509988249119 0.0825
42 0.7855464159811986 0.491875 0.03760282021151586 0.01625
42 0.754406580493537 0.17875 0.035840188014101056 0.09375
42 0.6045828437132785 0.360625 0.03466509988249119 0.0825
94 0.6886016451233843 0.055625 0.031139835487661575 0.0275
39 0.6933019976498237 0.11375 0.019388954171562868 0.01875
6 0.918918918918919 0.92375 0.04876615746180964 0.1025
55 0.8172737955346651 0.924375 0.05111633372502938 0.10875
83 0.717391304347826 0.9225 0.06286721504112809 0.1425
86 0.6260282021151586 0.92125 0.06756756756756757 0.1575