11 0.25539772727272725 0.519298245614035 0.04602272727272727 0.10058479532163743
61 0.159375 0.5222222222222223 0.048295454545454544 0.10175438596491228
75 0.061079545454545456 0.5222222222222223 0.051704545454545454 0.09707602339181287
25 0.9329545454545455 0.14035087719298245 0.030113636363636363 0.06198830409356725
25 0.9326704545454545 0.5251461988304094 0.02784090909090909 0.06315789473684211
25 0.9323863636363636 0.5783625730994152 0.028409090909090908 0.022222222222222223
42 0.6261363636363636 0.19941520467836257 0.02727272727272727 0.05730994152046784
42 0.5610795454545454 0.06315789473684211 0.026704545454545453 0.056140350877192984
49 0.9321022727272728 0.26432748538011697 0.028977272727272727 0.05847953216374269
49 0.1318181818181818 0.9233918128654971 0.08409090909090909 0.15321637426900586
66 0.023295454545454546 0.9210526315789473 0.04659090909090909 0.15789473684210525
22 0.7139204545454545 0.5970760233918129 0.017613636363636363 0.0152046783625731
1 0.6636363636363637 0.624561403508772 0.048863636363636366 0.06783625730994151
93 0.6494318181818182 0.716374269005848 0.03920454545454546 0.08187134502923976