36 0.13131609870740305 0.0445945945945946 0.07109283196239718 0.0891891891891892
100 0.1389541715628672 0.24932432432432433 0.05229142185663925 0.08513513513513514
44 0.13866039952996476 0.4810810810810811 0.11750881316098707 0.10540540540540541
35 0.9829612220916569 0.4722972972972973 0.02702702702702703 0.05
42 0.12015276145710928 0.7966216216216216 0.019388954171562868 0.03918918918918919
42 0.16392479435957696 0.7959459459459459 0.01527614571092832 0.03783783783783784
42 0.14071680376028203 0.7418918918918919 0.014688601645123384 0.04054054054054054
46 0.11222091656874265 0.6831081081081081 0.021739130434782608 0.03648648648648649
29 0.18125734430082255 0.6560810810810811 0.0199764982373678 0.07702702702702703
22 0.15834312573443007 0.6831081081081081 0.015863689776733254 0.03513513513513514
22 0.20299647473560517 0.6837837837837838 0.014688601645123384 0.02702702702702703
46 0.23149236192714454 0.6837837837837838 0.019388954171562868 0.02702702702702703
1 0.13660399529964748 0.5945945945945946 0.022326674500587545 0.08648648648648649
1 0.21034077555816685 0.7304054054054054 0.021151586368977675 0.07702702702702703
46 0.11163337250293771 0.5472972972972973 0.022326674500587545 0.016216216216216217
47 0.15569917743830788 0.5472972972972973 0.023501762632197415 0.016216216216216217
42 0.20622796709753233 0.6074324324324324 0.033490011750881316 0.06891891891891892
46 0.3495887191539365 0.5574324324324325 0.011750881316098707 0.03648648648648649
47 0.7059341950646298 0.5966216216216216 0.018213866039952998 0.06351351351351352
47 0.7482373678025852 0.8155405405405406 0.031139835487661575 0.03648648648648649
42 0.831668625146886 0.8655405405405405 0.01410105757931845 0.04594594594594595
42 0.8704465334900118 0.8155405405405406 0.026439482961222092 0.05