33 0.13761467889908258 0.08733624454148471 0.03151176705225369 0.07598253275109171
41 0.18408456322297567 0.08733624454148471 0.032708416433984845 0.07860262008733625
32 0.2303550059832469 0.08864628820960699 0.03430394894295971 0.07860262008733625
27 0.27423214998005585 0.08558951965065502 0.03430394894295971 0.07598253275109171
63 0.3205025927403271 0.08646288209606987 0.03789389708815317 0.07423580786026202
50 0.36557638611886717 0.08951965065502183 0.03510171519744715 0.07423580786026202
59 0.4114479457518947 0.08646288209606987 0.03510171519744715 0.0794759825327511
51 0.45672118069405665 0.0851528384279476 0.03230953330674113 0.07685589519650655
60 0.5021938571998404 0.08646288209606987 0.035899481451934584 0.07074235807860262
42 0.8344635021938572 0.23842794759825328 0.020741922616673316 0.022707423580786028
42 0.9112485041882729 0.17117903930131004 0.03310729956122856 0.06812227074235808
42 0.9740725967291584 0.22663755458515283 0.040686078978859196 0.0462882096069869
42 0.9812524930195453 0.0611353711790393 0.03749501396090946 0.07860262008733625
42 0.8452333466294376 0.06419213973799126 0.017949740725967292 0.043668122270742356
25 0.9571200638213003 0.16899563318777291 0.03191065017949741 0.06986899563318777
46 0.7935779816513762 0.1205240174672489 0.02114080574391703 0.03056768558951965
46 0.7560829676904667 0.11877729257641921 0.021938571998404467 0.03056768558951965
93 0.9934184284004787 0.12489082969432315 0.01316314319904268 0.062882096069869
95 0.8023534104507379 0.1947598253275109 0.010769844435580374 0.07423580786026202
1 0.881332269644994 0.18427947598253275 0.02512963701635421 0.0890829694323144
1 0.8821300358994815 0.01921397379912664 0.02114080574391703 0.03842794759825328
22 0.8673713601914639 0.06419213973799126 0.01316314319904268 0.028820960698689956
23 0.8783406461906661 0.11528384279475982 0.011168727562824093 0.028820960698689956
69 0.1655364978061428 0.3589519650655022 0.059433585959313924 0.13100436681222707
58 0.2562824092540886 0.3615720524017467 0.06382130035899482 0.14585152838427948
54 0.3480255285201436 0.36375545851528385 0.06142800159553251 0.13537117903930132
57 0.43677702433187077 0.3611353711790393 0.06422018348623854 0.13275109170305677
26 0.5179497407259673 0.359825327510917 0.043478260869565216 0.14497816593886462