69 0.4455388180764774 0.33449781659388644 0.08632676709154113 0.13100436681222707
58 0.313441483198146 0.3292576419213974 0.09269988412514485 0.14148471615720523
54 0.18047508690614136 0.3296943231441048 0.08922363847045191 0.13537117903930132
57 0.051564310544611816 0.3323144104803493 0.093279258400927 0.13275109170305677
42 0.9501738122827347 0.137117903930131 0.044611819235225954 0.06637554585152838
93 0.9073001158748552 0.19519650655021833 0.0388180764774044 0.05589519650655022
93 0.7378331402085747 0.19519650655021833 0.038238702201622246 0.05589519650655022
93 0.8299536500579374 0.32707423580786027 0.03765932792584009 0.059388646288209605
42 0.8745654692931634 0.27117903930131004 0.0220162224797219 0.03668122270742358
42 0.8742757821552724 0.3834061135371179 0.02085747392815759 0.03318777292576419
8 0.8797798377752027 0.14541484716157205 0.038238702201622246 0.03580786026200873
42 0.7048088064889919 0.2724890829694323 0.01853997682502897 0.03056768558951965
22 0.8128621089223639 0.13973799126637554 0.01853997682502897 0.02445414847161572
22 0.8742757821552724 0.21353711790393012 0.01853997682502897 0.026200873362445413
25 0.47103128621089224 0.7528384279475983 0.03070683661645423 0.0462882096069869
42 0.1581691772885284 0.7969432314410481 0.027809965237543453 0.04279475982532751
42 0.09183082271147161 0.6951965065502184 0.027230590961761298 0.04192139737991266
49 0.47016222479721903 0.845414847161572 0.02954808806488992 0.043668122270742356