64 0.014688601645123384 0.12265917602996254 0.02937720329024677 0.07116104868913857
31 0.01263219741480611 0.27715355805243447 0.02526439482961222 0.08052434456928839
25 0.46415981198589895 0.13342696629213482 0.04935370152761457 0.07584269662921349
42 0.46621621621621623 0.26685393258426965 0.0499412455934195 0.07209737827715355
35 0.491186839012926 0.34176029962546817 0.024676850763807285 0.03464419475655431
13 0.11486486486486487 0.7663857677902621 0.027614571092831962 0.056179775280898875
93 0.006462984723854289 0.6540262172284644 0.012925969447708578 0.06835205992509363
46 0.04289071680376028 0.8581460674157303 0.020564042303172738 0.056179775280898875
39 0.16774383078730906 0.6203183520599251 0.015863689776733254 0.042134831460674156
39 0.04200940070505288 0.5819288389513109 0.020564042303172738 0.025280898876404494
39 0.04289071680376028 0.7560861423220974 0.01645123384253819 0.023408239700374533
42 0.4579905992949471 0.4943820224719101 0.02262044653349001 0.05571161048689138
93 0.5449471210340776 0.38295880149812733 0.03466509988249119 0.04681647940074907
1 0.5164512338425382 0.3852996254681648 0.021151586368977675 0.05149812734082397
93 0.42479435957696826 0.44335205992509363 0.030258519388954172 0.10112359550561797
22 0.4588719153936545 0.5683520599250936 0.012925969447708578 0.040262172284644196
87 0.4098119858989424 0.37125468164794007 0.022914218566392478 0.023408239700374533
86 0.5055816686251469 0.5276217228464419 0.02144535840188014 0.062265917602996254
86 0.5957696827262045 0.3684456928838951 0.01762632197414806 0.017790262172284643