107 0.457396449704142 0.43254329990884227 0.051479289940828406 0.07566089334548769
92 0.357396449704142 0.43163172288058343 0.05029585798816568 0.07657247037374658
105 0.257396449704142 0.43163172288058343 0.05029585798816568 0.08113035551504102
106 0.1544378698224852 0.43254329990884227 0.05207100591715976 0.07839562443026436
42 0.32662721893491126 0.5077484047402006 0.03431952662721893 0.03646308113035551
42 0.2485207100591716 0.646763901549681 0.03254437869822485 0.04831358249772106
42 0.14763313609467454 0.6818596171376481 0.03254437869822485 0.05013673655423884
42 0.1695266272189349 0.9384685505925251 0.034911242603550295 0.05560619872379216
42 0.2644970414201183 0.9817684594348223 0.03431952662721893 0.03646308113035551
42 0.2698224852071006 0.8094804010938924 0.01775147928994083 0.022789425706472195
42 0.12337278106508875 0.8505013673655424 0.015384615384615385 0.027347310847766638
42 0.257396449704142 0.6043755697356427 0.01775147928994083 0.022789425706472195
42 0.1772189349112426 0.6039197812215132 0.015384615384615385 0.027347310847766638
3 0.2559171597633136 0.495897903372835 0.017159763313609466 0.01276207839562443
93 0.1683431952662722 0.7547857793983591 0.03017751479289941 0.05013673655423884
93 0.15710059171597632 0.8591613491340018 0.029585798816568046 0.04740200546946217
93 0.18727810650887575 0.5323609845031905 0.03195266272189349 0.05195989061075661
47 0.3272189349112426 0.8113035551504102 0.02485207100591716 0.019143117593436645
47 0.09556213017751479 0.8495897903372835 0.014792899408284023 0.037374658158614404
47 0.17840236686390532 0.649954421148587 0.023668639053254437 0.020966271649954422
1 0.12455621301775148 0.5524156791248861 0.02544378698224852 0.06381039197812215
1 0.21745562130177515 0.6955332725615314 0.0242603550295858 0.0601640838650866
17 0.035798816568047336 0.5998176845943483 0.011834319526627219 0.04284412032816773
42 0.19763313609467456 0.8924339106654512 0.017159763313609466 0.02552415679124886
42 0.051775147928994084 0.6048313582497721 0.01301775147928994 0.024612579762989972
17 0.2254437869822485 0.735186873290793 0.023668639053254437 0.020966271649954422
35 0.28994082840236685 0.6403828623518687 0.020118343195266272 0.03372835004557885
96 0.2804733727810651 0.49316317228805834 0.01775147928994083 0.007292616226071103
48 0.2701183431952663 0.5109389243391067 0.013609467455621301 0.022789425706472195
86 0.14467455621301775 0.5505925250683683 0.013609467455621301 0.023701002734731084
42 0.12958579881656804 0.5004557885141294 0.04378698224852071 0.02187784867821331
39 0.2683431952662722 0.8947128532360985 0.013609467455621301 0.024612579762989972
48 0.21035502958579883 0.9872379216043756 0.015976331360946745 0.02552415679124886
39 0.052366863905325446 0.6248860528714676 0.015976331360946745 0.01731996353691887
33 0.9005917159763314 0.9243391066545124 0.04674556213017751 0.07930720145852324
41 0.8316568047337278 0.9243391066545124 0.0485207100591716 0.0820419325432999
32 0.76301775147929 0.922971741112124 0.05088757396449704 0.0820419325432999
27 0.6979289940828403 0.92616226071103 0.05088757396449704 0.07930720145852324
63 0.6292899408284024 0.9252506836827712 0.05621301775147929 0.07748404740200547
50 0.5624260355029586 0.922060164083865 0.05207100591715976 0.07748404740200547
59 0.514792899408284 0.9252506836827712 0.010650887573964497 0.08386508659981769