69 0.41541135573580534 0.4882096069868996 0.08632676709154113 0.13100436681222707
58 0.283603707995365 0.485589519650655 0.09269988412514485 0.14585152838427948
54 0.1503476245654693 0.4834061135371179 0.08922363847045191 0.13537117903930132
57 0.033893395133256086 0.485589519650655 0.06778679026651217 0.13275109170305677
56 0.3899188876013905 0.7358078602620087 0.022595596755504054 0.04279475982532751
22 0.2720162224797219 0.7148471615720524 0.019119351100811123 0.011353711790393014
29 0.28707995365005795 0.7764192139737991 0.051564310544611816 0.0445414847161572
22 0.2728852838933951 0.8449781659388647 0.019119351100811123 0.029694323144104803
1 0.23667439165701043 0.8157205240174672 0.02433371958285052 0.028820960698689956
22 0.2137891077636153 0.7790393013100436 0.022595596755504054 0.032314410480349345
94 0.22624565469293165 0.9615720524017467 0.04577056778679027 0.023580786026200874
86 0.06373117033603708 0.8668122270742358 0.028968713789107765 0.03842794759825328
42 0.31807647740440326 0.7314410480349345 0.0440324449594438 0.0445414847161572
42 0.3679026651216686 0.777292576419214 0.043453070683661645 0.06637554585152838
46 0.32734646581691773 0.9973799126637555 0.0220162224797219 0.005240174672489083
46 0.4597334878331402 0.948471615720524 0.028968713789107765 0.028820960698689956
42 0.21436848203939746 0.9860262008733625 0.023174971031286212 0.02794759825327511
86 0.25289687137891076 0.848471615720524 0.02085747392815759 0.03842794759825328