25 0.33226964499401673 0.5033428844317096 0.060231352213801354 0.14613180515759314
9 0.24172317510969285 0.4995224450811843 0.061826884722776226 0.14326647564469913
56 0.16972477064220184 0.501432664756447 0.031112883925009972 0.0725883476599809
98 0.05624252094136418 0.4269340974212034 0.030714000797766254 0.07927411652340019
42 0.5887514958117271 0.8438395415472779 0.03909054646988432 0.09742120343839542
22 0.4499401675309134 0.8447946513849093 0.016753091344236137 0.04775549188156638
1 0.4808536098923016 0.6203438395415473 0.02512963701635421 0.021967526265520534
1 0.48284802552852013 0.7745940783190067 0.02114080574391703 0.10219675262655205
42 0.7213801356202633 0.8447946513849093 0.017151974471479856 0.038204393505253106
46 0.7816114878340646 0.9274116523400191 0.017949740725967292 0.06685768863419293
42 0.8189070602313522 0.9703915950334289 0.016753091344236137 0.041069723018147083
22 0.5033905065815716 0.6728748806112703 0.011966493817311527 0.041069723018147083
39 0.49042680494615076 0.6776504297994269 0.008775428799361787 0.03533906399235912
95 0.5027921818907061 0.7387774594078319 0.01316314319904268 0.06876790830945559
95 0.7632628639808536 0.7148997134670487 0.014758675708017551 0.05921680993314231
30 0.8011567610690068 0.8882521489971347 0.01316314319904268 0.06494746895893028
1 0.6834862385321101 0.775549188156638 0.02114080574391703 0.09742120343839542