71 0.3887601390498262 0.3287461773700306 0.04171494785631518 0.2252803261977574
97 0.3146002317497103 0.3312945973496432 0.0492468134414832 0.08460754332313965
18 0.2227694090382387 0.3318042813455658 0.01853997682502897 0.0652395514780836
25 0.46929316338354576 0.01783893985728848 0.044322132097334876 0.03567787971457696
49 0.42526071842410196 0.01834862385321101 0.031286210892236384 0.03669724770642202
25 0.283603707995365 0.6248725790010193 0.034183082271147164 0.06625891946992865
25 0.1115295480880649 0.6422018348623854 0.03476245654692932 0.06422018348623854
25 0.06228273464658169 0.8017329255861366 0.03476245654692932 0.06218144750254842
49 0.2085747392815759 0.6422018348623854 0.03360370799536501 0.0652395514780836
22 0.276071842410197 0.7064220183486238 0.015063731170336037 0.0254841997961264
42 0.24275782155272305 0.7599388379204893 0.034183082271147164 0.0672782874617737
42 0.24015063731170336 0.8363914373088684 0.03707995365005794 0.0652395514780836
42 0.20886442641946698 0.5560652395514781 0.03534183082271147 0.07237512742099898
42 0.2384125144843569 0.918960244648318 0.03707995365005794 0.0672782874617737
42 0.06141367323290846 0.7028542303771662 0.034183082271147164 0.0672782874617737
39 0.2853418308227115 0.8384301732925586 0.010428736964078795 0.01834862385321101