49 0.2115494568324757 0.17878486055776893 0.08461978273299028 0.14641434262948208
66 0.08118925100057175 0.17928286852589642 0.08976558033161806 0.1553784860557769
39 0.9831332189822756 0.15836653386454183 0.012006861063464836 0.025896414342629483
95 0.6972555746140652 0.13695219123505975 0.018867924528301886 0.07669322709163347
23 0.8730703259005146 0.09063745019920319 0.018867924528301886 0.035856573705179286
23 0.9493996569468267 0.1752988047808765 0.017724413950829045 0.0398406374501992
23 0.888507718696398 0.17380478087649404 0.018867924528301886 0.030876494023904383
23 0.7344196683819325 0.08914342629482072 0.014865637507146942 0.035856573705179286
78 0.32818753573470555 0.827191235059761 0.08576329331046312 0.15239043824701196
76 0.19897084048027444 0.8242031872509961 0.08576329331046312 0.15438247011952191
67 0.06803887935963408 0.8256972111553785 0.0931961120640366 0.15239043824701196