25 0.2778086763070078 0.04308390022675737 0.08398220244716352 0.08616780045351474
9 0.39543937708565075 0.04478458049886622 0.06896551724137931 0.08956916099773243
42 0.5817575083426029 0.9104308390022676 0.02224694104560623 0.045351473922902494
42 0.6576751946607341 0.8021541950113379 0.04560622914349277 0.10090702947845805
42 0.7580645161290323 0.9501133786848073 0.022803114571746386 0.05668934240362812
42 0.7575083426028921 0.6337868480725624 0.024471635150166853 0.05442176870748299
22 0.7580645161290323 0.7052154195011338 0.020022246941045607 0.03968253968253968
22 0.7580645161290323 0.8696145124716553 0.016129032258064516 0.036281179138321996
42 0.8159065628476084 0.9943310657596371 0.02335928809788654 0.011337868480725623
86 0.807007786429366 0.7959183673469388 0.02502780867630701 0.03968253968253968
46 0.8364849833147943 0.7998866213151927 0.02502780867630701 0.06802721088435375
46 0.7864293659621802 0.6757369614512472 0.02502780867630701 0.049886621315192746
29 0.7447163515016685 0.8038548752834467 0.048943270300333706 0.05895691609977324
42 0.7021690767519466 0.6921768707482994 0.047274749721913235 0.08843537414965986
22 0.5372636262513905 0.9081632653061225 0.021134593993325918 0.05215419501133787
22 0.46301446051167966 0.7069160997732427 0.01668520578420467 0.04081632653061224
1 0.4944382647385984 0.8168934240362812 0.03225806451612903 0.11337868480725624
1 0.4916573971078977 0.6218820861678005 0.03337041156840934 0.04421768707482993
95 0.4646829810901001 0.6394557823129252 0.01668520578420467 0.07936507936507936
22 0.4794215795328142 0.9835600907029478 0.025583982202447165 0.032879818594104306