25 0.4988666414809218 0.25380116959064325 0.056479032867397055 0.05847953216374269
25 0.28900642236494145 0.30409356725146197 0.05950132225160559 0.05146198830409357
42 0.4982999622213827 0.356140350877193 0.05062334718549301 0.04912280701754386
42 0.527578390630903 0.4637426900584795 0.05062334718549301 0.04912280701754386
42 0.2876841707593502 0.3865497076023392 0.05062334718549301 0.04678362573099415
42 0.18058179070646013 0.39883040935672515 0.05062334718549301 0.05380116959064327
42 0.1303362296939932 0.39824561403508774 0.04760105780128447 0.049707602339181284
69 0.18303740083112957 0.14269005847953217 0.049678881752927846 0.049707602339181284
49 0.18095957687948622 0.22807017543859648 0.06157914620324896 0.05964912280701754
42 0.13430298451076692 0.2935672514619883 0.053645636569701546 0.049707602339181284
49 0.3828862863619192 0.43625730994152045 0.05855685681904042 0.06315789473684211
22 0.08386853041178693 0.452046783625731 0.0219115980355119 0.021052631578947368
3 0.17944843218738193 0.3309941520467836 0.043634302984510764 0.0304093567251462
3 0.488855307895731 0.5309941520467836 0.02871174914998111 0.0391812865497076
42 0.2230827351718927 0.45146198830409356 0.026822818284850773 0.02280701754385965
42 0.17151492255383452 0.45087719298245615 0.026822818284850773 0.02280701754385965
42 0.5583679637325274 0.41461988304093567 0.024744994333207405 0.025146198830409357
42 0.522100491122025 0.5789473684210527 0.04571212693615414 0.046198830409356725
96 0.45183226293917644 0.5298245614035088 0.027767283717415943 0.01929824561403509
48 0.4686437476388364 0.5076023391812865 0.019833774083868532 0.03742690058479532
35 0.5589346429920665 0.3175438596491228 0.027767283717415943 0.03859649122807018
35 0.342652058934643 0.34444444444444444 0.023800528900642236 0.026900584795321637
96 0.18190404231205137 0.2970760233918129 0.0207782395164337 0.03333333333333333
48 0.20929353985644125 0.30818713450292395 0.02871174914998111 0.02280701754385965
93 0.8859085757461277 0.27309941520467834 0.026822818284850773 0.08654970760233918
46 0.854174537211938 0.2549707602339181 0.013978088401964487 0.06666666666666667
93 0.8543634302984511 0.4070175438596491 0.024933887419720437 0.15789473684210525
1 0.9903664525878353 0.39473684210526316 0.01926709482432943 0.06666666666666667
93 0.9873441632036267 0.4865497076023392 0.025311673592746504 0.08187134502923976
47 0.9765772572723839 0.11228070175438597 0.010200226671703816 0.06666666666666667
86 0.9954665659236872 0.11228070175438597 0.009066868152625614 0.044444444444444446