25 0.19569520039584365 0.11038306451612903 0.0450272142503711 0.047379032258064516
25 0.23453735774369125 0.2862903225806452 0.03983176645225136 0.049899193548387094
42 0.27461652647204354 0.11088709677419355 0.0376051459673429 0.04233870967741935
42 0.3574962889658585 0.08618951612903226 0.0376051459673429 0.04233870967741935
42 0.29811974270163283 0.2872983870967742 0.03612073231073726 0.04233870967741935
42 0.3075210291934686 0.37752016129032256 0.041316180108857 0.04233870967741935
42 0.30677882236516574 0.41935483870967744 0.03834735279564572 0.039818548387096774
69 0.10984661058881742 0.3755040322580645 0.03834735279564572 0.041834677419354836
49 0.17590301830776844 0.37701612903225806 0.045769421078673926 0.05141129032258065
42 0.22637308263236022 0.4158266129032258 0.03834735279564572 0.04485887096774194
49 0.3364670954972786 0.20766129032258066 0.0487382483918852 0.04889112903225806
22 0.3490846115784265 0.4586693548387097 0.01632855022266205 0.018145161290322582
3 0.25507174666006927 0.3780241935483871 0.02375061850569025 0.03679435483870968
3 0.40920336467095497 0.1184475806451613 0.030430479960415636 0.024193548387096774
42 0.3483424047501237 0.34173387096774194 0.017812963879267688 0.022681451612903226
42 0.3476001979218209 0.3850806451612903 0.017812963879267688 0.022681451612903226
42 0.32013854527461655 0.06048387096774194 0.01929737753587333 0.02066532258064516
42 0.4465611083621969 0.0907258064516129 0.03537852548243444 0.038306451612903226
96 0.40846115784265213 0.14969758064516128 0.014844136566056407 0.023185483870967742
48 0.3916378030677882 0.13558467741935484 0.028946066303809994 0.01663306451612903
35 0.24468085106382978 0.05997983870967742 0.029688273132112815 0.023185483870967742
35 0.2654626422563088 0.24143145161290322 0.02078179119247897 0.020161290322580645
96 0.2288471053933696 0.37600806451612906 0.025977238990598714 0.017641129032258066
48 0.2372587827808016 0.3533266129032258 0.017812963879267688 0.024193548387096774
35 0.570014844136566 0.46723790322580644 0.025729836714497772 0.03326612903225806
42 0.5977238990598713 0.3719758064516129 0.03908955962394854 0.07661290322580645
46 0.607372587827808 0.4692540322580645 0.029688273132112815 0.03125
25 0.7525977238990599 0.14465725806451613 0.03859475507174666 0.07862903225806452
42 0.7112815437902029 0.31098790322580644 0.042058386937159825 0.08366935483870967
42 0.7817911924789708 0.38256048387096775 0.03859475507174666 0.07762096774193548
42 0.7523503216229589 0.3089717741935484 0.04354280059376546 0.07862903225806452
46 0.6828302820385947 0.4647177419354839 0.029688273132112815 0.038306451612903226
47 0.6439881246907472 0.5241935483870968 0.027214250371103414 0.010080645161290322
47 0.8196437407224146 0.5236895161290323 0.027214250371103414 0.011088709677419355
46 0.9591786244433449 0.4657258064516129 0.028698664027709056 0.029233870967741934
46 0.8565066798614547 0.46673387096774194 0.029688273132112815 0.034274193548387094
46 0.7825333993072736 0.4652217741935484 0.028203859475507173 0.037298387096774195
46 0.7125185551707076 0.40877016129032256 0.013359722909450767 0.055443548387096774
46 0.7516081147946561 0.4117943548387097 0.013854527461652647 0.057459677419354836
87 0.6449777337951509 0.43649193548387094 0.032162295893122216 0.08669354838709678
87 0.8213755566551212 0.4380040322580645 0.03414151410192974 0.08971774193548387
39 0.043047996041563584 0.8190524193548387 0.008906481939633844 0.03528225806451613
42 0.024245423057892134 0.8996975806451613 0.0425531914893617 0.08165322580645161
35 0.1496783770410688 0.5776209677419355 0.026224641266699655 0.04334677419354839
37 0.3317664522513607 0.5751008064516129 0.01830776843146957 0.034274193548387094
46 0.31865413161801087 0.8835685483870968 0.014844136566056407 0.03931451612903226
39 0.36516575952498764 0.9314516129032258 0.013854527461652647 0.036290322580645164
42 0.3176645225136071 0.9778225806451613 0.04849084611578427 0.04435483870967742
46 0.5586343394359228 0.6431451612903226 0.024740227610094014 0.038306451612903226
46 0.5195447798119742 0.7137096774193549 0.017812963879267688 0.05241935483870968
46 0.6086095992083127 0.640625 0.028698664027709056 0.03024193548387097
46 0.8495794161306284 0.7006048387096774 0.027214250371103414 0.034274193548387094
46 0.7966353290450272 0.5836693548387096 0.01880257298367145 0.04838709677419355
46 0.6474517565561603 0.7127016129032258 0.01929737753587333 0.05241935483870968
22 0.5848589807026224 0.7293346774193549 0.01979218208807521 0.034274193548387094
94 0.5932706580900544 0.7792338709677419 0.034636318654131616 0.03024193548387097
42 0.47822859970311726 0.9848790322580645 0.017318159327065808 0.03024193548387097
42 0.9322117763483424 0.6683467741935484 0.03809995051954478 0.08870967741935484
25 0.9799604156358238 0.5972782258064516 0.0400791687283523 0.08971774193548387
42 0.9802078179119248 0.7323588709677419 0.03958436417615042 0.10584677419354839
22 0.8179119247897081 0.7016129032258065 0.01682335477486393 0.03125
25 0.6843146956952004 0.9647177419354839 0.04156358238495794 0.07056451612903226
94 0.6224641266699653 0.8170362903225806 0.032162295893122216 0.015120967741935484
46 0.6269173676397823 0.7973790322580645 0.012370113805047007 0.03931451612903226
102 0.6276595744680851 0.8518145161290323 0.030183077684314694 0.059475806451612906
46 0.5848589807026224 0.8074596774193549 0.02078179119247897 0.046370967741935484