25 0.11987041036717062 0.2821637426900585 0.058315334773218146 0.08771929824561403
42 0.21274298056155508 0.2843567251461988 0.052915766738660906 0.07456140350877193
42 0.2267818574514039 0.4422514619883041 0.06047516198704104 0.07456140350877193
42 0.22570194384449244 0.5160818713450293 0.056155507559395246 0.07017543859649122
49 0.03455723542116631 0.4415204678362573 0.06695464362850972 0.09064327485380116
42 0.1079913606911447 0.5102339181286549 0.056155507559395246 0.07894736842105263
49 0.2688984881209503 0.1440058479532164 0.07127429805615551 0.08625730994152046
22 0.28725701943844495 0.5847953216374269 0.023758099352051837 0.03216374269005848
3 0.15010799136069114 0.44371345029239767 0.03455723542116631 0.06432748538011696
3 0.3752699784017279 0.0043859649122807015 0.04427645788336933 0.008771929824561403
42 0.2861771058315335 0.3793859649122807 0.02591792656587473 0.039473684210526314
42 0.28509719222462204 0.4554093567251462 0.02591792656587473 0.039473684210526314
96 0.3741900647948164 0.04239766081871345 0.02159827213822894 0.04093567251461988
48 0.3493520518358531 0.017543859649122806 0.042116630669546434 0.029239766081871343
35 0.1652267818574514 0.20321637426900585 0.03023758099352052 0.03508771929824561
96 0.11177105831533478 0.44005847953216376 0.03779697624190065 0.03070175438596491
48 0.12419006479481641 0.39985380116959063 0.02591792656587473 0.04239766081871345
49 0.7607991360691144 0.358187134502924 0.06911447084233262 0.08625730994152046
25 0.7602591792656588 0.5562865497076024 0.06803455723542116 0.09210526315789473
25 0.7435205183585313 0.19444444444444445 0.07019438444924406 0.0847953216374269
95 0.5523758099352052 0.5175438596491229 0.02267818574514039 0.07309941520467836
42 0.658207343412527 0.3684210526315789 0.07019438444924406 0.1023391812865497
42 0.8849892008639308 0.2777777777777778 0.061555075593952485 0.09064327485380116
42 0.9654427645788337 0.27631578947368424 0.06479481641468683 0.0847953216374269
39 0.9681425485961123 0.40131578947368424 0.020518358531317494 0.03070175438596491
35 0.27213822894168466 0.7054093567251462 0.04967602591792657 0.013157894736842105
42 0.509719222462203 0.8633040935672515 0.056155507559395246 0.07456140350877193
42 0.7564794816414687 0.8654970760233918 0.06047516198704104 0.07309941520467836
42 0.8995680345572354 0.8340643274853801 0.02591792656587473 0.03654970760233918
42 0.816414686825054 0.9904970760233918 0.02591792656587473 0.019005847953216373
42 0.5669546436285097 0.9890350877192983 0.023758099352051837 0.021929824561403508
1 0.765658747300216 0.9444444444444444 0.07127429805615551 0.06140350877192982
1 0.5210583153347732 0.9429824561403509 0.07235421166306695 0.05555555555555555
7 0.576133909287257 0.8230994152046783 0.035637149028077755 0.08771929824561403
7 0.8201943844492441 0.8216374269005848 0.03455723542116631 0.08187134502923976
42 0.6506479481641468 0.831140350877193 0.029157667386609073 0.04093567251461988
22 0.8180345572354212 0.8859649122807017 0.02159827213822894 0.03216374269005848
22 0.857451403887689 0.8318713450292398 0.028077753779697623 0.03216374269005848
22 0.9389848812095032 0.8333333333333334 0.029157667386609073 0.02631578947368421
22 0.5707343412526998 0.8874269005847953 0.02267818574514039 0.03508771929824561
22 0.6927645788336934 0.831140350877193 0.026997840172786176 0.03216374269005848
22 0.6112311015118791 0.8318713450292398 0.023758099352051837 0.033625730994152045