25 0.13086150490730644 0.28024193548387094 0.0564340239912759 0.0456989247311828
25 0.34078516902944384 0.24059139784946237 0.059432933478735 0.04099462365591398
42 0.13140676117775354 0.1989247311827957 0.05070883315158124 0.038306451612903226
42 0.10223555070883315 0.11491935483870967 0.05070883315158124 0.038306451612903226
42 0.3421483097055616 0.17540322580645162 0.05070883315158124 0.03696236559139785
42 0.44929116684841874 0.16532258064516128 0.05070883315158124 0.04233870967741935
42 0.4994547437295529 0.16666666666666666 0.04770992366412214 0.038978494623655914
69 0.4468375136314068 0.36760752688172044 0.04961832061068702 0.038978494623655914
49 0.44874591057797164 0.3004032258064516 0.061613958560523444 0.04704301075268817
42 0.49536532170119957 0.24865591397849462 0.05343511450381679 0.038978494623655914
49 0.2470010905125409 0.1364247311827957 0.05861504907306434 0.04973118279569892
22 0.5460741548527808 0.12365591397849462 0.021810250817884406 0.016801075268817203
3 0.45038167938931295 0.21908602150537634 0.04362050163576881 0.024193548387096774
3 0.14094874591057796 0.06182795698924731 0.02862595419847328 0.030913978494623656
42 0.4064885496183206 0.12432795698924731 0.026717557251908396 0.018145161290322582
42 0.45828789531079606 0.125 0.026717557251908396 0.018145161290322582
42 0.07142857142857142 0.15255376344086022 0.02480916030534351 0.019489247311827957
42 0.10768811341330425 0.023521505376344086 0.0455288985823337 0.036290322580645164
96 0.17802617230098147 0.0625 0.027808069792802616 0.01478494623655914
48 0.16112322791712105 0.07997311827956989 0.01990185387131952 0.02956989247311828
35 0.07088331515812432 0.22983870967741934 0.027808069792802616 0.03024193548387097
35 0.2870774263904035 0.20833333333333334 0.02371864776444929 0.020833333333333332
96 0.44765539803707743 0.24596774193548387 0.020719738276990186 0.02620967741935484
48 0.42039258451472195 0.23723118279569894 0.02862595419847328 0.018145161290322582
42 0.06679389312977099 0.7419354838709677 0.04961832061068702 0.12903225806451613
46 0.01608505997818975 0.9193548387096774 0.0321701199563795 0.06720430107526881
22 0.017448200654307525 0.5013440860215054 0.022900763358778626 0.043010752688172046
22 0.1960196292257361 0.48655913978494625 0.024536532170119956 0.013440860215053764
42 0.1624863685932388 0.4879032258064516 0.019629225736095966 0.016129032258064516
1 0.1406761177753544 0.5463709677419355 0.021810250817884406 0.09274193548387097
86 0.1766630316248637 0.6129032258064516 0.024536532170119956 0.053763440860215055
86 0.09923664122137404 0.6149193548387096 0.019629225736095966 0.06854838709677419
1 0.6425845147219194 0.5228494623655914 0.025627044711014176 0.05913978494623656
1 0.7688113413304253 0.6733870967741935 0.019083969465648856 0.0913978494623656
1 0.8116139585605234 0.7782258064516129 0.023446019629225736 0.08870967741935484
1 0.8320610687022901 0.7419354838709677 0.03707742639040349 0.06048387096774194
1 0.7955288985823337 0.5645161290322581 0.020719738276990186 0.09408602150537634
1 0.8315158124318429 0.6330645161290323 0.03598691384950927 0.05510752688172043
1 0.7843511450381679 0.4939516129032258 0.023446019629225736 0.028225806451612902
1 0.6941112322791713 0.7345430107526881 0.03489640130861505 0.04704301075268817
1 0.7175572519083969 0.6713709677419355 0.021810250817884406 0.0846774193548387
1 0.6608505997818975 0.6344086021505376 0.03271537622682661 0.05779569892473118
1 0.9566521264994547 0.8380376344086021 0.03598691384950927 0.06317204301075269
1 0.8557797164667393 0.9926075268817204 0.0430752453653217 0.01478494623655914
1 0.8675027262813523 0.8373655913978495 0.03544165757906216 0.056451612903225805
25 0.7047437295528899 0.9045698924731183 0.03326063249727372 0.08602150537634409
25 0.9113958560523446 0.7096774193548387 0.03489640130861505 0.08333333333333333
25 0.8440567066521265 0.8877688172043011 0.03326063249727372 0.08198924731182795
1 0.9070338058887677 0.5248655913978495 0.03544165757906216 0.05510752688172043
49 0.7636314067611778 0.8891129032258065 0.03380588876772083 0.09811827956989247
1 0.7104689203925845 0.4905913978494624 0.021810250817884406 0.021505376344086023
1 0.6848418756815703 0.5698924731182796 0.023991275899672846 0.0913978494623656
42 0.7630861504907307 0.980510752688172 0.03653217011995638 0.038978494623655914
42 0.7420937840785169 0.7318548387096774 0.03380588876772083 0.0846774193548387
42 0.7429116684841875 0.6276881720430108 0.0321701199563795 0.08602150537634409
42 0.9133042529989095 0.8299731182795699 0.03271537622682661 0.09811827956989247
86 0.9544711014176663 0.771505376344086 0.021264994547437296 0.053763440860215055
1 0.712649945474373 0.9919354838709677 0.03707742639040349 0.016129032258064516