25 0.4195266272189349 0.23747980613893377 0.04763313609467456 0.05452342487883683
25 0.24319526627218935 0.284329563812601 0.05 0.048465266558966075
42 0.41893491124260357 0.3331987075928918 0.04260355029585799 0.04563812600969305
42 0.4437869822485207 0.4333602584814216 0.04260355029585799 0.04563812600969305
42 0.24171597633136094 0.361470113085622 0.04260355029585799 0.04402261712439418
42 0.15177514792899408 0.3727786752827141 0.04260355029585799 0.050080775444264945
42 0.10976331360946745 0.3719709208400646 0.03994082840236687 0.046445880452342485
69 0.15384615384615385 0.1332794830371567 0.04171597633136095 0.046445880452342485
49 0.15207100591715977 0.21324717285945072 0.051775147928994084 0.05533117932148627
42 0.11301775147928994 0.27463651050080773 0.04497041420118343 0.046445880452342485
49 0.32189349112426036 0.4079159935379645 0.049112426035502955 0.05896607431340872
22 0.07041420118343195 0.42245557350565427 0.018343195266272188 0.01978998384491115
3 0.15088757396449703 0.30936995153473346 0.036686390532544376 0.028675282714054926
3 0.41124260355029585 0.49596122778675283 0.0242603550295858 0.036752827140549275
42 0.18757396449704142 0.42205169628432954 0.022485207100591716 0.021405492730210016
42 0.14437869822485208 0.4212439418416801 0.022485207100591716 0.021405492730210016
42 0.4695266272189349 0.3877221324717286 0.020710059171597635 0.023424878836833602
42 0.4390532544378698 0.5411954765751211 0.038461538461538464 0.04281098546042003
96 0.37988165680473374 0.49515347334410337 0.023372781065088756 0.017770597738287562
48 0.3940828402366864 0.4745557350565428 0.016568047337278107 0.034733441033925685
35 0.46982248520710057 0.2968497576736672 0.023372781065088756 0.03594507269789984
35 0.28816568047337277 0.3218901453957997 0.020118343195266272 0.025040387722132473
96 0.15295857988165681 0.27746365105008075 0.017455621301775148 0.03150242326332795
48 0.1760355029585799 0.2879644588045234 0.0242603550295858 0.021405492730210016
33 0.8461538461538461 0.2762520193861066 0.04674556213017751 0.07027463651050081
41 0.7772189349112426 0.2762520193861066 0.0485207100591716 0.07269789983844911
32 0.7085798816568047 0.27504038772213246 0.05088757396449704 0.07269789983844911
27 0.643491124260355 0.2778675282714055 0.05088757396449704 0.07027463651050081
63 0.5748520710059172 0.2770597738287561 0.05621301775147929 0.06865912762520193
49 0.21597633136094674 0.7140549273021002 0.06035502958579882 0.0791599353796446
25 0.1952662721893491 0.5993537964458805 0.05680473372781065 0.05977382875605816
42 0.11183431952662722 0.6009693053311793 0.0485207100591716 0.0630048465266559
42 0.02603550295857988 0.8820678513731826 0.023668639053254437 0.03715670436187399
42 0.10473372781065089 0.8295638126009693 0.029585798816568046 0.035541195476575124
42 0.07751479289940828 0.8336025848142165 0.02485207100591716 0.03715670436187399
42 0.142603550295858 0.7625201938610663 0.0485207100591716 0.06946688206785137
74 0.04585798816568047 0.6462035541195477 0.0621301775147929 0.04038772213247173
1 0.004142011834319527 0.8436995153473344 0.008284023668639054 0.033117932148626815
3 0.0908284023668639 0.7152665589660743 0.023076923076923078 0.04765751211631664
48 0.11272189349112426 0.6793214862681745 0.021893491124260357 0.033117932148626815
96 0.12603550295857988 0.7148626817447497 0.01893491124260355 0.024232633279483037
63 0.9875739644970414 0.9575928917609047 0.02485207100591716 0.06865912762520193
50 0.9363905325443787 0.9551696284329564 0.05207100591715976 0.06865912762520193
59 0.8683431952662722 0.9579967689822294 0.05207100591715976 0.07350565428109855
51 0.8011834319526627 0.9592084006462036 0.04792899408284024 0.07108239095315025
60 0.7337278106508875 0.9579967689822294 0.05325443786982249 0.0654281098546042