25 0.08300616937745373 0.40240889437924643 0.0358945597307908 0.06609017912291539
25 0.21620863712843522 0.3455836936380482 0.03785754346606843 0.05867819641754169
42 0.08356702187324734 0.2862878319950587 0.03224901850813236 0.055281037677578755
42 0.06477846326416152 0.16491661519456455 0.03224901850813236 0.055281037677578755
42 0.21733034212002245 0.2523162445954293 0.03224901850813236 0.053119209388511425
42 0.2851934941110488 0.2381099444101297 0.03224901850813236 0.06084002470660902
42 0.31716208637128435 0.23934527486102533 0.03028603477285474 0.05651636812847437
69 0.28379136287156476 0.5284126003705991 0.03140773976444195 0.05651636812847437
49 0.284913067863152 0.43174799258801727 0.03897924845765564 0.06732550957381099
42 0.3146382501402131 0.35731933292155654 0.03393157599551318 0.05651636812847437
49 0.15675827257431296 0.1957998764669549 0.03701626472237801 0.07164916615194565
22 0.3466068424004487 0.1778875849289685 0.013740886146943354 0.02378011117974058
3 0.2860347728547392 0.3150092649783817 0.027762198541783512 0.034589252625077206
3 0.08945597307908021 0.08894379246448425 0.018227706113292205 0.044471896232242125
42 0.2582725743129557 0.17850525015441632 0.017106001121704992 0.025941939468807906
42 0.29080201906898484 0.17943174799258801 0.017106001121704992 0.025941939468807906
42 0.045429052159282106 0.21957998764669548 0.015703869882220976 0.028103767757875233
42 0.06842400448681997 0.034280420012353305 0.028883903533370725 0.052192711550339714
96 0.11301177790241167 0.09017912291537987 0.017666853617498597 0.021618282890673256
48 0.10235558048233315 0.11488573193329216 0.012619181155356141 0.0423100679431748
35 0.045148625911385305 0.3304508956145769 0.017666853617498597 0.043545398394070414
35 0.18227706113292205 0.29987646695491044 0.01514301738642737 0.030265596046942556
96 0.2843522153673584 0.3536133415688697 0.013180033651149748 0.03798641136504015
48 0.2669657879977566 0.34126003705991353 0.018227706113292205 0.025941939468807906
21 0.5305664610207516 0.6476219888820259 0.13684800897363994 0.0846201358863496
34 0.8606281547952889 0.6522544780728845 0.2787436904094223 0.0753551575046325
39 0.13965227145260797 0.81408276714021 0.011777902411665733 0.0253242742433601
25 0.6848008973639933 0.705373687461396 0.10992708917554683 0.030883261272390366