25 0.08096590909090909 0.3497983870967742 0.03494318181818182 0.057459677419354836
25 0.21079545454545454 0.3004032258064516 0.036931818181818184 0.05090725806451613
42 0.08125 0.24899193548387097 0.03125 0.04788306451612903
42 0.06335227272727273 0.1431451612903226 0.03125 0.04788306451612903
42 0.21164772727272727 0.21925403225806453 0.03125 0.046370967741935484
42 0.278125 0.20715725806451613 0.03125 0.052923387096774195
42 0.3090909090909091 0.20816532258064516 0.029545454545454545 0.04889112903225806
69 0.27642045454545455 0.4591733870967742 0.03068181818181818 0.04889112903225806
49 0.2778409090909091 0.3755040322580645 0.03806818181818182 0.05846774193548387
42 0.3065340909090909 0.31098790322580644 0.033238636363636366 0.04889112903225806
49 0.15284090909090908 0.17036290322580644 0.036079545454545454 0.061995967741935484
22 0.3377840909090909 0.15473790322580644 0.013636363636363636 0.02066532258064516
3 0.2786931818181818 0.27419354838709675 0.026988636363636364 0.03024193548387097
3 0.0872159090909091 0.07711693548387097 0.017897727272727273 0.03881048387096774
42 0.25170454545454546 0.15524193548387097 0.016477272727272726 0.022681451612903226
42 0.28352272727272726 0.15625 0.016477272727272726 0.022681451612903226
42 0.04431818181818182 0.19102822580645162 0.01534090909090909 0.02469758064516129
42 0.06647727272727273 0.029737903225806453 0.028125 0.04536290322580645
96 0.11022727272727273 0.078125 0.017045454545454544 0.018649193548387098
48 0.09971590909090909 0.09979838709677419 0.012215909090909092 0.03679435483870968
35 0.04375 0.2872983870967742 0.017045454545454544 0.03780241935483871
35 0.17784090909090908 0.2605846774193548 0.014772727272727272 0.02620967741935484
96 0.2772727272727273 0.3074596774193548 0.01278409090909091 0.03276209677419355
48 0.26022727272727275 0.2963709677419355 0.017897727272727273 0.022681451612903226
1 0.5028409090909091 0.4183467741935484 0.046875 0.04133064516129032
1 0.48068181818181815 0.577116935483871 0.02727272727272727 0.04536290322580645
1 0.41818181818181815 0.5761088709677419 0.028409090909090908 0.047379032258064516
1 0.3997159090909091 0.4173387096774194 0.019886363636363636 0.036290322580645164
25 0.4440340909090909 0.3346774193548387 0.045454545454545456 0.05443548387096774
1 0.43835227272727273 0.21421370967741934 0.04602272727272727 0.03578629032258065
42 0.4465909090909091 0.4128024193548387 0.04261363636363636 0.06401209677419355
86 0.3946022727272727 0.5841733870967742 0.009659090909090909 0.029233870967741934
86 0.4525568181818182 0.5846774193548387 0.020454545454545454 0.023689516129032258
86 0.5 0.375 0.027556818181818182 0.03477822580645161
93 0.32443181818181815 0.9611895161290323 0.03920454545454546 0.07056451612903226
39 0.29318181818181815 0.6733870967741935 0.013636363636363636 0.034274193548387094