25 0.39615384615384613 0.1912162162162162 0.04478021978021978 0.04391891891891892
25 0.22939560439560439 0.22905405405405405 0.04725274725274725 0.03918918918918919
42 0.3956043956043956 0.2689189189189189 0.04010989010989011 0.037162162162162164
42 0.41895604395604397 0.3493243243243243 0.04010989010989011 0.037162162162162164
42 0.2282967032967033 0.29121621621621624 0.04010989010989011 0.03513513513513514
42 0.1434065934065934 0.30067567567567566 0.04010989010989011 0.04054054054054054
42 0.10357142857142858 0.3 0.03791208791208791 0.03783783783783784
69 0.14532967032967034 0.10743243243243243 0.039285714285714285 0.03783783783783784
49 0.14368131868131867 0.17162162162162162 0.0489010989010989 0.0445945945945946
42 0.10659340659340659 0.22162162162162163 0.042582417582417584 0.03783783783783784
49 0.3038461538461538 0.3290540540540541 0.04642857142857143 0.047972972972972976
22 0.06648351648351648 0.34121621621621623 0.01730769230769231 0.016216216216216217
3 0.14258241758241758 0.24932432432432433 0.03461538461538462 0.022972972972972974
3 0.3881868131868132 0.4 0.0228021978021978 0.02972972972972973
42 0.1771978021978022 0.34054054054054056 0.021153846153846155 0.01756756756756757
42 0.13626373626373625 0.3398648648648649 0.021153846153846155 0.01756756756756757
42 0.4434065934065934 0.31283783783783786 0.01978021978021978 0.01891891891891892
42 0.4145604395604396 0.43648648648648647 0.03626373626373627 0.03445945945945946
96 0.3587912087912088 0.3993243243243243 0.02197802197802198 0.01418918918918919
48 0.371978021978022 0.3831081081081081 0.01565934065934066 0.02837837837837838
35 0.44368131868131866 0.2391891891891892 0.02197802197802198 0.029054054054054056
35 0.27197802197802196 0.2594594594594595 0.018956043956043955 0.02027027027027027
96 0.1445054945054945 0.22364864864864864 0.016483516483516484 0.025
48 0.1662087912087912 0.23243243243243245 0.0228021978021978 0.01756756756756757
93 0.9535714285714286 0.2533783783783784 0.04065934065934066 0.10405405405405406
42 0.9024725274725275 0.42905405405405406 0.02142857142857143 0.060810810810810814
39 0.9214285714285714 0.14189189189189189 0.016483516483516484 0.04864864864864865
36 0.3269230769230769 0.9668918918918918 0.05714285714285714 0.06621621621621622
100 0.23324175824175825 0.9864864864864865 0.03461538461538462 0.02702702702702703
44 0.13901098901098902 0.9486486486486486 0.04285714285714286 0.10270270270270271
14 0.046153846153846156 0.9621621621621622 0.041758241758241756 0.07567567567567568
36 0.8967032967032967 0.8851351351351351 0.05714285714285714 0.1635135135135135
100 0.8030219780219781 0.902027027027027 0.03461538461538462 0.12027027027027028
44 0.7087912087912088 0.8831081081081081 0.04285714285714286 0.23378378378378378
14 0.615934065934066 0.8837837837837837 0.041758241758241756 0.1810810810810811