25 0.3371121718377088 0.28710337768679633 0.07159904534606205 0.05527123848515865
42 0.3353221957040573 0.3751279426816786 0.060859188544152745 0.05015353121801433
42 0.2064439140811456 0.38843398157625386 0.060859188544152745 0.057318321392016376
42 0.14618138424821003 0.387410440122825 0.057279236276849645 0.05322415557830092
69 0.2094272076372315 0.11463664278403275 0.059665871121718374 0.05322415557830092
49 0.20704057279236276 0.20573183213920163 0.07398568019093078 0.06345957011258956
42 0.1509546539379475 0.2758444216990788 0.06443914081145585 0.05322415557830092
49 0.4468973747016706 0.4278403275332651 0.06563245823389022 0.06755373592630501
22 0.09009546539379475 0.4452405322415558 0.026252983293556086 0.022517911975435005
3 0.2052505966587112 0.3157625383828045 0.05250596658711217 0.032753326509723645
42 0.2577565632458234 0.44472876151484136 0.032219570405727926 0.02456499488229273
42 0.1957040572792363 0.4437052200614125 0.032219570405727926 0.02456499488229273
35 0.40155131264916466 0.33009211873080857 0.028639618138424822 0.028659160696008188
96 0.20823389021479713 0.27942681678607983 0.025059665871121718 0.03582395087001024
48 0.24105011933174225 0.29119754350051175 0.034606205250596656 0.02456499488229273
42 0.1288782816229117 0.8761514841351075 0.09665871121718377 0.08700102354145343
42 0.04474940334128878 0.9698055271238485 0.08949880668257756 0.06038894575230297
94 0.44272076372315033 0.7952917093142272 0.032219570405727926 0.07881269191402251
94 0.4003579952267303 0.8567041965199591 0.022673031026252982 0.08085977482088025
25 0.21300715990453462 0.965711361310133 0.10381861575178998 0.06857727737973388
102 0.3556085918854415 0.8643807574206755 0.06682577565632458 0.0593654042988741
46 0.41109785202863963 0.7743091095189355 0.059665871121718374 0.04503582395087001
49 0.5244630071599046 0.7850562947799385 0.07875894988066826 0.07062436028659161
69 0.5262529832935561 0.6867963152507677 0.060859188544152745 0.05834186284544524
42 0.4916467780429594 0.8597748208802457 0.02386634844868735 0.05322415557830092
25 0.6587112171837709 0.868474923234391 0.06921241050119331 0.057318321392016376
96 0.5280429594272077 0.8567041965199591 0.021479713603818614 0.027635619242579325
48 0.5626491646778043 0.8746161719549642 0.032219570405727926 0.02456499488229273
3 0.5250596658711217 0.8991811668372569 0.041766109785202864 0.030706243602865915
42 0.6599045346062052 0.9585465711361311 0.06324582338902147 0.05322415557830092
42 0.4862768496420048 0.9733879222108496 0.013126491646778043 0.05322415557830092
42 0.5274463007159904 0.9728761514841351 0.06801909307875895 0.05424769703172978