25 0.4164094488188977 0.20839622641509434 0.09527559055118111 0.08922955974842767
25 0.4992283464566929 0.5406918238993711 0.08505511811023621 0.09344339622641501
42 0.5848976377952756 0.20937106918238993 0.08056692913385821 0.08069182389937106
42 0.7613700787401575 0.16267295597484274 0.07914960629921258 0.07900943396226413
42 0.6344724409448819 0.5435062893081761 0.07733858267716538 0.08072327044025163
42 0.6550236220472441 0.7133962264150944 0.08694488188976383 0.07981132075471696
42 0.653748031496063 0.7925314465408805 0.08099212598425189 0.07688679245283016
69 0.23396850393700785 0.7088207547169811 0.08209448818897637 0.07919811320754717
49 0.37440944881889765 0.7123584905660377 0.0979055118110236 0.09716981132075464
42 0.48203149606299206 0.7862264150943397 0.08059842519685032 0.08399371069182383
49 0.7166141732283465 0.39212264150943393 0.10514960629921256 0.09160377358490565
22 0.7429133858267717 0.8666509433962265 0.03437795275590558 0.035204402515723425
3 0.5434330708661417 0.714496855345912 0.05012598425196857 0.06894654088050318
3 0.8718425196850393 0.2238993710691824 0.06388976377952746 0.04683962264150945
42 0.7415905511811024 0.6455660377358491 0.03700787401574803 0.04375786163522019
42 0.740251968503937 0.7270911949685535 0.036929133858267786 0.041713836477987376
42 0.681496062992126 0.11364779874213837 0.04015748031496063 0.038600628930817615
42 0.9515118110236221 0.17147798742138365 0.07625196850393712 0.0730503144654088
96 0.8698425196850395 0.2831132075471698 0.031039370078740216 0.04474842767295594
48 0.8338740157480314 0.2563207547169811 0.061448818897637765 0.03047169811320754
35 0.5209763779527559 0.11305031446540881 0.06292913385826777 0.04528301886792453
35 0.5654488188976378 0.4558490566037736 0.044283464566929144 0.03904088050314472
96 0.48746456692913387 0.7109433962264151 0.05628346456692915 0.03300314465408807
48 0.5053700787401575 0.6673899371069182 0.037165354330708694 0.04548742138364772