42 0.18392534617700182 0.06859410430839002 0.016857314870559904 0.02947845804988662
42 0.20800722456351595 0.023809523809523808 0.018061408789885613 0.02834467120181406
29 0.24623720650210718 0.10204081632653061 0.03431667670078266 0.03854875283446712
22 0.2341962673088501 0.05782312925170068 0.015653220951234198 0.030612244897959183
22 0.23389524382901866 0.14399092970521543 0.012040939193257074 0.02834467120181406
46 0.23389524382901866 0.1989795918367347 0.012040939193257074 0.03741496598639456
1 0.2733293196869356 0.01870748299319728 0.03853100541842264 0.03741496598639456
1 0.21312462372065022 0.15816326530612246 0.03431667670078266 0.04081632653061224
47 0.2986152919927754 0.05328798185941043 0.015051173991571343 0.045351473922902494
42 0.2679108970499699 0.15022675736961452 0.030704394942805538 0.06462585034013606
56 0.35009030704394944 0.13662131519274376 0.015653220951234198 0.03854875283446712
42 0.33654425045153524 0.10260770975056689 0.03190848886213125 0.061224489795918366
95 0.3040337146297411 0.409297052154195 0.010234798314268514 0.05442176870748299
46 0.29319686935580974 0.427437641723356 0.022275737507525588 0.023809523809523808
46 0.3305237808549067 0.4546485260770975 0.012040939193257074 0.02947845804988662
42 0.41330523780854905 0.7534013605442177 0.049367850692354005 0.10090702947845805
42 0.304635761589404 0.6054421768707483 0.024683925346177003 0.05668934240362812
42 0.30523780854906685 0.9217687074829932 0.02588801926550271 0.05328798185941043
22 0.30433473810957257 0.9875283446712018 0.018663455749548464 0.024943310657596373
22 0.304635761589404 0.8503401360544217 0.021673690547862733 0.03968253968253968
22 0.304635761589404 0.6859410430839002 0.017459361830222758 0.036281179138321996
42 0.24172185430463577 0.5391156462585034 0.025285972305839857 0.05668934240362812
86 0.25165562913907286 0.7596371882086168 0.027092113184828417 0.03968253968253968
46 0.2197471402769416 0.7556689342403629 0.027092113184828417 0.06802721088435375
46 0.27393136664659845 0.8798185941043084 0.027092113184828417 0.049886621315192746
29 0.31908488862131246 0.7517006802721088 0.052980132450331126 0.05895691609977324
42 0.36514148103552074 0.8633786848072562 0.051173991571342566 0.08843537414965986
42 0.7344972907886815 0.485827664399093 0.049367850692354005 0.032879818594104306
42 0.6267308850090307 0.6201814058956916 0.02588801926550271 0.05328798185941043
42 0.7046959662853702 0.8696145124716553 0.025285972305839857 0.045351473922902494
42 0.8181818181818182 0.7517006802721088 0.028898254063816978 0.04195011337868481
42 0.7357013847080073 0.9880952380952381 0.026490066225165563 0.023809523809523808
93 0.5568934376881397 0.8191609977324263 0.044551475015051176 0.08163265306122448
22 0.6261288380493678 0.691609977324263 0.018663455749548464 0.035147392290249435
22 0.6261288380493678 0.5487528344671202 0.021673690547862733 0.03968253968253968
86 0.5728476821192053 0.4733560090702948 0.027092113184828417 0.007936507936507936
46 0.5409391932570741 0.47845804988662133 0.027092113184828417 0.018140589569160998
46 0.5954244431065623 0.5782312925170068 0.027092113184828417 0.049886621315192746
1 0.5734497290788682 0.7239229024943311 0.054786273329319686 0.06689342403628118
42 0.6866345574954846 0.5617913832199547 0.051173991571342566 0.08843537414965986
22 0.8663455749548464 0.7505668934240363 0.02107164358819988 0.04308390022675737
22 0.9060806742925949 0.9954648526077098 0.020469596628537028 0.009070294784580499
22 0.9455147501505118 0.5470521541950113 0.018061408789885613 0.04081632653061224
1 0.9114990969295605 0.4812925170068027 0.034918723660445516 0.023809523809523808
1 0.9142083082480433 0.6660997732426304 0.036122817579771226 0.11224489795918367
95 0.9437086092715232 0.6145124716553289 0.018061408789885613 0.07936507936507936