42 0.0051140833988985055 0.02631578947368421 0.010228166797797011 0.03556187766714083
29 0.04878048780487805 0.1251778093883357 0.044846577498033044 0.04836415362731152
22 0.03304484657749803 0.06970128022759602 0.020456333595594022 0.03840682788051209
22 0.032651455546813535 0.17780938833570412 0.015735641227380016 0.03556187766714083
46 0.032651455546813535 0.24679943100995733 0.015735641227380016 0.04694167852062589
1 0.08418568056648308 0.022048364153627313 0.05035405192761605 0.044096728307254626
1 0.013768686073957514 0.19487908961593173 0.02753737214791503 0.051209103840682786
47 0.11723052714398112 0.06401137980085349 0.01966955153422502 0.05689900426742532
42 0.07710464201416208 0.1856330014224751 0.04012588512981904 0.08108108108108109
56 0.1845003933910307 0.16856330014224752 0.020456333595594022 0.04836415362731152
42 0.16679779701022818 0.12588904694167852 0.041699449252557044 0.07681365576102418
95 0.12391817466561762 0.49786628733997157 0.013375295043273014 0.04267425320056899
42 0.29543666404405977 0.6578947368421053 0.06215578284815106 0.12233285917496443
42 0.23957513768686073 0.8058321479374111 0.06294256490952006 0.112375533428165
42 0.16089693154996065 0.8029871977240398 0.07553107789142408 0.13940256045519203
39 0.16050354051927615 0.713371266002845 0.03225806451612903 0.03840682788051209
39 0.16286388670338317 0.8933143669985776 0.03147128245476003 0.02844950213371266
42 0.8048780487804879 0.9174964438122333 0.02832415420928403 0.05547652916073969
42 0.6955153422501967 0.9167852062588905 0.02832415420928403 0.05405405405405406
42 0.5833988985051141 0.9174964438122333 0.02832415420928403 0.049786628733997154
42 0.4752163650668765 0.9174964438122333 0.03147128245476003 0.049786628733997154
29 0.7663257277734068 0.9174964438122333 0.03383162863886703 0.04551920341394026
29 0.6538158929976396 0.9174964438122333 0.040912667191188044 0.03698435277382646
29 0.542486231313926 0.9203413940256046 0.03855232100708104 0.044096728307254626
29 0.43430369787568845 0.9203413940256046 0.03225806451612903 0.044096728307254626
7 0.490558615263572 0.9950213371266002 0.03068450039339103 0.00995732574679943
7 0.7136113296616837 0.9943100995732574 0.03776553894571204 0.011379800853485065
7 0.6030684500393391 0.9957325746799431 0.04012588512981904 0.008534850640113799
7 0.8308418568056648 0.9943100995732574 0.042486231313926044 0.011379800853485065
2 0.4276160503540519 0.6600284495021337 0.01966955153422502 0.044096728307254626
2 0.537765538945712 0.6394025604551921 0.01888276947285602 0.04267425320056899
2 0.6459480723839497 0.6180654338549075 0.022029897718332022 0.04694167852062589
2 0.7596380802517703 0.5981507823613087 0.01888276947285602 0.03982930298719772
42 0.47128245476003144 0.5668563300142248 0.02989771833202203 0.04267425320056899
42 0.5822187254130606 0.566145092460882 0.02675059008654603 0.05405405405405406
42 0.6927616050354052 0.566145092460882 0.025963808025177025 0.04694167852062589
42 0.8025177025963808 0.5689900426742532 0.02832415420928403 0.05405405405405406
46 0.7781274586939417 0.5668563300142248 0.01888276947285602 0.025604551920341393
46 0.6664044059795436 0.5647226173541963 0.022029897718332022 0.034139402560455195
46 0.5554681353265145 0.569701280227596 0.021243115656963022 0.029871977240398292
46 0.4437450826121164 0.5689900426742532 0.01809598741148702 0.025604551920341393