25 0.0657250755287009 0.26760213143872114 0.0847583081570997 0.09923623445825934
42 0.24506042296072506 0.27062166962699824 0.07265861027190336 0.09236234458259325
49 0.06870090634441087 0.4042628774422735 0.1016918429003021 0.10774422735346363
42 0.11738670694864048 0.5092184724689165 0.08371601208459213 0.08834813499111902
25 0.1296676737160121 0.8414920071047958 0.09178247734138971 0.10699822380106573
93 0.2943957703927492 0.673392539964476 0.07246223564954687 0.08406749555950274
47 0.48205438066465256 0.700373001776199 0.03305135951661631 0.06698046181172297
48 0.539546827794562 0.788525754884547 0.0738670694864048 0.08827708703374786
42 0.4818126888217522 0.49639431616341034 0.07927492447129912 0.09177619893428061
93 0.6341993957703927 0.7321314387211367 0.06817220543806646 0.08529307282415627
93 0.827311178247734 0.7566785079928952 0.07539274924471312 0.08593250444049733
47 0.7469486404833837 0.26751332149200713 0.02453172205438068 0.0667495559502664
47 0.8120996978851964 0.9430017761989342 0.053202416918429044 0.042007104795737285
42 0.9514652567975831 0.7255062166962699 0.08475830815709955 0.09463587921847243
39 0.8819788519637463 0.43941385435168734 0.03915407854984905 0.029467140319715764
17 0.6242900302114803 0.5627175843694494 0.026404833836858033 0.06616341030195382
39 0.3827945619335348 0.8120603907637656 0.018549848942598188 0.048152753108348156
3 0.21626888217522658 0.4738721136767318 0.06175226586102718 0.056429840142095886
96 0.21842900302114804 0.4107460035523979 0.03312688821752267 0.059360568383658996
42 0.8826737160120847 0.6396092362344583 0.035045317220543874 0.045577264653641154
42 0.4086858006042296 0.7021314387211368 0.045604229607250794 0.0414209591474246
42 0.7467069486404834 0.4351687388987567 0.03989425981873107 0.04451154529307278
42 0.40909365558912386 0.4654174067495559 0.04367069486404829 0.05241563055062165
42 0.8103625377643505 0.8568028419182948 0.0442447129909365 0.043978685612788615
42 0.2970845921450151 0.8414742451154529 0.09818731117824774 0.11989342806394317
1 0.5582779456193353 0.5868916518650089 0.09441087613293052 0.06364120781527538
36 0.46764350453172204 0.37669626998223804 0.05916918429003015 0.05181172291296628
48 0.26057401812688824 0.4299822380106572 0.030211480362537766 0.04884547069271759