25 0.039441910383686614 0.08565531475748193 0.05165012074054199 0.03199174406604747
42 0.14676683659779985 0.08668730650154799 0.043466595116715856 0.029411764705882353
49 0.04118594043466595 0.12951496388028896 0.060772739468741614 0.03457172342621259
42 0.07029782667024416 0.16305469556243551 0.04990609068956265 0.028379772961816305
25 0.07794472766299973 0.2693498452012384 0.05527233700026831 0.034055727554179564
93 0.1766836597799839 0.21517027863777088 0.043466595116715856 0.027347781217750257
47 0.2891065199892675 0.22394220846233232 0.01998926750737859 0.021671826625386997
48 0.3235846525355514 0.25232198142414863 0.04440568822108935 0.028379772961816305
42 0.2891065199892675 0.15892672858617132 0.04708881137644218 0.02889576883384933
93 0.38060101958679904 0.23426212590299278 0.040783471961363026 0.027347781217750257
93 0.49624362758250606 0.24200206398348814 0.04534478132546284 0.027347781217750257
47 0.4480815669439227 0.08565531475748193 0.015427958143278776 0.021155830753353973
47 0.4871210088543064 0.3018575851393189 0.0316608532331634 0.013415892672858616
42 0.5709686074590824 0.23219814241486067 0.0507110276361685 0.029927760577915376
39 0.5292460423933458 0.14086687306501547 0.02361148376710491 0.00980392156862745
17 0.3746981486450228 0.18008255933952527 0.015427958143278776 0.021155830753353973
39 0.2296753420982023 0.2595459236326109 0.011805741883552455 0.015479876160990712
3 0.1295948484035417 0.15170278637770898 0.037161255701636704 0.01805985552115583
96 0.13093640998121814 0.13106295149638802 0.01998926750737859 0.018575851393188854
42 0.5296485108666488 0.2043343653250774 0.020794204453984437 0.014963880288957688
42 0.24510330024148108 0.22497420020639836 0.02803863697343708 0.012899896800825593
42 0.4480815669439227 0.1393188854489164 0.02441642071371076 0.014963880288957688
42 0.24563992487255165 0.14912280701754385 0.02629460692245774 0.017027863777089782
42 0.4861819157499329 0.2739938080495356 0.02629460692245774 0.014447884416924664
42 0.17802522135766033 0.2693498452012384 0.05889455325999463 0.03869969040247678
1 0.3348537697880333 0.18782249742002063 0.05715052320901529 0.020123839009287926
36 0.28052052589213844 0.12022703818369453 0.03528306949288972 0.017027863777089782
48 0.1562919237993024 0.13777089783281735 0.018111081298631607 0.015995872033023734
67 0.822243090957875 0.05727554179566564 0.04105178427689831 0.11455108359133127
42 0.8219747786423397 0.24458204334365324 0.04105178427689831 0.15067079463364294
42 0.41427421518647706 0.42260061919504643 0.00697612020391736 0.04489164086687306
42 0.48430372954118595 0.5567595459236326 0.006171183257311511 0.03663570691434469
93 0.4706198014488865 0.5139318885448917 0.012074054199087738 0.0804953560371517
93 0.4329219211161792 0.35345717234262125 0.012074054199087738 0.06707946336429309
42 0.4633753689294339 0.3606811145510836 0.013415615776764154 0.08152734778121776
46 0.44325194526428763 0.6068111455108359 0.004829621679635095 0.0696594427244582
22 0.4848403541722565 0.6176470588235294 0.00697612020391736 0.03457172342621259
22 0.41454252750201237 0.4845201238390093 0.005768714784008586 0.04179566563467492
93 0.5175744566675611 0.3395252837977296 0.011805741883552455 0.0392156862745098
42 0.5332707271263751 0.3751289989680083 0.005634558626240944 0.04953560371517028
93 0.5335390394419104 0.47007223942208465 0.01220821035685538 0.0784313725490196
1 0.5083176817815938 0.4473684210526316 0.007244432519452643 0.07739938080495357
7 0.48524282264555946 0.36635706914344685 0.007244432519452643 0.09287925696594428
1 0.4044808156694392 0.3828689370485036 0.012610678830158305 0.04489164086687306
86 0.394821572310169 0.46388028895768835 0.008049369466058493 0.053663570691434466
86 0.5034880601019587 0.5794633642930856 0.008854306412664341 0.05985552115583075
86 0.5325999463375369 0.541795665634675 0.008585994097129058 0.05779153766769866
86 0.46686342903139255 0.4370485036119711 0.006439495572846793 0.06449948400412797
86 0.5038905285752616 0.32456140350877194 0.00965924335927019 0.009287925696594427
86 0.44258116447544943 0.34210526315789475 0.009927555674805473 0.04437564499484004
42 0.6879527770324658 0.5061919504643962 0.010732492621411323 0.04024767801857585
39 0.6647437617386638 0.4664602683178535 0.008854306412664341 0.018575851393188854
39 0.7135766031660853 0.4664602683178535 0.009390931043734908 0.016511867905056758
46 0.7408103031929165 0.8890608875128999 0.014488865038905285 0.038183694530443756
93 0.7559699490206601 0.6243550051599587 0.02012342366514623 0.07223942208462332
42 0.8133887845452106 0.5061919504643962 0.014220552723370002 0.04024767801857585
22 0.8306949288972364 0.5046439628482973 0.011805741883552455 0.03715170278637771
29 0.8543064126643413 0.47471620227038186 0.015293801985511135 0.10319917440660474
22 0.8780520525892138 0.5077399380804953 0.009927555674805473 0.04540763673890609
46 0.8848940166353636 0.5577915376676986 0.009927555674805473 0.05159958720330237
42 0.9291655486986853 0.6145510835913313 0.011805741883552455 0.04643962848297214
42 0.8936141668902603 0.5056759545923633 0.011805741883552455 0.0412796697626419
42 0.854038100348806 0.3395252837977296 0.022538234504963776 0.0392156862745098
42 0.8289508988462571 0.40092879256965946 0.02441642071371076 0.1001031991744066
93 0.8070834451301315 0.8018575851393189 0.022269922189428495 0.07636738906088751
93 0.7756909042125033 0.8890608875128999 0.03756372417493963 0.07327141382868937
1 0.7743493426348269 0.6021671826625387 0.015562114301046419 0.09287925696594428
47 0.8548430372954119 0.6486068111455109 0.015562114301046419 0.0412796697626419