25 0.3698685269653877 0.009404388714733543 0.044808156694392275 0.018025078369905956
42 0.36825865307217603 0.0932601880877743 0.041588408907968874 0.039968652037617555
49 0.30775422591896967 0.011755485893416929 0.04883284142742152 0.023510971786833857
42 0.26093372685806276 0.023510971786833857 0.03997853501475718 0.045454545454545456
25 0.11081298631607191 0.030564263322884012 0.04802790448081567 0.050940438871473356
93 0.18687952777032465 0.12147335423197492 0.03836866112154548 0.039968652037617555
47 0.17453716125570165 0.22413793103448276 0.03045344781325463 0.018025078369905956
48 0.13482693855647973 0.256269592476489 0.03997853501475718 0.04075235109717868
42 0.2665682854843037 0.22413793103448276 0.040783471961363026 0.04310344827586207
93 0.16045076469009928 0.30877742946708464 0.03836866112154548 0.03761755485893417
93 0.14931580359538502 0.414576802507837 0.03836866112154548 0.041536050156739814
47 0.3698685269653877 0.3706896551724138 0.02964851086664878 0.014106583072100314
47 0.06519989267507378 0.4059561128526646 0.01918433056077274 0.028996865203761754
39 0.29219211161792324 0.445141065830721 0.013549771934531794 0.0219435736677116
17 0.236517306144352 0.30329153605015674 0.02964851086664878 0.014106583072100314
39 0.12449691440837135 0.1700626959247649 0.021599141400590285 0.0109717868338558
3 0.2766299973168768 0.07758620689655173 0.025623826133619534 0.034482758620689655
96 0.3049369466058492 0.07915360501567398 0.026428763080225383 0.018025078369905956
42 0.2021733297558358 0.445141065830721 0.020794204453984437 0.018808777429467086
42 0.1737322243090958 0.1841692789968652 0.018379393614166892 0.02586206896551724
42 0.2942044539844379 0.3706896551724138 0.020794204453984437 0.022727272727272728
42 0.28052052589213844 0.1841692789968652 0.024013952240407834 0.024294670846394983
42 0.10410517842768983 0.4051724137931034 0.01998926750737859 0.024294670846394983
42 0.11121545478937483 0.12225705329153605 0.05446740005366246 0.054075235109717866
1 0.2257848135229407 0.2664576802507837 0.02803863697343708 0.052507836990595615
36 0.32063321706466325 0.21630094043887146 0.024013952240407834 0.03213166144200627
48 0.29661926482425544 0.10266457680250783 0.022404078347196137 0.016457680250783698