42 0.1389784946236559 0.30392156862745096 0.020967741935483872 0.02287581699346405
42 0.18655913978494623 0.3034547152194211 0.016666666666666666 0.022408963585434174
42 0.16129032258064516 0.27170868347338933 0.015860215053763442 0.023809523809523808
46 0.1303763440860215 0.23716153127917833 0.023655913978494623 0.021475256769374416
29 0.2053763440860215 0.22128851540616246 0.021774193548387097 0.045284780578898225
22 0.18064516129032257 0.23716153127917833 0.017204301075268817 0.02054154995331466
22 0.22903225806451613 0.2376283846872082 0.015860215053763442 0.015873015873015872
46 0.2599462365591398 0.2376283846872082 0.020967741935483872 0.015873015873015872
1 0.15698924731182795 0.18487394957983194 0.025 0.05088702147525677
1 0.23709677419354838 0.2647058823529412 0.023118279569892472 0.045284780578898225
46 0.12983870967741937 0.15359477124183007 0.024193548387096774 0.01680672268907563
47 0.17795698924731182 0.15172735760971054 0.025537634408602152 0.020074696545284782
42 0.2325268817204301 0.19234360410831 0.036290322580645164 0.04061624649859944
56 0.225 0.08356676003734827 0.021774193548387097 0.02054154995331466
42 0.2056451612903226 0.10177404295051354 0.034408602150537634 0.04201680672268908
25 0.01827956989247312 0.08123249299719888 0.03521505376344086 0.046218487394957986
49 0.043548387096774194 0.12791783380018673 0.04032258064516129 0.045284780578898225
95 0.37849462365591396 0.14472455648926238 0.03064516129032258 0.01353874883286648
46 0.38870967741935486 0.15873015873015872 0.013440860215053764 0.029411764705882353
46 0.4051075268817204 0.10971055088702147 0.01801075268817204 0.015873015873015872
46 0.42096774193548386 0.11017740429505135 0.012903225806451613 0.014939309056956116
39 0.6513440860215054 0.38375350140056025 0.006989247311827957 0.02334267040149393
39 0.717741935483871 0.3828197945845005 0.0064516129032258064 0.02707749766573296
39 0.8104838709677419 0.38235294117647056 0.006989247311827957 0.025210084033613446
39 0.8596774193548387 0.3646125116713352 0.012903225806451613 0.012138188608776844
39 0.9747311827956989 0.22735760971055088 0.007526881720430108 0.025210084033613446
13 0.9255376344086022 0.373015873015873 0.02043010752688172 0.06069094304388422
93 0.8145161290322581 0.2605042016806723 0.03655913978494624 0.06442577030812324
39 0.8596774193548387 0.19281045751633988 0.013978494623655914 0.015873015873015872
42 0.47258064516129034 0.5200746965452848 0.05403225806451613 0.0676937441643324
93 0.44408602150537635 0.446311858076564 0.04408602150537634 0.013071895424836602
78 0.8443548387096774 0.5686274509803921 0.08225806451612903 0.1400560224089636
76 0.842741935483871 0.7796451914098973 0.08333333333333333 0.1400560224089636
67 0.8432795698924731 0.9584500466853408 0.08225806451612903 0.08309990662931839