42 0.2947019867549669 0.5929705215419501 0.015051173991571343 0.03741496598639456
42 0.2944009632751355 0.5079365079365079 0.014449127031908489 0.02947845804988662
42 0.273630343166767 0.5527210884353742 0.015653220951234198 0.02834467120181406
46 0.25105358217941 0.6082766439909297 0.014148103552077062 0.04195011337868481
29 0.2408187838651415 0.4744897959183674 0.029500301023479832 0.03854875283446712
22 0.25105358217941 0.5187074829931972 0.013546056592414209 0.030612244897959183
22 0.25135460565924145 0.43197278911564624 0.01053582179409994 0.02834467120181406
46 0.25135460565924145 0.376984126984127 0.01053582179409994 0.03741496598639456
1 0.21703792895845875 0.5606575963718821 0.03341360626128838 0.04421768707482993
1 0.26941601444912705 0.4178004535147392 0.029500301023479832 0.04081632653061224
46 0.1962673088500903 0.6082766439909297 0.010836845273931367 0.04195011337868481
47 0.19536423841059603 0.5232426303854876 0.012944009632751354 0.045351473922902494
42 0.22185430463576158 0.4257369614512472 0.026490066225165563 0.06519274376417233
56 0.15111378687537627 0.43934240362811794 0.013546056592414209 0.03854875283446712
42 0.1628537025888019 0.47392290249433106 0.027694160144491272 0.06179138321995465
95 0.19084888621312462 0.1655328798185941 0.008729680915111379 0.054988662131519275
46 0.20018061408789886 0.14682539682539683 0.01926550270921132 0.023809523809523808
46 0.16797110174593619 0.11791383219954649 0.01053582179409994 0.031746031746031744
46 0.16827212522576762 0.08956916099773243 0.009933774834437087 0.022675736961451247
42 0.6429861529199278 0.9824263038548753 0.049367850692354005 0.035147392290249435
42 0.7513546056592414 0.8469387755102041 0.02588801926550271 0.05328798185941043
42 0.5599036724864539 0.7154195011337868 0.028898254063816978 0.04195011337868481
93 0.8211920529801324 0.6587301587301587 0.044551475015051176 0.05895691609977324
22 0.7519566526189043 0.7755102040816326 0.018663455749548464 0.035147392290249435
22 0.7519566526189043 0.9183673469387755 0.021673690547862733 0.03968253968253968
86 0.804635761589404 0.9943310657596371 0.027092113184828417 0.011337868480725623
46 0.8365442504515352 0.9892290249433107 0.027092113184828417 0.021541950113378686
46 0.7826610475617098 0.8888888888888888 0.027092113184828417 0.049886621315192746
1 0.804635761589404 0.7431972789115646 0.054786273329319686 0.06689342403628118
29 0.7375075255869958 0.9937641723356009 0.052980132450331126 0.012471655328798186
42 0.6914509331727875 0.905328798185941 0.051173991571342566 0.08843537414965986
22 0.5117399157134257 0.7165532879818595 0.02107164358819988 0.04308390022675737