25 0.32786413356361543 0.009576612903225807 0.039723661485319514 0.019153225806451613
42 0.32642487046632124 0.09979838709677419 0.03684513529073115 0.04284274193548387
49 0.27288428324697755 0.01310483870967742 0.04317789291882556 0.025705645161290324
42 0.231433506044905 0.02469758064516129 0.03540587219343696 0.04889112903225806
25 0.09815774323546345 0.03225806451612903 0.04260218767990789 0.053931451612903226
93 0.16580310880829016 0.12903225806451613 0.033966609096142776 0.04284274193548387
47 0.15457685664939552 0.23941532258064516 0.027058146229130685 0.01965725806451613
48 0.11945883707541739 0.27318548387096775 0.03540587219343696 0.04334677419354839
42 0.23632700057570524 0.23941532258064516 0.03626943005181347 0.046370967741935484
93 0.1421991940126655 0.32913306451612906 0.033966609096142776 0.039818548387096774
93 0.13241220495106507 0.4420362903225806 0.033966609096142776 0.04435483870967742
47 0.32786413356361543 0.3951612903225806 0.026194588370754175 0.015120967741935484
47 0.05785837651122625 0.4334677419354839 0.016983304548071388 0.03125
39 0.25906735751295334 0.4747983870967742 0.012089810017271158 0.023185483870967742
17 0.2095567069660334 0.3230846774193548 0.026194588370754175 0.015120967741935484
39 0.1102475532527346 0.18094758064516128 0.019286125503742084 0.011592741935483871
3 0.2452504317789292 0.08316532258064516 0.02274035693724813 0.036290322580645164
96 0.270293609671848 0.08417338709677419 0.023316062176165803 0.01965725806451613
42 0.17904432930339667 0.4753024193548387 0.018422567645365574 0.02066532258064516
42 0.15400115141047785 0.19606854838709678 0.016407599309153715 0.027721774193548387
42 0.2607944732297064 0.3951612903225806 0.018422567645365574 0.024193548387096774
42 0.24870466321243523 0.19657258064516128 0.021301093839953943 0.025705645161290324
42 0.09211283822682786 0.4324596774193548 0.017846862406447898 0.025705645161290324
42 0.09873344847438112 0.1305443548387097 0.04835924006908463 0.05796370967741935
1 0.20005757052389178 0.2842741935483871 0.02475532527345999 0.05594758064516129
36 0.28411053540587217 0.23084677419354838 0.021301093839953943 0.03477822580645161
48 0.26280944156591823 0.109375 0.019861830742659757 0.017641129032258066
35 0.9061600460564191 0.1819556451612903 0.02475532527345999 0.05342741935483871
42 0.6640759930915371 0.4873991935483871 0.05238917674150835 0.025201612903225805
86 0.050662061024755324 0.8235887096774194 0.021301093839953943 0.03931451612903226
22 0.005469199769717904 0.9163306451612904 0.010938399539435808 0.046370967741935484
93 0.0057570523891767415 0.764616935483871 0.011514104778353483 0.08366935483870967