25 0.03664772727272727 0.16842105263157894 0.048295454545454544 0.06257309941520468
42 0.13693181818181818 0.17017543859649123 0.040625 0.05789473684210526
49 0.03835227272727273 0.2543859649122807 0.05653409090909091 0.06842105263157895
42 0.065625 0.32046783625730996 0.04659090909090909 0.056140350877192984
25 0.07272727272727272 0.5298245614035088 0.051704545454545454 0.06725146198830409
93 0.16477272727272727 0.4233918128654971 0.040625 0.05380116959064327
47 0.2696022727272727 0.4409356725146199 0.018465909090909092 0.04269005847953217
48 0.30170454545454545 0.4964912280701754 0.04147727272727273 0.056140350877192984
42 0.2696022727272727 0.312280701754386 0.04403409090909091 0.05672514619883041
93 0.35511363636363635 0.460233918128655 0.03806818181818182 0.05380116959064327
93 0.4627840909090909 0.4760233918128655 0.04232954545454545 0.05380116959064327
47 0.41818181818181815 0.16842105263157894 0.014488636363636363 0.04152046783625731
47 0.45454545454545453 0.5935672514619883 0.029545454545454545 0.026900584795321637
42 0.5326704545454546 0.4567251461988304 0.047443181818181815 0.05906432748538012
39 0.49375 0.2766081871345029 0.021875 0.01871345029239766
17 0.3497159090909091 0.3543859649122807 0.014488636363636363 0.04152046783625731
39 0.21420454545454545 0.5105263157894737 0.011079545454545455 0.0304093567251462
3 0.12102272727272727 0.2982456140350877 0.03465909090909091 0.03567251461988304
96 0.12215909090909091 0.2578947368421053 0.018465909090909092 0.03684210526315789
42 0.4940340909090909 0.4023391812865497 0.019318181818181818 0.029239766081871343
42 0.22869318181818182 0.4421052631578947 0.026136363636363635 0.025730994152046785
42 0.41818181818181815 0.2736842105263158 0.022727272727272728 0.029239766081871343
42 0.22897727272727272 0.2929824561403509 0.024431818181818183 0.03333333333333333
42 0.4536931818181818 0.5391812865497077 0.024431818181818183 0.028070175438596492
42 0.16619318181818182 0.5298245614035088 0.05482954545454546 0.07602339181286549
1 0.3125 0.3695906432748538 0.053125 0.0391812865497076
36 0.2616477272727273 0.23684210526315788 0.03295454545454545 0.03333333333333333
48 0.14573863636363638 0.27076023391812865 0.017045454545454544 0.031578947368421054
65 0.9576704545454545 0.028070175438596492 0.03465909090909091 0.056140350877192984
65 0.9585227272727272 0.1824561403508772 0.035227272727272725 0.07251461988304093
65 0.9582386363636364 0.347953216374269 0.03238636363636364 0.07368421052631578
65 0.9579545454545455 0.5116959064327485 0.03465909090909091 0.07602339181286549
73 0.9724431818181818 0.10701754385964912 0.055113636363636365 0.047953216374269005
73 0.9727272727272728 0.27134502923976606 0.05454545454545454 0.03742690058479532
73 0.971875 0.43333333333333335 0.05625 0.04327485380116959
73 0.9727272727272728 0.5982456140350877 0.05454545454545454 0.050292397660818715
42 0.7741477272727273 0.15497076023391812 0.01875 0.03976608187134503
42 0.7732954545454546 0.31871345029239767 0.021022727272727273 0.050292397660818715
42 0.7727272727272727 0.4818713450292398 0.020454545454545454 0.03625730994152047
42 0.721875 0.04035087719298246 0.02215909090909091 0.042105263157894736
42 0.7215909090909091 0.20292397660818715 0.02159090909090909 0.042105263157894736
42 0.721875 0.3695906432748538 0.019886363636363636 0.042105263157894736
42 0.721875 0.5304093567251462 0.019886363636363636 0.04678362573099415
29 0.721875 0.0976608187134503 0.01818181818181818 0.050292397660818715
29 0.721875 0.2649122807017544 0.014772727272727272 0.0608187134502924
29 0.7230113636363636 0.4304093567251462 0.017613636363636363 0.05730994152046784
29 0.7230113636363636 0.5912280701754385 0.017613636363636363 0.047953216374269005
79 0.8991477272727273 0.10584795321637427 0.015909090909090907 0.021052631578947368
79 0.9011363636363636 0.2736842105263158 0.01875 0.02456140350877193
79 0.899715909090909 0.43450292397660817 0.01818181818181818 0.026900584795321637
79 0.899715909090909 0.6011695906432749 0.016477272727272726 0.025730994152046785
22 0.9204545454545454 0.10935672514619883 0.007954545454545454 0.02456140350877193
22 0.9201704545454545 0.27485380116959063 0.010795454545454546 0.026900584795321637
22 0.9193181818181818 0.4368421052631579 0.013636363636363636 0.029239766081871343
22 0.9201704545454545 0.6011695906432749 0.010795454545454546 0.026900584795321637
7 0.7588068181818182 0.5076023391812865 0.015909090909090907 0.0456140350877193
7 0.7579545454545454 0.17543859649122806 0.01534090909090909 0.056140350877192984
7 0.7579545454545454 0.33976608187134505 0.013068181818181817 0.05964912280701754
7 0.75625 0.016374269005847954 0.0125 0.03274853801169591
2 0.6190340909090909 0.6011695906432749 0.017613636363636363 0.029239766081871343
2 0.6107954545454546 0.43742690058479533 0.017045454545454544 0.028070175438596492
2 0.6022727272727273 0.2766081871345029 0.01875 0.03274853801169591
2 0.5943181818181819 0.10760233918128655 0.015909090909090907 0.028070175438596492
42 0.5818181818181818 0.5362573099415204 0.017045454545454544 0.044444444444444446
42 0.5815340909090909 0.3713450292397661 0.02159090909090909 0.03976608187134503
42 0.5815340909090909 0.20701754385964913 0.01875 0.03859649122807018
42 0.5826704545454545 0.043859649122807015 0.02159090909090909 0.042105263157894736
46 0.5818181818181818 0.08011695906432749 0.010227272727272727 0.028070175438596492
46 0.5809659090909091 0.24619883040935672 0.013636363636363636 0.03274853801169591
46 0.5829545454545455 0.4111111111111111 0.011931818181818182 0.031578947368421054
46 0.5826704545454545 0.5771929824561404 0.010227272727272727 0.026900584795321637
93 0.1318181818181818 0.8321637426900584 0.042045454545454546 0.08304093567251462
46 0.12272727272727273 0.9309941520467836 0.03238636363636364 0.04327485380116959
93 0.1965909090909091 0.9298245614035088 0.07670454545454546 0.07719298245614035
46 0.5528409090909091 0.9251461988304094 0.013636363636363636 0.044444444444444446
25 0.5960227272727273 0.6941520467836257 0.04772727272727273 0.09473684210526316
42 0.5980113636363636 0.8608187134502924 0.048295454545454544 0.09005847953216374
35 0.6221590909090909 0.9543859649122807 0.023863636363636365 0.04327485380116959