42 0.23581798483206934 0.6914311594202899 0.03541711809317443 0.05356884057971024
42 0.3164030335861322 0.6897826086956521 0.02912242686890574 0.050253623188405816
42 0.27371614301191766 0.6175362318840579 0.027139761646803883 0.05518115942028992
46 0.2207583965330444 0.5392028985507246 0.04037919826652219 0.04793478260869572
29 0.3481798483206934 0.5023913043478261 0.0370639219934995 0.10382246376811599
22 0.3059804983748646 0.5386413043478261 0.030119176598049788 0.04682971014492758
22 0.3885590465872156 0.5397463768115942 0.02647887323943668 0.03576086956521741
46 0.4408559046587216 0.5397463768115942 0.03574214517876491 0.03576086956521741
1 0.2659371614301192 0.42018115942028983 0.0413759479956663 0.11539855072463771
1 0.4019609967497291 0.6023188405797102 0.03938244853737814 0.10333333333333326
46 0.21992416034669557 0.34875 0.04070422535211267 0.03894927536231884
47 0.30151679306608886 0.34543478260869565 0.04302275189599137 0.04559782608695655
42 0.39418201516793067 0.43706521739130433 0.06156013001083429 0.09269927536231881
56 0.38111592632719393 0.19043478260869567 0.037399783315276255 0.04769927536231881
42 0.3488407367280607 0.23085144927536233 0.05825568797399781 0.09534420289855072
25 0.03061755146262189 0.18461956521739128 0.05924160346695558 0.10583333333333336
49 0.07380281690140846 0.2911956521739131 0.0681798483206934 0.1031340579710145
95 0.6417443120260022 0.3288224637681159 0.05229685807150594 0.03230072463768113
46 0.6594582881906825 0.361213768115942 0.02217768147345615 0.0671920289855073
46 0.6867605633802817 0.24940217391304345 0.03111592632719396 0.036141304347826066
46 0.7139003250270856 0.2502355072463768 0.021841820151679396 0.034492753623188446