42 0.007692307692307693 0.4883241758241758 0.015384615384615385 0.03983516483516483
42 0.04970414201183432 0.4876373626373626 0.015384615384615385 0.038461538461538464
42 0.026331360946745562 0.4326923076923077 0.014792899408284023 0.04120879120879121
46 0.004142011834319527 0.37293956043956045 0.008284023668639054 0.03708791208791209
29 0.06715976331360947 0.34546703296703296 0.020118343195266272 0.0782967032967033
22 0.04408284023668639 0.37293956043956045 0.015976331360946745 0.03571428571428571
22 0.08905325443786982 0.37362637362637363 0.014792899408284023 0.027472527472527472
46 0.11775147928994083 0.37362637362637363 0.01952662721893491 0.027472527472527472
1 0.022189349112426034 0.28296703296703296 0.023076923076923078 0.08791208791208792
1 0.09644970414201183 0.4210164835164835 0.021301775147928994 0.0782967032967033
46 0.004142011834319527 0.2287087912087912 0.008284023668639054 0.028846153846153848
47 0.04171597633136095 0.22596153846153846 0.023668639053254437 0.034340659340659344
42 0.09230769230769231 0.2960164835164835 0.03372781065088758 0.07005494505494506
56 0.08520710059171598 0.10851648351648352 0.020118343195266272 0.03571428571428571
42 0.06745562130177515 0.13942307692307693 0.03195266272189349 0.07280219780219781
95 0.2275147928994083 0.2135989010989011 0.028402366863905324 0.023351648351648352
46 0.23698224852071006 0.23832417582417584 0.01242603550295858 0.050824175824175824
46 0.25207100591715975 0.15315934065934067 0.016568047337278107 0.027472527472527472
46 0.2668639053254438 0.15384615384615385 0.011834319526627219 0.0260989010989011
49 0.7594674556213018 0.06799450549450549 0.08698224852071006 0.13598901098901098
66 0.7597633136094675 0.3475274725274725 0.09230769230769231 0.21565934065934067