25 0.03016453382084095 0.15245098039215688 0.039609993906154786 0.056862745098039215
42 0.11243144424131626 0.15441176470588236 0.033211456429006705 0.052450980392156864
49 0.031687995124923825 0.23039215686274508 0.04661791590493602 0.061764705882352944
42 0.05393053016453382 0.2897058823529412 0.038086532602071906 0.050490196078431374
25 0.05971968312004875 0.47941176470588237 0.04235222425350396 0.060784313725490195
93 0.13528336380255943 0.38333333333333336 0.033211456429006705 0.04852941176470588
47 0.22151127361365022 0.3990196078431373 0.015234613040828763 0.03823529411764706
48 0.2477148080438757 0.44901960784313727 0.03412553321145643 0.050490196078431374
42 0.22151127361365022 0.28284313725490196 0.03595368677635588 0.051470588235294115
93 0.2915904936014625 0.4166666666666667 0.03138330286410725 0.04852941176470588
93 0.37995124923826934 0.4308823529411765 0.03473491773308958 0.04852941176470588
47 0.34308348567946373 0.15245098039215688 0.011882998171846435 0.03725490196078431
47 0.37294332723948814 0.5372549019607843 0.02437538086532602 0.024509803921568627
42 0.4372333942717855 0.41323529411764703 0.039000609384521635 0.053431372549019605
39 0.4052407068860451 0.25049019607843137 0.01797684338817794 0.01715686274509804
17 0.2870201096892139 0.3205882352941177 0.011882998171846435 0.03725490196078431
39 0.17580743449116393 0.46225490196078434 0.009140767824497258 0.027450980392156862
3 0.09932967702620353 0.27009803921568626 0.0283363802559415 0.03235294117647059
96 0.10024375380865326 0.2338235294117647 0.015234613040828763 0.03333333333333333
42 0.40554539914686166 0.3642156862745098 0.015843997562461912 0.026470588235294117
42 0.18769043266301036 0.4 0.021633150517976842 0.02303921568627451
42 0.34308348567946373 0.24803921568627452 0.018890920170627667 0.026470588235294117
42 0.18799512492382695 0.26519607843137255 0.02010968921389397 0.030392156862745098
42 0.37233394271785497 0.48823529411764705 0.02010968921389397 0.025490196078431372
42 0.1365021328458257 0.47941176470588237 0.04509445460085314 0.06862745098039216
1 0.25655088360755635 0.33431372549019606 0.043875685557586835 0.03529411764705882
36 0.21480804387568556 0.21470588235294116 0.027117611212675197 0.030392156862745098
48 0.11974405850091407 0.2446078431372549 0.014015843997562462 0.028431372549019607