25 0.4044309296264118 0.012280701754385965 0.04908774978279757 0.02456140350877193
42 0.40269331016507387 0.12543859649122807 0.045612510860121636 0.05350877192982456
49 0.3362293657688966 0.015789473684210527 0.05386620330147698 0.031578947368421054
42 0.28540399652476106 0.031578947368421054 0.043874891398783665 0.06140350877192982
25 0.12119895742832319 0.0412280701754386 0.052562988705473504 0.06842105263157895
93 0.2046046915725456 0.1631578947368421 0.0421372719374457 0.05350877192982456
47 0.1907037358818419 0.3017543859649123 0.03344917463075586 0.02456140350877193
48 0.1476976542137272 0.34385964912280703 0.043874891398783665 0.054385964912280704
42 0.291485664639444 0.3017543859649123 0.04474370112945265 0.05789473684210526
93 0.17549956559513466 0.4149122807017544 0.0421372719374457 0.05
93 0.1633362293657689 0.5570175438596491 0.0421372719374457 0.056140350877192984
47 0.4044309296264118 0.4982456140350877 0.03258036490008688 0.01929824561403509
47 0.07124239791485665 0.5456140350877193 0.020851433536055605 0.039473684210526314
39 0.3197219808861859 0.5982456140350877 0.014769765421372719 0.02894736842105263
17 0.2584708948740226 0.4070175438596491 0.03258036490008688 0.01929824561403509
39 0.1359687228496959 0.22807017543859648 0.023457862728062554 0.014912280701754385
3 0.3023457862728063 0.10438596491228071 0.02780191138140747 0.0456140350877193
96 0.3336229365768897 0.10614035087719298 0.028670721112076455 0.02456140350877193
42 0.2211120764552563 0.5982456140350877 0.022589052997393572 0.02543859649122807
42 0.1898349261511729 0.24736842105263157 0.01998262380538662 0.03508771929824561
42 0.3218940052128584 0.4982456140350877 0.022589052997393572 0.02982456140350877
42 0.30668983492615115 0.24736842105263157 0.026064291920069503 0.03245614035087719
42 0.11381407471763684 0.5447368421052632 0.021720243266724587 0.03245614035087719
42 0.12163336229365769 0.16403508771929826 0.05951346655082537 0.07280701754385965
1 0.2467419635099913 0.35789473684210527 0.030842745438748913 0.07017543859649122
36 0.35056472632493485 0.2912280701754386 0.026064291920069503 0.043859649122807015
48 0.3245004344048653 0.13771929824561405 0.02432667245873154 0.02280701754385965
42 0.687228496959166 0.7429824561403509 0.029539530842745437 0.06140350877192982
25 0.7645525629887054 0.9868421052631579 0.05039096437880104 0.02631578947368421