25 0.44634906500445237 0.006359300476947536 0.05387355298308103 0.012718600953895072
42 0.4445681211041852 0.06756756756756757 0.05031166518254675 0.028616852146263912
49 0.3715494211932324 0.008744038155802861 0.058993766696349065 0.017488076311605722
42 0.31500445235975066 0.016693163751987282 0.04830810329474622 0.033386327503974564
25 0.13379341050756902 0.022257551669316374 0.0578806767586821 0.03656597774244833
93 0.2257346393588602 0.08744038155802862 0.04630454140694568 0.028616852146263912
47 0.21059661620658948 0.16216216216216217 0.03673196794300979 0.013513513513513514
48 0.16295636687444345 0.18521462639109698 0.04830810329474622 0.029411764705882353
42 0.3219056099732858 0.16216216216216217 0.049198575244879784 0.031001589825119236
93 0.19367764915405164 0.22257551669316375 0.04630454140694568 0.02702702702702703
93 0.1803205699020481 0.29968203497615264 0.04630454140694568 0.030206677265500796
47 0.44657168299198574 0.26788553259141495 0.03584149599287623 0.010333863275039745
47 0.07880676758682101 0.2933227344992051 0.02315227070347284 0.02066772655007949
39 0.35284951024042743 0.32114467408585057 0.01647373107747106 0.01589825119236884
17 0.28561887800534286 0.21860095389507153 0.03584149599287623 0.010333863275039745
39 0.15026714158504006 0.12241653418124006 0.026046304541406946 0.00794912559618442
3 0.333926981300089 0.05643879173290938 0.030943900267141587 0.0246422893481717
96 0.3682101513802315 0.057233704292527825 0.031834372217275156 0.013513513513513514
42 0.2439893143365984 0.321939586645469 0.025155832591273374 0.013513513513513514
42 0.20970614425645592 0.1327503974562798 0.02226179875333927 0.018282988871224166
42 0.35507569011576134 0.26788553259141495 0.025155832591273374 0.01589825119236884
42 0.3388245770258237 0.13354531001589826 0.02894033837934105 0.017488076311605722
42 0.12555654496883348 0.29252782193958665 0.024265360641139804 0.017488076311605722
42 0.1342386464826358 0.08823529411764706 0.06567230632235084 0.038950715421303655
1 0.27248441674087265 0.19236883942766295 0.03383793410507569 0.03815580286168521
36 0.3871326803205699 0.15659777424483307 0.02894033837934105 0.02384737678855326
48 0.3579697239536955 0.0739268680445151 0.02715939447907391 0.01192368839427663
39 0.8459483526268923 0.1589825119236884 0.009349955476402494 0.06518282988871224
42 0.31500445235975066 0.48807631160572335 0.040516473731077474 0.15262321144674085
22 0.35529830810329477 0.7782193958664547 0.018699910952804988 0.06200317965023847
22 0.20948352626892253 0.8171701112877583 0.020035618878005344 0.06995230524642289
93 0.2709260908281389 0.9054054054054054 0.03784505788067676 0.1192368839427663
93 0.3250222617987533 0.9483306836248012 0.032056990204808546 0.10333863275039745
46 0.15917186108637577 0.9014308426073132 0.027604630454140695 0.06200317965023847
42 0.23664292074799645 0.8108108108108109 0.016028495102404273 0.06359300476947535
1 0.25467497773820125 0.71939586645469 0.017809439002671415 0.10969793322734499
7 0.3058771148708816 0.8211446740858506 0.039180765805877114 0.07154213036565978
86 0.2784951024042743 0.9809220985691574 0.013802315227070348 0.03815580286168521
86 0.2252894033837934 0.6406995230524642 0.020480854853072127 0.06359300476947535
86 0.28851291184327693 0.6383147853736089 0.016028495102404273 0.08108108108108109
86 0.3450578806767587 0.9697933227344993 0.016918967052537846 0.05405405405405406
86 0.372439893143366 0.9538950715421304 0.0182546749777382 0.08108108108108109
42 0.3808993766696349 0.7678855325914149 0.013802315227070348 0.06041335453100159
46 0.9666073018699911 0.7416534181240063 0.029385574354407838 0.06518282988871224
42 0.9214158504007124 0.951510333863275 0.03784505788067676 0.09697933227344992