49 0.023066485753052916 0.036243822075782535 0.04613297150610583 0.07248764415156507
42 0.044097693351424695 0.11943986820428336 0.07462686567164178 0.08237232289950576
93 0.20352781546811397 0.27182866556836904 0.06512890094979647 0.07907742998352553
47 0.37177747625508817 0.29736408566721584 0.029850746268656716 0.06260296540362438
48 0.4226594301221167 0.36326194398682043 0.06648575305291723 0.051070840197693576
42 0.37177747625508817 0.10790774299835255 0.07055630936227951 0.08401976935749589
93 0.508819538670285 0.3261943986820428 0.06105834464043419 0.07907742998352553
93 0.6580732700135685 0.34925864909390447 0.021709633649932156 0.07907742998352553
17 0.5 0.1696869851729819 0.023066485753052916 0.060955518945634266
39 0.2829036635006784 0.3830313014827018 0.017639077340569877 0.011532125205930808
3 0.13297150610583447 0.08731466227347612 0.05563093622795115 0.05271828665568369
96 0.1350067842605156 0.02800658978583196 0.029850746268656716 0.054365733113673806
42 0.30597014925373134 0.2990115321252059 0.04206241519674356 0.03789126853377265
42 0.6099050203527816 0.051070840197693576 0.036635006784260515 0.042833607907743
42 0.3066485753052917 0.07907742998352553 0.03934871099050204 0.04942339373970346
1 0.44029850746268656 0.19192751235584843 0.08548168249660787 0.057660626029654036
36 0.35888738127544095 0.01070840197693575 0.052917232021709636 0.0214168039538715
48 0.17299864314789687 0.04612850082372323 0.027137042062415198 0.04612850082372323
42 0.8541383989145184 0.2751235584843493 0.04206241519674356 0.051070840197693576
42 0.9016282225237449 0.32042833607907745 0.04477611940298507 0.054365733113673806
34 0.9843962008141113 0.30065897858319607 0.031207598371777476 0.12355848434925865
42 0.36906377204884666 0.7108731466227347 0.07598371777476255 0.09390444810543658
1 0.34599728629579374 0.8171334431630972 0.08683853459972862 0.06589785831960461
7 0.26322930800542743 0.6630971993410214 0.035278154681139755 0.08072487644151564
22 0.19131614654002713 0.6721581548599671 0.027137042062415198 0.04942339373970346
42 0.12618724559023067 0.6705107084019769 0.04206241519674356 0.04118616144975288
42 0.26865671641791045 0.8978583196046128 0.029850746268656716 0.04612850082372323
42 0.7306648575305291 0.4439868204283361 0.07462686567164178 0.07907742998352553
42 0.966078697421981 0.7397034596375618 0.06784260515603799 0.085667215815486
42 0.6913161465400272 0.613673805601318 0.04477611940298507 0.09060955518945635
46 0.8012211668928086 0.7042833607907742 0.031207598371777476 0.04612850082372323
46 0.8297150610583447 0.671334431630972 0.04613297150610583 0.032948929159802305
22 0.7632293080054274 0.5601317957166392 0.037991858887381276 0.032948929159802305
47 0.7306648575305291 0.6754530477759473 0.05834464043419267 0.042833607907743
38 0.7306648575305291 0.613673805601318 0.03934871099050204 0.03459637561779242
39 0.8405698778833107 0.5057660626029654 0.029850746268656716 0.018121911037891267
47 0.7327001356852103 0.7454695222405272 0.04613297150610583 0.03130148270181219
25 0.9681139755766621 0.443163097199341 0.06377204884667571 0.09555189456342669
35 0.907055630936228 0.9555189456342669 0.04206241519674356 0.04612850082372323
1 0.8297150610583447 0.42915980230642503 0.05834464043419267 0.08072487644151564