25 0.12666996536368136 0.5872434017595308 0.03537852548243444 0.024193548387096774
42 0.12815437902028698 0.4802052785923754 0.03290450272142504 0.051319648093841645
49 0.1751608114794656 0.5835777126099707 0.03859475507174666 0.03225806451612903
42 0.21301335972290944 0.5696480938416423 0.03166749134092034 0.05865102639296188
25 0.3317664522513607 0.5608504398826979 0.03809995051954478 0.06524926686217009
93 0.27164769915883225 0.44501466275659823 0.030430479960415636 0.051319648093841645
47 0.2812963879267689 0.312316715542522 0.023998020781791193 0.02346041055718475
48 0.31271647699158833 0.2719941348973607 0.03166749134092034 0.05205278592375367
42 0.20856011875309252 0.312316715542522 0.03240969816922316 0.05571847507331378
93 0.2924294903513112 0.20527859237536658 0.030430479960415636 0.047653958944281524
93 0.30133597229094505 0.0689149560117302 0.030430479960415636 0.053519061583577714
47 0.12666996536368136 0.125366568914956 0.023503216229589313 0.018328445747800588
47 0.36788718456209796 0.07991202346041056 0.015091538842157347 0.0373900293255132
39 0.18827313211281543 0.030058651026392963 0.010885700148441365 0.02785923753665689
17 0.2323107372587828 0.2118768328445748 0.023503216229589313 0.018328445747800588
39 0.3211281543790203 0.38269794721407624 0.01707075705096487 0.013929618768328446
3 0.20064324591786245 0.5 0.02028698664027709 0.04398826979472141
96 0.1781296387926769 0.49853372434017595 0.021029193468579913 0.02346041055718475
42 0.2595249876298862 0.030058651026392963 0.016575952498762987 0.024193548387096774
42 0.28203859475507176 0.36436950146627567 0.014596734289955468 0.032991202346041054
42 0.18654131618010886 0.125366568914956 0.016575952498762987 0.028592375366568914
42 0.19742701632855023 0.36363636363636365 0.01904997525977239 0.030791788856304986
42 0.3372093023255814 0.08064516129032258 0.01583374567046017 0.030791788856304986
42 0.33151904997525977 0.44281524926686217 0.043047996041563584 0.0689149560117302
1 0.24096981692231567 0.2587976539589443 0.022266204849084613 0.06744868035190615
36 0.16575952498762989 0.3225806451612903 0.01904997525977239 0.041788856304985335
48 0.18480950024740228 0.46847507331378296 0.017812963879267688 0.02126099706744868
25 0.6467095497278575 0.40689149560117305 0.03859475507174666 0.11436950146627566
42 0.7283523008411678 0.5293255131964809 0.04106877783275606 0.12463343108504399
42 0.7634834240475012 0.32038123167155425 0.03809995051954478 0.11436950146627566
42 0.7273626917367639 0.40762463343108507 0.03859475507174666 0.12903225806451613
46 0.8035625927758535 0.5843108504398827 0.01880257298367145 0.030791788856304986
47 0.8377041068777833 0.20821114369501467 0.014844136566056407 0.08064516129032258
46 0.8047996041563582 0.09897360703812316 0.01682335477486393 0.08797653958944282
46 0.8040573973280554 0.3181818181818182 0.01830776843146957 0.08357771260997067
46 0.7763483424047501 0.5256598240469208 0.027214250371103414 0.039589442815249266
46 0.7778327560613557 0.40982404692082114 0.028203859475507173 0.04105571847507331
87 0.7906976744186046 0.20307917888563048 0.04403760514596734 0.10117302052785923