42 0.23516483516483516 0.03631578947368421 0.019230769230769232 0.037894736842105266
42 0.23543956043956044 0.12157894736842105 0.018406593406593407 0.029473684210526315
42 0.2620879120879121 0.07631578947368421 0.01978021978021978 0.028421052631578948
46 0.2906593406593407 0.021052631578947368 0.017857142857142856 0.042105263157894736
29 0.3038461538461538 0.15526315789473685 0.037637362637362635 0.03894736842105263
22 0.2906593406593407 0.11052631578947368 0.01730769230769231 0.030526315789473683
22 0.2903846153846154 0.19736842105263158 0.013186813186813187 0.028421052631578948
46 0.2903846153846154 0.25263157894736843 0.013186813186813187 0.037894736842105266
1 0.33406593406593404 0.06842105263157895 0.04230769230769231 0.04421052631578947
1 0.2675824175824176 0.21157894736842106 0.037637362637362635 0.04105263157894737
46 0.3598901098901099 0.020526315789473684 0.014010989010989012 0.04105263157894737
47 0.36153846153846153 0.10631578947368421 0.016483516483516484 0.045789473684210526
42 0.32774725274725275 0.2036842105263158 0.03379120879120879 0.06473684210526316
56 0.41785714285714287 0.19 0.01730769230769231 0.03894736842105263
42 0.40302197802197803 0.15578947368421053 0.03489010989010989 0.06157894736842105
95 0.36730769230769234 0.46421052631578946 0.011263736263736264 0.05473684210526316
46 0.3554945054945055 0.48210526315789476 0.02445054945054945 0.024210526315789474
46 0.3964285714285714 0.511578947368421 0.013186813186813187 0.032105263157894734
46 0.39615384615384613 0.54 0.012637362637362638 0.022631578947368423
93 0.1532967032967033 0.6457894736842106 0.04065934065934066 0.03263157894736842
42 0.10274725274725274 0.7594736842105263 0.02142857142857143 0.04842105263157895
95 0.0717032967032967 0.8752631578947369 0.01703296703296703 0.07789473684210527