42 0.3930993218986837 0.6026743075453678 0.02014359792580774 0.038204393505253106
42 0.39270043877143995 0.5162368672397326 0.019345831671320302 0.03008595988538682
42 0.3649780614280016 0.5620821394460362 0.020741922616673316 0.02913085004775549
46 0.3348623853211009 0.6184336198662846 0.01874750698045473 0.04297994269340974
29 0.3209014758675708 0.48233046800382046 0.03948942959712804 0.039637058261700095
22 0.3348623853211009 0.5276981852913085 0.017949740725967292 0.03151862464183381
22 0.3350618268847228 0.4393505253104107 0.013960909453530115 0.02913085004775549
46 0.3350618268847228 0.38299904489016234 0.013960909453530115 0.038204393505253106
1 0.2893897088153171 0.5702005730659025 0.04427602712405265 0.04536771728748806
1 0.35899481451934584 0.4250238777459408 0.03948942959712804 0.04154727793696275
46 0.26166733147187876 0.6184336198662846 0.014559234144395692 0.04297994269340974
47 0.26067012365376946 0.5319961795606495 0.017351416035101715 0.04632282712511939
42 0.29597128041483844 0.43314231136580705 0.03530115676106901 0.0659025787965616
56 0.20143597925807738 0.4469914040114613 0.017949740725967292 0.039637058261700095
42 0.21699242122058238 0.4818529130850048 0.03669724770642202 0.06255969436485195
95 0.2544874351814918 0.16809933142311365 0.011767052253689668 0.055873925501432664
46 0.26685281212604706 0.14947468958930277 0.025727961707219783 0.024355300859598854
46 0.22397287594734744 0.11986628462273162 0.013960909453530115 0.03247373447946514
46 0.22417231751096928 0.09121298949379178 0.01316314319904268 0.023400191021967526
42 0.3500199441563622 0.9813753581661891 0.03310729956122856 0.03724928366762178
42 0.42022337455125647 0.8801337153772684 0.03789389708815317 0.08595988538681948
42 0.2840047865975269 0.8829990448901623 0.017949740725967292 0.04775549188156638
25 0.39569206222576786 0.9794651384909264 0.03191065017949741 0.041069723018147083
22 0.5123653769445552 0.9493791786055397 0.01316314319904268 0.033428844317096466
22 0.5534503390506581 0.8815663801337154 0.01874750698045473 0.04393505253104107
1 0.5143597925807738 0.9899713467048711 0.029118468288791385 0.02005730659025788
1 0.5235341045073794 0.8113658070678128 0.02512963701635421 0.10792741165234002
1 0.5215396888711608 0.6523400191021967 0.02114080574391703 0.024832855778414518
46 0.2323494216194655 0.944603629417383 0.02114080574391703 0.033428844317096466
46 0.19485440765855605 0.9426934097421203 0.021938571998404467 0.033428844317096466
93 0.4407658556043079 0.9493791786055397 0.029916234543278818 0.06876790830945559
22 0.5009972078181093 0.7158548233046801 0.011966493817311527 0.041069723018147083
39 0.5139609094535301 0.7110792741165234 0.008775428799361787 0.03533906399235912
95 0.5015955325089748 0.66189111747851 0.01316314319904268 0.04393505253104107
42 0.5837654567211807 0.8863419293218721 0.015556441962504986 0.041069723018147083
95 0.24112485041882728 0.6738299904489016 0.014758675708017551 0.05921680993314231
1 0.3201037096130834 0.9828080229226361 0.02512963701635421 0.034383954154727794
1 0.3209014758675708 0.8085004775549188 0.02114080574391703 0.09264565425023878
1 0.3209014758675708 0.6509073543457498 0.02114080574391703 0.021967526265520534
22 0.30614280015955325 0.8829990448901623 0.01316314319904268 0.03151862464183381
23 0.31711208615875547 0.938872970391595 0.011168727562824093 0.03151862464183381
86 0.8268847227762266 0.7841451766953199 0.014758675708017551 0.03724928366762178
22 0.8607897885919426 0.6962750716332379 0.01316314319904268 0.04393505253104107
93 0.8687674511368169 0.839541547277937 0.029916234543278818 0.07927411652340019