42 0.17242406194163193 0.014058679706601468 0.017272185824895772 0.028117359413202935
42 0.17301965455628351 0.09963325183374083 0.016676593210244194 0.03178484107579462
42 0.19684335914234663 0.05134474327628362 0.01786777843954735 0.030562347188264057
46 0.2224538415723645 0.007334963325183374 0.016081000595592615 0.014669926650366748
29 0.23466349017272187 0.1356968215158924 0.033948779035139966 0.04156479217603912
22 0.2227516378796903 0.08801955990220049 0.015485407980941036 0.03300733496332518
22 0.2224538415723645 0.18092909535452323 0.011911852293031567 0.030562347188264057
46 0.2224538415723645 0.2402200488997555 0.011911852293031567 0.040342298288508556
1 0.2617629541393687 0.042787286063569685 0.038117927337701016 0.04767726161369193
1 0.20190589636688505 0.19621026894865526 0.033948779035139966 0.044009779951100246
46 0.28499106611078023 0.006723716381418093 0.012507444907683145 0.013447432762836185
47 0.2864800476474092 0.08312958435207823 0.014889815366289458 0.0488997555012225
42 0.25610482430017867 0.1876528117359413 0.030375223347230494 0.06968215158924206
56 0.3374032162001191 0.17298288508557458 0.015485407980941036 0.04156479217603912
42 0.3240023823704586 0.1363080684596577 0.03156640857653365 0.06601466992665037
102 0.40589636688505065 0.9327628361858191 0.10184633710541989 0.13447432762836187
101 0.2960095294818344 0.9352078239608802 0.10363311494937463 0.1295843520782396
103 0.19624776652769504 0.9309290953545232 0.08755211435378202 0.12469437652811736