42 0.31336544250451537 0.6865079365079365 0.015954244431065624 0.04365079365079365
42 0.3130644190246839 0.5884353741496599 0.015352197471402769 0.03458049886621315
42 0.29078868151715836 0.6405895691609977 0.016556291390728478 0.032879818594104306
46 0.2667068031306442 0.7046485260770975 0.015051173991571343 0.048752834467120185
29 0.25586995785671285 0.5493197278911565 0.03160746538229982 0.04478458049886622
22 0.2667068031306442 0.6009070294784581 0.014449127031908489 0.03571428571428571
22 0.2670078266104756 0.5005668934240363 0.011137868753762794 0.032879818594104306
46 0.2670078266104756 0.4365079365079365 0.011137868753762794 0.04365079365079365
1 0.23058398555087298 0.6496598639455783 0.03521974714027694 0.051587301587301584
1 0.2862733293196869 0.48412698412698413 0.03160746538229982 0.047619047619047616
46 0.20860927152317882 0.7046485260770975 0.011739915713425647 0.048752834467120185
47 0.20770620108368454 0.6060090702947846 0.013847080072245636 0.05272108843537415
42 0.23600240818783866 0.4931972789115646 0.028296207104154123 0.07539682539682539
56 0.1604455147501505 0.5090702947845805 0.014449127031908489 0.04478458049886622
42 0.17278747742323902 0.5487528344671202 0.029199277543648403 0.07142857142857142
95 0.2028898254063817 0.19160997732426305 0.009331727874774232 0.06349206349206349
46 0.21282360024081878 0.17063492063492064 0.020469596628537028 0.027777777777777776
46 0.1785069235400361 0.13662131519274376 0.011137868753762794 0.036848072562358274
46 0.17880794701986755 0.10374149659863946 0.01053582179409994 0.026643990929705215
42 0.9024683925346177 0.7074829931972789 0.024081878386514148 0.04308390022675737
42 0.9798314268512944 0.6003401360544217 0.0403371462974112 0.10090702947845805
42 0.901264298615292 0.30045351473922904 0.028898254063816978 0.04195011337868481
42 0.9834437086092715 0.05328798185941043 0.026490066225165563 0.04421768707482993
22 0.8543046357615894 0.7046485260770975 0.022877784467188442 0.048752834467120185
22 0.8531005418422637 0.30158730158730157 0.02107164358819988 0.04308390022675737
22 0.8133654425045154 0.04251700680272109 0.020469596628537028 0.036281179138321996
39 0.8115593016255268 0.009070294784580499 0.021673690547862733 0.018140589569160998
22 0.9166164960866947 0.002834467120181406 0.023479831426851294 0.005668934240362812
22 0.7739313666465985 0.5051020408163265 0.018061408789885613 0.04081632653061224
1 0.8079470198675497 0.6150793650793651 0.034918723660445516 0.11337868480725624
1 0.8052378085490668 0.38605442176870747 0.036122817579771226 0.11224489795918367
95 0.775737507525587 0.4376417233560091 0.018061408789885613 0.07936507936507936