93 0.2906215921483097 0.38333333333333336 0.02753544165757906 0.037719298245614034
47 0.35223555070883317 0.3894736842105263 0.012268266085059978 0.03070175438596491
42 0.2802617230098146 0.3219298245614035 0.030534351145038167 0.039473684210526314
42 0.2663576881134133 0.21666666666666667 0.030534351145038167 0.0412280701754386
42 0.3238822246455834 0.13157894736842105 0.03162486368593239 0.037719298245614034
42 0.18784078516902944 0.2824561403508772 0.03326063249727372 0.035964912280701755
7 0.30343511450381677 0.07894736842105263 0.03162486368593239 0.02543859649122807
22 0.3075245365321701 0.039473684210526314 0.013358778625954198 0.017543859649122806
22 0.3356052344601963 0.07982456140350877 0.013358778625954198 0.017543859649122806
3 0.2543620501635769 0.26403508771929823 0.02153762268266085 0.027192982456140352
96 0.23418756815703382 0.2631578947368421 0.02099236641221374 0.014035087719298246
49 0.23200654307524538 0.20614035087719298 0.03680479825517993 0.0456140350877193
17 0.3031624863685932 0.22631578947368422 0.022355507088331516 0.014035087719298246
25 0.19029443838604143 0.20614035087719298 0.0351690294438386 0.04473684210526316
39 0.1862050163576881 0.356140350877193 0.009269356597600873 0.016666666666666666
42 0.25218102508178847 0.356140350877193 0.014721919302071973 0.017543859649122806
42 0.3238822246455834 0.3894736842105263 0.014721919302071973 0.018421052631578946
42 0.3080697928026172 0.007017543859649123 0.014721919302071973 0.014035087719298246
1 0.3099781897491821 0.2631578947368421 0.02644492911668484 0.0456140350877193
48 0.24182115594329334 0.2850877192982456 0.016357688113413305 0.017543859649122806
46 0.01935659760087241 0.5087719298245614 0.03380588876772083 0.06842105263157895