47 0.019388954171562868 0.15151515151515152 0.012338425381903642 0.03443526170798898
93 0.05111633372502938 0.39325068870523416 0.03202115158636898 0.04132231404958678
47 0.045828437132784956 0.4855371900826446 0.026439482961222092 0.01859504132231405
42 0.10399529964747356 0.378099173553719 0.033783783783783786 0.045454545454545456
42 0.19418331374853115 0.35674931129476584 0.03554641598119859 0.045454545454545456
42 0.26703877790834313 0.44352617079889806 0.03260869565217391 0.047520661157024795
42 0.13777908343125733 0.2396694214876033 0.030846063454759105 0.05027548209366391
7 0.3119858989424207 0.41253443526170797 0.02144535840188014 0.047520661157024795
22 0.34576968272620445 0.418732782369146 0.01527614571092832 0.01997245179063361
22 0.3116921269095182 0.4607438016528926 0.014688601645123384 0.01997245179063361
3 0.1536427732079906 0.33884297520661155 0.023501762632197415 0.03236914600550964
96 0.15393654524089306 0.3085399449035813 0.011750881316098707 0.03168044077134986
49 0.20299647473560517 0.30578512396694213 0.03936545240893067 0.05509641873278237
17 0.18566392479435959 0.41253443526170797 0.012338425381903642 0.03305785123966942
25 0.20299647473560517 0.24311294765840222 0.038190364277320796 0.05234159779614325
39 0.0746180963572268 0.2369146005509642 0.01410105757931845 0.013774104683195593
42 0.0746180963572268 0.33608815426997246 0.01527614571092832 0.02203856749311295
42 0.019388954171562868 0.23553719008264462 0.01410105757931845 0.01997245179063361
42 0.046415981198589897 0.44352617079889806 0.015863689776733254 0.02203856749311295
42 0.3754406580493537 0.4201101928374656 0.01410105757931845 0.02203856749311295
1 0.154524089306698 0.4221763085399449 0.038777908343125736 0.03925619834710744
48 0.13572267920094008 0.3202479338842975 0.01527614571092832 0.024793388429752067
55 0.6947708578143361 0.045454545454545456 0.05111633372502938 0.09090909090909091
83 0.6938895417156287 0.26584022038567495 0.06698002350176263 0.14738292011019283
86 0.6944770857814336 0.4497245179063361 0.07638072855464159 0.10055096418732783
42 0.015569917743830788 0.8278236914600551 0.031139835487661575 0.0743801652892562
42 0.14747356051703878 0.8319559228650137 0.03172737955346651 0.07162534435261708
42 0.28231492361927146 0.8333333333333334 0.029964747356051705 0.07988980716253444
42 0.2247356051703878 0.7995867768595041 0.013513513513513514 0.0371900826446281
42 0.358695652173913 0.8023415977961432 0.0199764982373678 0.03856749311294766
42 0.09018801410105758 0.7988980716253443 0.013513513513513514 0.0440771349862259
42 0.31433607520564044 0.9566115702479339 0.01410105757931845 0.0371900826446281
42 0.1800822561692127 0.9579889807162535 0.017038777908343124 0.0371900826446281
93 0.3437132784958872 0.990358126721763 0.0282021151586369 0.01928374655647383
22 0.2035840188014101 0.7995867768595041 0.018213866039952998 0.03168044077134986
22 0.0481786133960047 0.8519283746556474 0.012925969447708578 0.03994490358126722
22 0.06962397179788485 0.7988980716253443 0.017038777908343124 0.02203856749311295
22 0.11339600470035252 0.7988980716253443 0.01645123384253819 0.030303030303030304
22 0.31551116333725027 0.8533057851239669 0.011750881316098707 0.0371900826446281
22 0.3381316098707403 0.7995867768595041 0.012338425381903642 0.03443526170798898
22 0.3813160987074031 0.7995867768595041 0.011750881316098707 0.03443526170798898
22 0.18066980023501764 0.8512396694214877 0.014688601645123384 0.03581267217630854
42 0.04553466509988249 0.9552341597796143 0.018213866039952998 0.03994490358126722
7 0.04964747356051704 0.7851239669421488 0.018213866039952998 0.07988980716253444
7 0.31756756756756754 0.7933884297520661 0.017038777908343124 0.07713498622589532
22 0.2452996474735605 0.7995867768595041 0.015863689776733254 0.03168044077134986
7 0.1827262044653349 0.7899449035812672 0.01645123384253819 0.07575757575757576
1 0.2887779083431257 0.9070247933884298 0.035840188014101056 0.048209366391184574
1 0.154524089306698 0.90633608815427 0.0399529964747356 0.05096418732782369
1 0.022032902467685075 0.9015151515151515 0.03701527614571093 0.05647382920110193