93 0.3203939745075319 0.4024216524216524 0.030417149478563152 0.03917378917378917
47 0.388180764774044 0.40883190883190884 0.013615295480880649 0.03205128205128205
42 0.30909617612977985 0.33760683760683763 0.03360370799536501 0.04131054131054131
42 0.29374275782155274 0.2272079772079772 0.03360370799536501 0.04344729344729345
42 0.3571842410196987 0.13817663817663817 0.03476245654692932 0.039886039886039885
42 0.2071263035921205 0.2962962962962963 0.03679026651216686 0.03774928774928775
7 0.33458864426419466 0.08333333333333333 0.03476245654692932 0.026353276353276354
22 0.3392236384704519 0.04202279202279202 0.01477404403244496 0.018518518518518517
22 0.3702201622247972 0.08333333333333333 0.01477404403244496 0.017806267806267807
3 0.28041714947856317 0.27706552706552706 0.023754345307068367 0.02849002849002849
96 0.2581112398609502 0.27635327635327633 0.023174971031286212 0.014245014245014245
49 0.2557937427578216 0.21652421652421652 0.04055619930475087 0.04843304843304843
17 0.3342989571263036 0.2378917378917379 0.0246234067207416 0.014957264957264958
25 0.20973348783314022 0.21652421652421652 0.0388180764774044 0.046296296296296294
39 0.20538818076477405 0.3732193732193732 0.010428736964078795 0.017094017094017096
42 0.27809965237543455 0.3732193732193732 0.016222479721900347 0.018518518518518517
42 0.3571842410196987 0.4081196581196581 0.016222479721900347 0.019230769230769232
42 0.3398030127462341 0.007122507122507123 0.016222479721900347 0.014245014245014245
1 0.34183082271147164 0.27564102564102566 0.028968713789107765 0.04772079772079772
48 0.2665121668597914 0.29914529914529914 0.017960602549246814 0.018518518518518517
25 0.3348783314020857 0.7727920227920227 0.031286210892236384 0.07692307692307693
25 0.3342989571263036 0.688034188034188 0.03186558516801854 0.0754985754985755
25 0.3340092699884125 0.5071225071225072 0.028968713789107765 0.08262108262108261
42 0.09733487833140209 0.9672364672364673 0.020278099652375436 0.05555555555555555
42 0.11297798377752027 0.9145299145299145 0.0220162224797219 0.05128205128205128
42 0.11239860950173812 0.75 0.021436848203939745 0.05128205128205128
42 0.17381228273464658 0.9643874643874644 0.026651216685979143 0.07122507122507123
46 0.1335457705677868 0.75 0.015063731170336037 0.02564102564102564
46 0.1465816917728853 0.6296296296296297 0.01216685979142526 0.04700854700854701
34 0.10602549246813442 0.8091168091168092 0.04577056778679027 0.04985754985754986
65 0.3328505214368482 0.9686609686609686 0.034183082271147164 0.06267806267806268
49 0.3348783314020857 0.6047008547008547 0.034183082271147164 0.06552706552706553
30 0.46523754345307067 0.5690883190883191 0.06257242178447277 0.05413105413105413
71 0.5625724217844728 0.5783475783475783 0.0880648899188876 0.29914529914529914
97 0.660486674391657 0.5683760683760684 0.0492468134414832 0.11823361823361823
18 0.7523174971031287 0.5676638176638177 0.01853997682502897 0.09116809116809117