47 0.020454545454545454 0.1360544217687075 0.01278409090909091 0.030612244897959183
93 0.053409090909090906 0.3531746031746032 0.033522727272727273 0.036848072562358274
47 0.04801136363636364 0.43594104308390025 0.02784090909090909 0.016439909297052153
42 0.10909090909090909 0.33956916099773243 0.03551136363636364 0.04081632653061224
42 0.20369318181818183 0.32086167800453513 0.0375 0.04081632653061224
42 0.28011363636363634 0.3979591836734694 0.03409090909090909 0.04251700680272109
42 0.14460227272727272 0.21485260770975056 0.03238636363636364 0.04478458049886622
7 0.32727272727272727 0.3707482993197279 0.022443181818181817 0.04251700680272109
22 0.3627840909090909 0.3758503401360544 0.01619318181818182 0.018140589569160998
22 0.32698863636363634 0.41383219954648526 0.01534090909090909 0.018140589569160998
3 0.16136363636363638 0.304421768707483 0.024431818181818183 0.02891156462585034
96 0.16164772727272728 0.27721088435374147 0.012215909090909092 0.02834467120181406
49 0.21278409090909092 0.2743764172335601 0.041193181818181816 0.049886621315192746
17 0.19488636363636364 0.3701814058956916 0.01278409090909091 0.030045351473922902
25 0.21278409090909092 0.21825396825396826 0.04005681818181818 0.04705215419501134
39 0.07840909090909091 0.21258503401360543 0.014772727272727272 0.012471655328798186
42 0.07840909090909091 0.30158730158730157 0.01619318181818182 0.01984126984126984
42 0.020454545454545454 0.21145124716553287 0.014772727272727272 0.018140589569160998
42 0.04857954545454545 0.3979591836734694 0.016761363636363637 0.01984126984126984
42 0.39375 0.37755102040816324 0.014772727272727272 0.01984126984126984
1 0.16221590909090908 0.3792517006802721 0.040625 0.03571428571428571
48 0.14232954545454546 0.28741496598639454 0.01619318181818182 0.022108843537414966
42 0.4721590909090909 0.03458049886621315 0.026988636363636364 0.017573696145124718
42 0.46335227272727275 0.20975056689342403 0.06761363636363636 0.03854875283446712
17 0.4934659090909091 0.02891156462585034 0.023011363636363635 0.02834467120181406
25 0.46846590909090907 0.07709750566893424 0.07784090909090909 0.04308390022675737
42 0.060227272727272727 0.7403628117913832 0.02159090909090909 0.047619047619047616
42 0.016477272727272726 0.6819727891156463 0.026136363636363635 0.04195011337868481
42 0.06164772727272727 0.5243764172335601 0.024431818181818183 0.04421768707482993
42 0.18551136363636364 0.5918367346938775 0.025 0.05442176870748299
42 0.3002840909090909 0.590702947845805 0.022727272727272728 0.045351473922902494
42 0.35454545454545455 0.7448979591836735 0.05056818181818182 0.09297052154195011
42 0.12017045454545454 0.9484126984126984 0.026136363636363635 0.04421768707482993
42 0.28039772727272727 0.949546485260771 0.028409090909090908 0.046485260770975055
22 0.4034090909090909 0.949546485260771 0.019886363636363636 0.04081632653061224
22 0.3210227272727273 0.949546485260771 0.01818181818181818 0.032879818594104306
46 0.4173295454545455 0.9903628117913832 0.024431818181818183 0.01927437641723356
29 0.3534090909090909 0.9217687074829932 0.029545454545454545 0.09977324263038549
42 0.40852272727272726 0.8350340136054422 0.042045454545454546 0.0963718820861678
22 0.18522727272727274 0.5090702947845805 0.02556818181818182 0.049886621315192746
22 0.3014204545454545 0.5 0.026136363636363635 0.04308390022675737
93 0.4732954545454545 0.778344671201814 0.042045454545454546 0.08049886621315193
46 0.4642045454545455 0.8741496598639455 0.03238636363636364 0.04195011337868481
93 0.5380681818181818 0.873015873015873 0.07670454545454546 0.07482993197278912
1 0.5321022727272727 0.4710884353741497 0.03238636363636364 0.04421768707482993
93 0.5772727272727273 0.4801587301587302 0.03977272727272727 0.06235827664399093
42 0.7889204545454546 0.4614512471655329 0.024431818181818183 0.024943310657596373
93 0.9369318181818181 0.5861678004535147 0.05056818181818182 0.09977324263038549
46 0.9036931818181818 0.8684807256235828 0.03238636363636364 0.04308390022675737
1 0.9698863636363636 0.5476190476190477 0.03295454545454545 0.09977324263038549
93 0.9673295454545454 0.8713151927437641 0.06534090909090909 0.08049886621315193