93 0.12979066022544283 0.02846715328467153 0.03590982286634461 0.043065693430656936
47 0.049436392914653786 0.021897810218978103 0.01610305958132045 0.035036496350364967
42 0.1431561996779388 0.09927007299270073 0.039774557165861514 0.04525547445255475
42 0.16151368760064413 0.22043795620437956 0.039774557165861514 0.04744525547445255
42 0.0861513687600644 0.3175182481751825 0.04138486312399356 0.043795620437956206
42 0.2640901771336554 0.14452554744525548 0.04363929146537842 0.040875912408759124
7 0.11288244766505635 0.3781021897810219 0.04138486312399356 0.02846715328467153
22 0.1075684380032206 0.4226277372262774 0.01755233494363929 0.020437956204379562
22 0.07085346215780998 0.37737226277372266 0.01755233494363929 0.01970802919708029
3 0.17713365539452497 0.16642335766423358 0.028341384863123993 0.031386861313868614
96 0.2035426731078905 0.16642335766423358 0.02753623188405797 0.015328467153284672
49 0.20628019323671498 0.2321167883211679 0.04814814814814815 0.052554744525547446
17 0.11336553945249597 0.20875912408759123 0.029146537842190016 0.016788321167883213
25 0.26103059581320454 0.2321167883211679 0.04589371980676329 0.051094890510948905
39 0.26634460547504024 0.060583941605839416 0.012238325281803542 0.01897810218978102
42 0.17987117552334944 0.060583941605839416 0.019162640901771336 0.020437956204379562
42 0.0861513687600644 0.022627737226277374 0.019162640901771336 0.021167883211678833
42 0.10595813204508857 0.46058394160583943 0.019162640901771336 0.015328467153284672
1 0.10450885668276973 0.16715328467153284 0.03446054750402577 0.051824817518248176
48 0.193719806763285 0.1416058394160584 0.0214170692431562 0.020437956204379562
25 0.3289855072463768 0.47956204379562045 0.040257648953301126 0.021897810218978103