93 0.0965103598691385 0.03431372549019608 0.026717557251908396 0.05065359477124183
47 0.03680479825517993 0.026143790849673203 0.011995637949836423 0.042483660130718956
42 0.10659760087241003 0.1184640522875817 0.0297164667393675 0.05392156862745098
42 0.12022900763358779 0.2630718954248366 0.0297164667393675 0.05718954248366013
42 0.06406761177753544 0.3790849673202614 0.030806979280261722 0.05228758169934641
42 0.1965648854961832 0.17238562091503268 0.03244274809160305 0.049019607843137254
7 0.08396946564885496 0.45016339869281047 0.030806979280261722 0.03431372549019608
22 0.08015267175572519 0.5040849673202614 0.013086150490730643 0.024509803921568627
22 0.05261723009814613 0.45016339869281047 0.013086150490730643 0.02369281045751634
3 0.13195201744820065 0.1977124183006536 0.02099236641221374 0.03758169934640523
96 0.1515812431842966 0.19852941176470587 0.02044711014176663 0.018790849673202614
49 0.1534896401308615 0.2761437908496732 0.03598691384950927 0.06290849673202614
17 0.08424209378407851 0.24918300653594772 0.02153762268266085 0.0196078431372549
25 0.19438386041439476 0.2761437908496732 0.03407851690294438 0.06045751633986928
39 0.19820065430752454 0.0718954248366013 0.008996728462377318 0.02287581699346405
42 0.13386041439476554 0.0718954248366013 0.014176663031624863 0.024509803921568627
42 0.06406761177753544 0.02696078431372549 0.014176663031624863 0.025326797385620915
42 0.07851690294438386 0.5490196078431373 0.014176663031624863 0.0196078431372549
1 0.0776990185387132 0.19934640522875818 0.025627044711014176 0.06209150326797386
48 0.14422028353326063 0.16911764705882354 0.01608505997818975 0.024509803921568627
25 0.41902944383860413 0.2679738562091503 0.04007633587786259 0.05555555555555555
95 0.4541984732824427 0.09640522875816994 0.03407851690294438 0.024509803921568627
42 0.23146128680479824 0.5988562091503268 0.017993456924754635 0.05392156862745098
42 0.2311886586695747 0.7753267973856209 0.019083969465648856 0.05392156862745098
34 0.23800436205016356 0.7091503267973857 0.04089422028353326 0.058823529411764705
46 0.21210468920392583 0.7769607843137255 0.014176663031624863 0.024509803921568627
46 0.20229007633587787 0.9068627450980392 0.009269356597600873 0.0392156862745098
25 0.03680479825517993 0.7410130718954249 0.021264994547437296 0.07679738562091504
25 0.03707742639040349 0.8406862745098039 0.021810250817884406 0.07026143790849673
49 0.03571428571428571 0.9281045751633987 0.019083969465648856 0.0718954248366013
42 0.7854416575790621 0.5964052287581699 0.04961832061068702 0.07516339869281045
22 0.8347873500545256 0.8537581699346405 0.022900763358778626 0.06372549019607843
22 0.656215921483097 0.8937908496732027 0.024536532170119956 0.0718954248366013
93 0.7314612868047983 0.9616013071895425 0.04634678298800436 0.07679738562091504
93 0.7977099236641222 0.9877450980392157 0.03925845147219193 0.024509803921568627
46 0.5943293347873501 0.9738562091503268 0.03380588876772083 0.05228758169934641
42 0.6894765539803708 0.8872549019607843 0.019629225736095966 0.06535947712418301
1 0.7115594329334788 0.7933006535947712 0.021810250817884406 0.11274509803921569
7 0.7742639040348964 0.8978758169934641 0.04798255179934569 0.07352941176470588
86 0.6755725190839694 0.7124183006535948 0.024536532170119956 0.06535947712418301
86 0.7529989094874591 0.7099673202614379 0.019629225736095966 0.08333333333333333
42 0.8661395856052344 0.8431372549019608 0.016902944383860415 0.06209150326797386