93 0.43241727425687043 0.4032534246575342 0.04094223219293326 0.039383561643835614
47 0.5238362310712282 0.4096746575342466 0.018227706113292205 0.032534246575342464
42 0.41699383062254625 0.3386130136986301 0.045148625911385305 0.041523972602739725
42 0.39624228827818286 0.22773972602739725 0.045148625911385305 0.04366438356164384
42 0.4820527201346046 0.1382705479452055 0.04711160964666293 0.03981164383561644
42 0.2795849691531127 0.2970890410958904 0.049635445877734156 0.03767123287671233
7 0.45148625911385304 0.08347602739726027 0.04711160964666293 0.026541095890410957
22 0.45765563656758274 0.04195205479452055 0.019910263600673023 0.018835616438356163
22 0.49943914750420637 0.0839041095890411 0.019910263600673023 0.01797945205479452
3 0.37829500841278746 0.2773972602739726 0.03224901850813236 0.02868150684931507
96 0.3482893998878295 0.2769691780821918 0.03140773976444195 0.014126712328767123
49 0.3452047111609647 0.2170376712328767 0.054963544587773416 0.048373287671232876
17 0.45092540661805947 0.2384417808219178 0.03309029725182277 0.014982876712328766
25 0.28295008412787437 0.2170376712328767 0.05215928210880538 0.04666095890410959
39 0.2767807066741447 0.3745719178082192 0.014021312394840156 0.0175513698630137
42 0.3752103196859226 0.3745719178082192 0.021873247335950644 0.018835616438356163
42 0.4820527201346046 0.4092465753424658 0.021873247335950644 0.019691780821917807
42 0.4584969153112731 0.007277397260273972 0.021873247335950644 0.014126712328767123
1 0.46102075154234434 0.276541095890411 0.03925967470555244 0.047517123287671235
48 0.3595064498037016 0.2996575342465753 0.024397083567021874 0.018835616438356163
35 0.795008412787437 0.2230308219178082 0.016264722378014584 0.0351027397260274
35 0.8869882220975883 0.24914383561643835 0.016264722378014584 0.032534246575342464
1 0.9248457655636567 0.1639554794520548 0.0358945597307908 0.03767123287671233
42 0.8185642176107684 0.061215753424657536 0.038698822209758836 0.05565068493150685
25 0.8180033651149747 0.15368150684931506 0.035333707234997194 0.05565068493150685
93 0.8631519910263601 0.1519691780821918 0.0269209197980931 0.04195205479452055
42 0.8869882220975883 0.1909246575342466 0.01682557487380819 0.023972602739726026
42 0.8858665171060012 0.12628424657534246 0.017386427369601793 0.026541095890410957
42 0.8177229388670779 0.010702054794520547 0.0358945597307908 0.021404109589041095
39 0.7776219854178351 0.0025684931506849314 0.01065619742007852 0.005136986301369863
39 0.783510936623668 0.1583904109589041 0.005608524957936063 0.02226027397260274
17 0.9506449803701627 0.1519691780821918 0.01346045989904655 0.04023972602739726
39 0.8488502523836231 0.004708904109589041 0.011777902411665733 0.009417808219178082
42 0.17470555243970837 0.78125 0.034212002243409985 0.0547945205479452
42 0.23443634324172744 0.7431506849315068 0.02860347728547392 0.05565068493150685
42 0.31575995513180033 0.867722602739726 0.01682557487380819 0.0273972602739726
42 0.2947279865395401 0.833904109589041 0.019068984856982614 0.026541095890410957
42 0.31744251261918116 0.802654109589041 0.017386427369601793 0.03424657534246575
42 0.17330342120022435 0.5415239726027398 0.020190689848569827 0.025684931506849314
42 0.17358384744812114 0.46875 0.019068984856982614 0.039383561643835614
42 0.19293325855300056 0.4657534246575342 0.019068984856982614 0.028253424657534245
46 0.2153673583847448 0.5774828767123288 0.019068984856982614 0.019691780821917807
46 0.2703309029725182 0.8784246575342466 0.014021312394840156 0.0351027397260274
46 0.269209197980931 0.7773972602739726 0.01346045989904655 0.031678082191780824
46 0.26948962422882783 0.7050513698630136 0.01346045989904655 0.03595890410958904
22 0.2703309029725182 0.8103595890410958 0.014021312394840156 0.021404109589041095
22 0.2689287717330342 0.7444349315068494 0.011217049915872126 0.023972602739726026
49 0.20078519349411106 0.9858732876712328 0.0358945597307908 0.028253424657534245
47 0.21116096466629278 0.8112157534246576 0.015703869882220976 0.03424657534246575
46 0.21031968592260236 0.877568493150685 0.016264722378014584 0.03424657534246575
38 0.24845765563656758 0.7803938356164384 0.01514301738642737 0.029965753424657533