42 0.018442622950819672 0.056875 0.036885245901639344 0.06875
42 0.03483606557377049 0.24125 0.05327868852459016 0.0725
42 0.1721311475409836 0.12625 0.0584016393442623 0.0625
3 0.05584016393442623 0.15875 0.03790983606557377 0.0475
96 0.09118852459016394 0.159375 0.036885245901639344 0.02375
49 0.09477459016393443 0.25875 0.06454918032786885 0.08
25 0.1680327868852459 0.25875 0.06147540983606557 0.0775
39 0.17520491803278687 0.00625 0.01639344262295082 0.0125
42 0.05891393442622951 0.006875 0.025614754098360656 0.01375
48 0.0778688524590164 0.121875 0.028688524590163935 0.03125
35 0.6931352459016393 0.226875 0.02971311475409836 0.05125
35 0.5251024590163934 0.18875 0.02971311475409836 0.0475
1 0.47899590163934425 0.3125 0.0194672131147541 0.055
42 0.6501024590163934 0.44625 0.0706967213114754 0.0475
25 0.6511270491803278 0.328125 0.06454918032786885 0.08125
93 0.5686475409836066 0.330625 0.04918032786885246 0.06125
42 0.5251024590163934 0.27375 0.030737704918032786 0.035
42 0.5271516393442623 0.368125 0.031762295081967214 0.03875
39 0.7141393442622951 0.32125 0.010245901639344262 0.0325
25 0.3709016393442623 0.925 0.06659836065573771 0.08
42 0.16137295081967212 0.77375 0.02459016393442623 0.02875
22 0.3391393442622951 0.676875 0.02663934426229508 0.0325
46 0.21004098360655737 0.7375 0.042008196721311473 0.02875
95 0.1915983606557377 0.72125 0.015368852459016393 0.06625
42 0.6495901639344263 0.930625 0.04918032786885246 0.06125
42 0.5322745901639344 0.785 0.04815573770491803 0.06