47 0.047642642642642646 0.3026842105263158 0.02975975975975976 0.06949122807017546
93 0.12480480480480481 0.7868070175438597 0.07761261261261261 0.08078947368421045
47 0.11168168168168167 0.9706666666666666 0.06501501501501503 0.03701754385964896
42 0.254024024024024 0.7558771929824561 0.0821621621621622 0.09229824561403512
42 0.4744594594594595 0.7140877192982455 0.08623123123123115 0.09164912280701756
42 0.6523573573573574 0.8864912280701753 0.07896396396396402 0.09514035087719291
42 0.3364714714714715 0.4791754385964912 0.07507507507507508 0.10029824561403507
7 0.761966966966967 0.8256842105263158 0.05246246246246254 0.09473684210526316
22 0.8443993993993995 0.8377368421052631 0.03713213213213216 0.03912280701754378
22 0.7613963963963964 0.9219999999999999 0.034954954954955 0.04177192982456131
3 0.37527027027027027 0.6783333333333333 0.0571171171171171 0.06478947368421044
96 0.3763063063063063 0.6174035087719298 0.029144144144144138 0.06415789473684219
49 0.49578078078078075 0.6113859649122807 0.09531531531531534 0.10973684210526308
17 0.45355855855855853 0.8248596491228071 0.03078078078078078 0.06757894736842102
25 0.49575075075075076 0.4862631578947369 0.09304804804804809 0.10456140350877197
39 0.1825075075075075 0.47340350877192977 0.03468468468468468 0.028140350877192917
42 0.18271771771771772 0.6722982456140351 0.03783783783783782 0.043157894736842145
42 0.04701201201201201 0.471140350877193 0.03396396396396396 0.03956140350877185
42 0.1135885885885886 0.8867719298245613 0.038813813813813804 0.044684210526315736
42 0.9166066066066066 0.840140350877193 0.03415915915915916 0.04389473684210523
1 0.37788288288288285 0.8450350877192983 0.09509009009009006 0.07894736842105263
48 0.33096096096096095 0.6403508771929824 0.036291291291291314 0.04970175438596498