47 0.023063276167947958 0.10295857988165681 0.01478415138971023 0.023076923076923078
93 0.06091070372560615 0.26745562130177514 0.038143110585452396 0.027810650887573965
47 0.054701360141927856 0.329585798816568 0.031638083973979894 0.01242603550295858
42 0.12418687167356594 0.25680473372781065 0.04050857480780603 0.03076923076923077
42 0.23240685984624482 0.24260355029585798 0.04257835600236547 0.03076923076923077
42 0.319337670017741 0.30118343195266273 0.03903015966883501 0.03195266272189349
42 0.16469544648137197 0.16272189349112426 0.03666469544648137 0.03372781065088758
7 0.3731519810762862 0.2804733727810651 0.0257244234180958 0.03195266272189349
22 0.41366055588409223 0.2846153846153846 0.018332347723240685 0.013609467455621301
22 0.372856298048492 0.31301775147928995 0.017740981667652277 0.013609467455621301
3 0.18391484328799526 0.2301775147928994 0.027794204612655235 0.021893491124260357
96 0.18421052631578946 0.20946745562130178 0.013897102306327618 0.021301775147928994
49 0.24275576581904199 0.2076923076923077 0.04701360141927853 0.03727810650887574
17 0.22205795387344768 0.2798816568047337 0.01478415138971023 0.022485207100591716
25 0.24275576581904199 0.1650887573964497 0.04553518628030751 0.03550295857988166
39 0.0892962743938498 0.16094674556213018 0.016853932584269662 0.009467455621301775
42 0.0892962743938498 0.22840236686390533 0.018332347723240685 0.014792899408284023
42 0.023063276167947958 0.15976331360946747 0.016853932584269662 0.013609467455621301
42 0.05558840922531047 0.30118343195266273 0.0192193968066233 0.014792899408284023
42 0.4488468361916026 0.285207100591716 0.016853932584269662 0.014792899408284023
1 0.1848018923713779 0.2869822485207101 0.046422235363690126 0.026627218934911243
48 0.16203429923122412 0.21775147928994082 0.018332347723240685 0.016568047337278107
89 0.15582495564754584 0.37988165680473374 0.07865168539325842 0.08047337278106509