7 0.03507795100222717 0.11538461538461539 0.062360801781737196 0.03733031674208145
42 0.015590200445434299 0.20248868778280543 0.031180400890868598 0.06108597285067873
22 0.026726057906458798 0.05486425339366516 0.02783964365256125 0.027149321266968326
42 0.027282850779510023 0.010180995475113122 0.03229398663697105 0.020361990950226245
35 0.3741648106904232 0.11425339366515837 0.011135857461024499 0.05203619909502263
42 0.8479955456570156 0.016968325791855202 0.03229398663697105 0.03167420814479638
42 0.8930957683741648 0.08880090497737557 0.060133630289532294 0.05542986425339366
42 0.9170378619153675 0.20701357466063347 0.061247216035634745 0.05656108597285068
56 0.7605790645879733 0.2828054298642534 0.02783964365256125 0.033936651583710405
42 0.7366369710467706 0.24830316742081449 0.05679287305122494 0.05995475113122172
42 0.6163697104677061 0.28902714932126694 0.05456570155902005 0.06334841628959276
46 0.6631403118040089 0.1159502262443439 0.02783964365256125 0.04524886877828054
47 0.6653674832962138 0.1996606334841629 0.02783964365256125 0.03959276018099547
1 0.6341870824053452 0.167420814479638 0.0400890868596882 0.027149321266968326
46 0.5439866369710468 0.11538461538461539 0.03229398663697105 0.0418552036199095
42 0.49888641425389757 0.17138009049773756 0.031180400890868598 0.032805429864253395
29 0.5662583518930958 0.25 0.06792873051224944 0.033936651583710405
42 0.4532293986636971 0.12895927601809956 0.026726057906458798 0.0418552036199095
42 0.455456570155902 0.21323529411764705 0.028953229398663696 0.03506787330316742
22 0.5484409799554566 0.20475113122171945 0.02783964365256125 0.023755656108597284
22 0.5456570155902004 0.291289592760181 0.025612472160356347 0.024886877828054297
46 0.5478841870824054 0.3433257918552036 0.028953229398663696 0.0418552036199095
1 0.5178173719376392 0.31108597285067874 0.036748329621380846 0.026018099547511313
42 0.8463251670378619 0.3733031674208145 0.062360801781737196 0.03167420814479638
42 0.905902004454343 0.2828054298642534 0.034521158129175944 0.03167420814479638
42 0.9905345211581291 0.36538461538461536 0.01893095768374165 0.04751131221719457
48 0.9287305122494433 0.37839366515837103 0.031180400890868598 0.021493212669683258
42 0.34743875278396436 0.6436651583710408 0.0645879732739421 0.08597285067873303
42 0.3591314031180401 0.8308823529411765 0.04120267260579064 0.08710407239819004
42 0.21380846325167038 0.8868778280542986 0.08685968819599109 0.08597285067873303
74 0.27839643652561247 0.9428733031674208 0.05790645879732739 0.11425339366515837
22 0.3596881959910913 0.9841628959276018 0.0378619153674833 0.03167420814479638
17 0.02338530066815145 0.5910633484162896 0.0467706013363029 0.032805429864253395
3 0.2717149220489978 0.7143665158371041 0.0556792873051225 0.07918552036199095
48 0.311804008908686 0.7658371040723982 0.042316258351893093 0.042986425339366516
96 0.3357461024498886 0.7149321266968326 0.034521158129175944 0.038461538461538464
42 0.9164810690423163 0.6792986425339367 0.0378619153674833 0.03959276018099547
42 0.9148106904231625 0.39649321266968324 0.034521158129175944 0.014705882352941176
3 0.8463251670378619 0.5361990950226244 0.028953229398663696 0.0418552036199095
64 0.571826280623608 0.5950226244343891 0.0334075723830735 0.03959276018099547
7 0.950445434298441 0.752262443438914 0.060133630289532294 0.030542986425339366
42 0.9693763919821826 0.7850678733031674 0.042316258351893093 0.03619909502262444
29 0.8596881959910914 0.6781674208144797 0.042316258351893093 0.033936651583710405