7 0.20355029585798817 0.04557885141294439 0.034911242603550295 0.02415679124886053
7 0.20384615384615384 0.27711941659070194 0.03550295857988166 0.024612579762989972
93 0.13402366863905327 0.09480401093892434 0.032248520710059174 0.03828623518687329
42 0.18520710059171597 0.33546034639927075 0.03343195266272189 0.04056517775752051
22 0.19940828402366864 0.08477666362807658 0.015088757396449704 0.020966271649954422
22 0.19911242603550297 0.23701002734731086 0.015680473372781067 0.018231540565177756
22 0.1695266272189349 0.04238833181403829 0.015680473372781067 0.018231540565177756
22 0.17100591715976332 0.28076572470373745 0.01775147928994083 0.018231540565177756
42 0.18224852071005918 0.004102096627164996 0.034023668639053255 0.008204193254329991
42 0.19940828402366864 0.12078395624430265 0.01775147928994083 0.020510483135824976
42 0.1997041420118343 0.2023701002734731 0.018343195266272188 0.02415679124886053
42 0.11301775147928994 0.27939835916134914 0.01893491124260355 0.01731996353691887
42 0.1121301775147929 0.041932543299908843 0.016568047337278107 0.020966271649954422
1 0.1437869822485207 0.011394712853236098 0.027218934911242602 0.022333637192342753
1 0.14408284023668638 0.3204193254329991 0.024556213017751478 0.04512306289881495
35 0.4029585798816568 0.27711941659070194 0.018343195266272188 0.03463992707383774
25 0.9378698224852071 0.35733819507748404 0.031360946745562134 0.04831358249772106
42 0.6183431952662722 0.4033728350045579 0.028402366863905324 0.044667274384685506
42 0.5505917159763314 0.29717411121239745 0.027810650887573965 0.04375569735642662
49 0.9369822485207101 0.45396536007292615 0.03017751479289941 0.04557885141294439
33 0.3094674556213018 0.6937101185050136 0.04674556213017751 0.07930720145852324
41 0.24053254437869823 0.6937101185050136 0.0485207100591716 0.0820419325432999
32 0.17189349112426036 0.6923427529626254 0.05088757396449704 0.0820419325432999
27 0.10680473372781064 0.6955332725615314 0.05088757396449704 0.07930720145852324
63 0.03816568047337278 0.6946216955332726 0.05621301775147929 0.07748404740200547
42 0.4724852071005917 0.5045578851412944 0.01863905325443787 0.022333637192342753