7 0.14455295735900964 0.5654075235109718 0.04427785419532324 0.08694357366771165
7 0.5686244841815681 0.5646081504702195 0.04508940852819804 0.08846394984326027
93 0.234181568088033 0.7373981191222571 0.06946354883081156 0.07982758620689648
42 0.6751169188445667 0.6107523510971787 0.07376891334250343 0.08357366771159883
22 0.21602475928473178 0.5748746081504702 0.038665749656121066 0.036896551724137874
22 0.49492434662998624 0.5763636363636364 0.03250343878954608 0.0398746081504703
22 0.13925722145804675 0.6497178683385579 0.03367262723521319 0.03924764890282126
22 0.5750206327372765 0.645987460815047 0.03310866574965619 0.04434169278996859
42 0.039917469050894085 0.6171943573667711 0.07433287482806052 0.08391849529780558
42 0.2825171939477304 0.575564263322884 0.036836313617606566 0.04456112852664569
42 0.4315818431911967 0.5740909090909091 0.04335625859697384 0.04473354231974916
42 0.5729160935350757 0.789639498432602 0.03166437414030259 0.04637931034482764
42 0.13738651994497936 0.7918652037617554 0.03819807427785421 0.041394984326018756
1 0.06258596973865199 0.7123824451410659 0.0811554332874828 0.06739811912225706
1 0.6478679504814305 0.7123824451410659 0.08253094910591471 0.061128526645768025
35 0.5680880330123796 0.0713166144200627 0.06327372764786796 0.045454545454545456