7 0.009865005192107996 0.2868421052631579 0.01973001038421599 0.05789473684210526
7 0.3229491173416407 0.2863157894736842 0.033229491173416406 0.05894736842105263
93 0.07061266874350987 0.4026315789473684 0.0529595015576324 0.05368421052631579
22 0.05711318795430945 0.29368421052631577 0.029075804776739357 0.02526315789473684
22 0.26791277258566976 0.2942105263157895 0.024922118380062305 0.02631578947368421
22 0.005711318795430945 0.3436842105263158 0.01142263759086189 0.02631578947368421
22 0.3276220145379024 0.3410526315789474 0.023883696780893044 0.029473684210526315
42 0.10747663551401869 0.29368421052631577 0.028037383177570093 0.029473684210526315
42 0.2201453790238837 0.2931578947368421 0.033229491173416406 0.030526315789473683
42 0.3265835929387331 0.4378947368421053 0.023883696780893044 0.031578947368421054
42 0.006230529595015576 0.43894736842105264 0.012461059190031152 0.02736842105263158
86 0.5212876427829699 0.006842105263157895 0.03115264797507788 0.01368421052631579
25 0.4968847352024922 0.4026315789473684 0.05711318795430945 0.05578947368421053
42 0.6728971962616822 0.45210526315789473 0.058151609553478714 0.05789473684210526
42 0.7881619937694704 0.4 0.05399792315680166 0.05578947368421053
42 0.7871235721703012 0.45789473684210524 0.0612668743509865 0.05052631578947368
42 0.847871235721703 0.3547368421052632 0.03426791277258567 0.031578947368421054
42 0.8499480789200415 0.41 0.030114226375908618 0.031578947368421054
35 0.726895119418484 0.19894736842105262 0.03946002076843198 0.035789473684210524
49 0.5976116303219107 0.40157894736842104 0.06749740394600208 0.06631578947368422
49 0.8276220145379024 0.08894736842105264 0.06230529595015576 0.06526315789473684
25 0.681723779854621 0.28421052631578947 0.0695742471443406 0.06526315789473684
42 0.773104880581516 0.2847368421052632 0.0612668743509865 0.05894736842105263
39 0.8509865005192108 0.4557894736842105 0.028037383177570093 0.02526315789473684
3 0.7118380062305296 0.4005263157894737 0.029075804776739357 0.04105263157894737
96 0.9319833852544133 0.011052631578947368 0.023883696780893044 0.022105263157894735
96 0.6687435098650052 0.40210526315789474 0.028037383177570093 0.024210526315789474
48 0.6889927310488058 0.36894736842105263 0.028037383177570093 0.029473684210526315
42 0.328141225337487 0.7410526315789474 0.02284527518172378 0.04631578947368421
46 0.22533748701973 0.9089473684210526 0.02699896157840083 0.016842105263157894
25 0.7892004153686397 0.6894736842105263 0.06334371754932502 0.06526315789473684
25 0.9480789200415368 0.7857894736842105 0.060228452751817235 0.06315789473684211
46 0.40031152647975077 0.6978947368421052 0.04569055036344756 0.028421052631578948
46 0.6017653167185878 0.8542105263157894 0.036344755970924195 0.02631578947368421
95 0.5939771547248183 0.6321052631578947 0.028037383177570093 0.05578947368421053
17 0.4091381100726895 0.75 0.02699896157840083 0.04631578947368421
42 0.8499480789200415 0.7852631578947369 0.06334371754932502 0.07052631578947369
86 0.34215991692627207 0.7152631578947368 0.005192107995846314 0.030526315789473683
30 0.3842159916926272 0.638421052631579 0.02284527518172378 0.035789473684210524
95 0.4916926272066459 0.9521052631578948 0.06230529595015576 0.02631578947368421