7 0.22138364779874214 0.06656346749226007 0.03773584905660377 0.03508771929824561
7 0.22169811320754718 0.40454076367389064 0.038364779874213835 0.03611971104231166
93 0.1459119496855346 0.13828689370485037 0.03522012578616352 0.05572755417956656
42 0.20157232704402517 0.48968008255933954 0.03647798742138365 0.05933952528379773
22 0.2169811320754717 0.12332301341589268 0.016352201257861635 0.030959752321981424
22 0.21666666666666667 0.3462332301341589 0.01729559748427673 0.02631578947368421
22 0.18427672955974841 0.06191950464396285 0.01729559748427673 0.02631578947368421
22 0.1861635220125786 0.40970072239422084 0.019182389937106917 0.02631578947368421
42 0.19811320754716982 0.006191950464396285 0.03710691823899371 0.011867905056759546
42 0.2169811320754717 0.17647058823529413 0.019182389937106917 0.029411764705882353
42 0.21729559748427674 0.29566563467492263 0.01981132075471698 0.03508771929824561
42 0.12264150943396226 0.40815273477812175 0.020754716981132074 0.025283797729618165
42 0.1220125786163522 0.0608875128998968 0.017924528301886792 0.030959752321981424
1 0.15660377358490565 0.016511867905056758 0.029559748427672956 0.033023735810113516
1 0.15691823899371068 0.4674922600619195 0.026729559748427674 0.06604747162022703
35 0.4380503144654088 0.4040247678018576 0.01981132075471698 0.05056759545923633
102 0.6823899371069182 0.19091847265221878 0.03333333333333333 0.05263157894736842
46 0.859748427672956 0.058307533539731685 0.023270440251572325 0.05572755417956656
93 0.9128930817610063 0.31320949432404543 0.04654088050314465 0.08565531475748193
93 0.859748427672956 0.19246646026831785 0.04465408805031446 0.14447884416924664
39 0.7578616352201258 0.1001031991744066 0.02578616352201258 0.021671826625386997
47 0.9968553459119497 0.4969040247678019 0.006289308176100629 0.0608875128998968