7 0.32461024498886415 0.06561085972850679 0.062360801781737196 0.03733031674208145
22 0.33296213808463254 0.126131221719457 0.02783964365256125 0.027149321266968326
22 0.3825167037861915 0.060520361990950226 0.031180400890868598 0.027149321266968326
42 0.33184855233853006 0.17816742081447964 0.03229398663697105 0.03619909502262444
42 0.4849665924276169 0.06221719457013575 0.0334075723830735 0.026018099547511313
1 0.4292873051224944 0.016968325791855202 0.043429844097995544 0.033936651583710405
42 0.6369710467706013 0.09558823529411764 0.0400890868596882 0.04411764705882353
42 0.8001113585746102 0.09841628959276018 0.0400890868596882 0.04524886877828054
42 0.965478841870824 0.09502262443438914 0.04899777282850779 0.04524886877828054
29 0.856347438752784 0.09445701357466063 0.043429844097995544 0.03733031674208145
29 0.6915367483296214 0.09671945701357466 0.042316258351893093 0.038461538461538464
7 0.5946547884187082 0.02319004524886878 0.052338530066815145 0.03167420814479638
7 0.7733853006681515 0.018665158371040724 0.04899777282850779 0.02828054298642534
7 0.9370824053452116 0.019796380090497737 0.05456570155902005 0.02828054298642534
49 0.4370824053452116 0.6504524886877828 0.07349665924276169 0.07805429864253394
69 0.4354120267260579 0.7590497737556561 0.05679287305122494 0.06447963800904978
42 0.4866369710467706 0.5678733031674208 0.061247216035634745 0.058823529411764705
25 0.311804008908686 0.5582579185520362 0.0645879732739421 0.06334841628959276
96 0.43374164810690424 0.5712669683257918 0.0200445434298441 0.030542986425339366
48 0.40144766146993316 0.5514705882352942 0.030066815144766147 0.027149321266968326
3 0.4365256124721604 0.5243212669683258 0.03897550111358575 0.033936651583710405
42 0.3106904231625835 0.458710407239819 0.05902004454342984 0.058823529411764705
42 0.4938752783964365 0.4417420814479638 0.05456570155902005 0.05995475113122172
42 0.43429844097995546 0.4428733031674208 0.06347438752783964 0.05995475113122172
42 0.38474387527839643 0.38122171945701355 0.035634743875278395 0.03167420814479638
42 0.4465478841870824 0.37839366515837103 0.03897550111358575 0.030542986425339366
39 0.4927616926503341 0.373868778280543 0.024498886414253896 0.03619909502262444
42 0.4710467706013363 0.29355203619909503 0.0378619153674833 0.007918552036199095
42 0.5378619153674833 0.7516968325791855 0.017817371937639197 0.03506787330316742
42 0.5801781737193764 0.8597285067873304 0.042316258351893093 0.0418552036199095
42 0.744988864142539 0.8580316742081447 0.0378619153674833 0.03959276018099547
3 0.8151447661469933 0.9898190045248869 0.028953229398663696 0.020361990950226245
7 0.7110244988864143 0.7850678733031674 0.060133630289532294 0.030542986425339366
42 0.6920935412026726 0.752262443438914 0.042316258351893093 0.03619909502262444
79 0.8095768374164811 0.47850678733031676 0.024498886414253896 0.03506787330316742
86 0.9855233853006682 0.3733031674208145 0.028953229398663696 0.03167420814479638
22 0.8112472160356348 0.43834841628959276 0.02783964365256125 0.016968325791855202
22 0.6464365256124721 0.43947963800904977 0.024498886414253896 0.016968325791855202
79 0.6447661469933185 0.4802036199095023 0.02338530066815145 0.03506787330316742
29 0.8017817371937639 0.8591628959276018 0.042316258351893093 0.033936651583710405
29 0.6358574610244989 0.8585972850678733 0.045657015590200446 0.042986425339366516
7 0.5523385300668151 0.7839366515837104 0.0467706013363029 0.03167420814479638
73 0.8079064587973274 0.33710407239819007 0.043429844097995544 0.09502262443438914
73 0.6430957683741648 0.33710407239819007 0.045657015590200446 0.09502262443438914
65 0.7216035634743875 0.3563348416289593 0.066815144766147 0.07013574660633484
65 0.5629175946547884 0.3563348416289593 0.06792873051224944 0.08144796380090498