7 0.22142503711034142 0.06818181818181818 0.03785254824344384 0.03592375366568915
7 0.22167243938644235 0.41642228739002934 0.03859475507174666 0.0373900293255132
93 0.14571994062345373 0.14222873900293256 0.0351311232063335 0.05718475073313783
42 0.20138545274616526 0.5036656891495601 0.0363681345868382 0.06085043988269795
22 0.2169717961405245 0.12683284457478006 0.016575952498762987 0.03152492668621701
22 0.21647699158832262 0.3563049853372434 0.01707075705096487 0.027126099706744868
22 0.1843146956952004 0.06378299120234604 0.01707075705096487 0.027126099706744868
22 0.18604651162790697 0.4215542521994135 0.01929737753587333 0.027126099706744868
42 0.19767441860465115 0.005865102639296188 0.03711034141514102 0.011730205278592375
42 0.2169717961405245 0.18181818181818182 0.01929737753587333 0.030791788856304986
42 0.21721919841662543 0.30425219941348974 0.02003958436417615 0.03592375366568915
42 0.12271152894606631 0.42008797653958946 0.02053438891637803 0.025659824046920823
42 0.12196932211776348 0.062316715542521994 0.017812963879267688 0.03152492668621701
1 0.15635823849579417 0.01686217008797654 0.029440870856011877 0.03372434017595308
1 0.15685304304799605 0.4809384164222874 0.026719445818901535 0.06744868035190615
35 0.437902028698664 0.4156891495601173 0.02003958436417615 0.05205278592375367
47 0.3463631865413162 0.7353372434017595 0.014844136566056407 0.030791788856304986
46 0.37926768926274124 0.8189149560117303 0.01682335477486393 0.08797653958944282
87 0.39312221672439385 0.7426686217008798 0.04403760514596734 0.045454545454545456