7 0.011339092872570195 0.38795336787564766 0.02267818574514039 0.07124352331606218
7 0.3385529157667387 0.3873056994818653 0.035637149028077755 0.07253886010362694
42 0.4222462203023758 0.4099740932642487 0.058315334773218146 0.03756476683937824
22 0.061555075593952485 0.3963730569948187 0.03023758099352052 0.031088082901554404
22 0.28077753779697623 0.39702072538860106 0.02591792656587473 0.03238341968911917
42 0.11393088552915767 0.3963730569948187 0.029157667386609073 0.03626943005181347
42 0.23110151187904968 0.3957253886010363 0.03455723542116631 0.03756476683937824
25 0.9416846652267818 0.3853626943005181 0.06263498920086392 0.07512953367875648
17 0.01511879049676026 0.4378238341968912 0.03023758099352052 0.018134715025906734
49 0.32667386609071275 0.8795336787564767 0.06911447084233262 0.07642487046632124
25 0.3093952483801296 0.7344559585492227 0.07019438444924406 0.07512953367875648
42 0.22408207343412526 0.8886010362694301 0.07019438444924406 0.09067357512953368
42 0.4508639308855292 0.8082901554404145 0.061555075593952485 0.08031088082901554
42 0.531317494600432 0.8069948186528497 0.06479481641468683 0.07512953367875648
42 0.6150107991360692 0.8076424870466321 0.06587473002159827 0.07642487046632124
39 0.07127429805615551 0.47150259067357514 0.032397408207343416 0.018134715025906734
39 0.5340172786177105 0.9177461139896373 0.020518358531317494 0.027202072538860103
25 0.8034557235421166 0.8963730569948186 0.058315334773218146 0.06994818652849741
25 0.8677105831533477 0.8944300518134715 0.05723542116630669 0.07124352331606218
25 0.9865010799136069 0.8937823834196891 0.026997840172786176 0.06476683937823834
42 0.6771058315334774 0.5362694300518135 0.01511879049676026 0.05958549222797927
46 0.8207343412526998 0.44559585492227977 0.019438444924406047 0.03367875647668394
46 0.911987041036717 0.47474093264248707 0.035637149028077755 0.027202072538860103
49 0.9308855291576674 0.8957253886010362 0.04967602591792657 0.07642487046632124