7 0.1928657799274486 0.24214417744916822 0.03990326481257558 0.051756007393715345
42 0.28657799274486095 0.2694085027726433 0.06529625151148731 0.048983364140480594
22 0.12817412333736397 0.24907578558225507 0.02902055622732769 0.02310536044362292
22 0.19830713422007254 0.2902033271719039 0.02902055622732769 0.025878003696857672
42 0.07255139056831923 0.24815157116451017 0.03869407496977025 0.026802218114602587
42 0.19649334945586458 0.3752310536044362 0.02781136638452237 0.027726432532347505
1 0.2623941958887545 0.32948243992606285 0.07255139056831923 0.036044362292051754
42 0.7460701330108828 0.013401109057301294 0.10399032648125756 0.026802218114602587
42 0.8839177750906893 0.17051756007393715 0.12696493349455865 0.0878003696857671
49 0.599758162031439 0.014787430683918669 0.11124546553808948 0.029574861367837338
42 0.20918984280532044 0.7139556377079482 0.060459492140266025 0.04713493530499076
42 0.21523579201934703 0.5586876155268022 0.04353083434099154 0.03234750462107209
42 0.2581620314389359 0.583641404805915 0.04232164449818621 0.02865064695009242
42 0.21644498186215236 0.9593345656192237 0.041112454655380895 0.030499075785582256
42 0.2569528415961306 0.9852125693160814 0.041112454655380895 0.02865064695009242
42 0.3893591293833132 0.9856746765249538 0.045949214026602174 0.02865064695009242
42 0.3857315598548972 0.583641404805915 0.04353083434099154 0.03234750462107209
46 0.011487303506650543 0.6321626617375231 0.022974607013301087 0.022181146025878003
46 0.4860943168077388 0.6326247689463955 0.037484885126964934 0.019408502772643253
46 0.14328899637243048 0.6511090573012939 0.02418379685610641 0.021256931608133085
34 0.33978234582829503 0.5739371534195934 0.053204353083434096 0.07208872458410351
34 0.3403869407496977 0.9671903881700554 0.04232164449818621 0.06561922365988909
64 0.6656590084643289 0.5651571164510166 0.0592503022974607 0.03234750462107209
42 0.6475211608222491 0.6728280961182994 0.1003627569528416 0.07024029574861368
93 0.5646916565900847 0.6275415896487985 0.05078597339782346 0.06284658040665435
42 0.6958887545344619 0.9528650646950092 0.09068923821039904 0.0711645101663586
47 0.7569528415961306 0.4658040665434381 0.03385731559854897 0.04528650646950092
3 0.9764207980652962 0.9371534195933456 0.0471584038694075 0.04436229205175601
3 0.7400241837968561 0.678373382624769 0.0592503022974607 0.034195933456561925
3 0.9764207980652962 0.6922365988909427 0.0471584038694075 0.04436229205175601
39 0.7962515114873036 0.9533271719038817 0.018137847642079808 0.025878003696857672
39 0.6239419588875453 0.5693160813308688 0.014510278113663845 0.027726432532347505
39 0.7073760580411125 0.5693160813308688 0.014510278113663845 0.024029574861367836
42 0.562273276904474 0.4644177449168207 0.04232164449818621 0.036044362292051754
42 0.8609431680773881 0.5087800369685767 0.0471584038694075 0.03974121996303143
68 0.7944377267230955 0.6728280961182994 0.02176541717049577 0.026802218114602587
42 0.9667472793228536 0.8142329020332717 0.06650544135429262 0.07208872458410351
68 0.8621523579201935 0.6192236598890942 0.032648125755743655 0.012939001848428836