7 0.08076923076923077 0.3217866909753874 0.024556213017751478 0.049225159525979945
7 0.3183431952662722 0.32133090246125795 0.02544378698224852 0.05013673655423884
93 0.13076923076923078 0.4202370100273473 0.039349112426035504 0.04557885141294439
42 0.37810650887573966 0.3477666362807657 0.04171597633136095 0.04740200546946217
22 0.12100591715976332 0.3277119416590702 0.021597633136094675 0.021422060164083864
22 0.2772189349112426 0.3281677301731996 0.018343195266272188 0.022333637192342753
22 0.07781065088757397 0.3701002734731085 0.018343195266272188 0.022333637192342753
22 0.32189349112426036 0.3678213309024613 0.018343195266272188 0.02506836827711942
42 0.022189349112426034 0.3518687329079307 0.04171597633136095 0.04831358249772106
42 0.15828402366863906 0.3277119416590702 0.020710059171597635 0.02506836827711942
42 0.24171597633136094 0.3272561531449407 0.024556213017751478 0.025979945305378303
42 0.3207100591715976 0.44986326344576116 0.01775147928994083 0.026891522333637192
42 0.07692307692307693 0.45077484047402006 0.021597633136094675 0.02324521422060164
1 0.034911242603550295 0.4056517775752051 0.045562130177514794 0.03828623518687329
1 0.36272189349112427 0.4056517775752051 0.046153846153846156 0.03463992707383774
35 0.3180473372781065 0.04056517775752051 0.03550295857988166 0.025979945305378303
49 0.9186390532544378 0.13764813126709208 0.08698224852071006 0.1349134001823154
66 0.9189349112426035 0.3454876937101185 0.09230769230769231 0.1431175934366454
77 0.9180473372781065 0.5259799453053783 0.0893491124260355 0.08751139471285324
42 0.011242603550295858 0.613947128532361 0.022485207100591716 0.05013673655423884
42 0.013905325443786982 0.7506836827711941 0.027810650887573965 0.05560619872379216
42 0.2710059171597633 0.6390154968094804 0.04142011834319527 0.049225159525979945
42 0.2967455621301775 0.7452142206016409 0.03609467455621302 0.04831358249772106
42 0.20562130177514792 0.8764813126709207 0.022485207100591716 0.028258887876025523
42 0.22988165680473374 0.8413855970829535 0.01893491124260355 0.027347310847766638
42 0.2517751479289941 0.8773928896991796 0.02544378698224852 0.0300820419325433
3 0.02603550295857988 0.7037374658158614 0.03017751479289941 0.03372835004557885
46 0.19911242603550297 0.800820419325433 0.031360946745562134 0.027347310847766638
46 0.322189349112426 0.8003646308113036 0.02544378698224852 0.028258887876025523
46 0.39319526627218937 0.7046490428441203 0.01952662721893491 0.04557885141294439
46 0.19881656804733727 0.7005469462169553 0.0242603550295858 0.02643573381950775
1 0.2257396449704142 0.7365542388331814 0.02603550295857988 0.053783044667274384
1 0.41834319526627217 0.6531449407474932 0.03431952662721893 0.03646308113035551
1 0.3038461538461538 0.8295350957155879 0.023076923076923078 0.053783044667274384
22 0.24792899408284025 0.7971741112123975 0.015976331360946745 0.02552415679124886
22 0.2955621301775148 0.7980856882406563 0.01301775147928994 0.02187784867821331
49 0.08816568047337278 0.6681859617137648 0.03609467455621302 0.059252506836827715
94 0.38402366863905324 0.6882406563354604 0.03431952662721893 0.016408386508659983
47 0.2452662721893491 0.6969006381039198 0.027810650887573965 0.020966271649954422
47 0.26242603550295857 0.7625341841385597 0.000591715976331361 0.0009115770282588879
29 0.27041420118343196 0.7821330902461258 0.026627218934911243 0.0528714676390155
96 0.02485207100591716 0.6681859617137648 0.014201183431952662 0.024612579762989972
48 0.007100591715976331 0.6836827711941659 0.013609467455621301 0.02187784867821331
25 0.060650887573964495 0.613035551504102 0.038461538461538464 0.0601640838650866
56 0.28668639053254436 0.618049225159526 0.021893491124260357 0.023701002734731084
33 0.6866863905325444 0.5911577028258888 0.051479289940828406 0.04284412032816773
41 0.6866863905325444 0.682771194165907 0.05325443786982249 0.07474931631722881
32 0.6857988165680473 0.7885141294439381 0.05325443786982249 0.07839562443026436
27 0.6878698224852071 0.8887876025524157 0.051479289940828406 0.07839562443026436
63 0.6872781065088758 0.97538742023701 0.05029585798816568 0.049225159525979945