22 0.324544 0.2985220125786164 0.038415999999999985 0.04147798742138364
25 0.7230880000000001 0.2447641509433962 0.09416000000000004 0.10168238993710695
25 0.40592 0.919622641509434 0.09718400000000002 0.0965880503144655
93 0.89544 0.09452830188679245 0.07619199999999983 0.07897798742138365
46 0.401424 0.5873113207547169 0.032160000000000036 0.06088050314465413
42 0.806288 0.9470283018867923 0.09257600000000002 0.08327044025157239
46 0.445616 0.6608490566037736 0.04590400000000009 0.03238993710691827
30 0.8544 0.6415094339622641 0.032 0.06918238993710692
30 0.8552 0.789308176100629 0.0368 0.05345911949685535
42 0.9392 0.5227987421383647 0.0448 0.036163522012578615
42 0.9016 0.24764150943396226 0.104 0.09276729559748427
42 0.6536 0.9198113207547169 0.1008 0.09748427672955975
95 0.3824 0.6139937106918238 0.1024 0.029874213836477988