22 0.16518353726362625 0.2956371986222732 0.02335928809788654 0.016647531572904706
25 0.13431590656284761 0.12342135476463835 0.058120133481646276 0.040183696900114814
25 0.5189098998887653 0.2606199770378875 0.05561735261401557 0.04190585533869116
93 0.04866518353726362 0.04936854190585534 0.044771968854282536 0.032721010332950634
46 0.32953281423804226 0.26234213547646384 0.035038932146829814 0.013777267508610792
42 0.5344827586206896 0.08725602755453502 0.04755283648498331 0.040183696900114814
46 0.371523915461624 0.24339839265212398 0.018909899888765295 0.020091848450057407
30 0.3604004449388209 0.06659012629161883 0.039488320355951054 0.013777267508610792
30 0.44438264738598443 0.06659012629161883 0.030311457174638488 0.016073478760045924
42 0.292825361512792 0.029850746268656716 0.020578420467185762 0.01951779563719862
42 0.13598442714126807 0.04649827784156142 0.052836484983314794 0.04477611940298507
42 0.5189098998887653 0.15327210103329506 0.05561735261401557 0.04362801377726751
95 0.34454949944382646 0.2709529276693456 0.01696329254727475 0.04420206659012629
25 0.3264738598442714 0.7210103329506314 0.08398220244716352 0.1756601607347876
9 0.45272525027808674 0.7256027554535017 0.08620689655172414 0.17221584385763491
56 0.5453281423804227 0.7233065442020666 0.02836484983314794 0.08725602755453502