22 0.18153526970954356 0.21219758064516128 0.021265560165975105 0.029233870967741934
25 0.4045643153526971 0.17338709677419356 0.05186721991701245 0.07258064516129033
25 0.2266597510373444 0.6527217741935484 0.05446058091286307 0.0690524193548387
93 0.5005186721991701 0.06703629032258064 0.042012448132780086 0.05594758064516129
46 0.2245850622406639 0.4168346774193548 0.017634854771784232 0.04334677419354839
42 0.4507261410788382 0.6723790322580645 0.05186721991701245 0.05897177419354839
46 0.24896265560165975 0.4692540322580645 0.025933609958506226 0.023185483870967742
30 0.47769709543568467 0.45514112903225806 0.017634854771784232 0.04889112903225806
30 0.4782157676348548 0.5599798387096774 0.02074688796680498 0.03780241935483871
42 0.524896265560166 0.3709677419354839 0.024896265560165973 0.025705645161290324
42 0.504149377593361 0.17590725806451613 0.058091286307053944 0.06602822580645161
42 0.36566390041493774 0.6527217741935484 0.05653526970954357 0.0690524193548387
95 0.21369294605809128 0.43598790322580644 0.05705394190871369 0.021169354838709676
46 0.5342323651452282 0.7525201612903226 0.03112033195020747 0.03931451612903226
46 0.5342323651452282 0.9828629032258065 0.024896265560165973 0.034274193548387094
42 0.5202282157676349 0.8704637096774194 0.07780082987551867 0.09173387096774194
42 0.7489626556016598 0.8316532258064516 0.056016597510373446 0.05241935483870968
42 0.9802904564315352 0.8326612903225806 0.03941908713692946 0.05846774193548387
42 0.8853734439834025 0.8079637096774194 0.023858921161825725 0.02721774193548387
42 0.6478215767634855 0.8074596774193549 0.023858921161825725 0.03225806451612903
42 0.8065352697095436 0.9238911290322581 0.03008298755186722 0.02721774193548387
22 0.8480290456431535 0.8079637096774194 0.032157676348547715 0.023185483870967742
22 0.5736514522821576 0.8462701612903226 0.022821576763485476 0.029233870967741934
22 0.6115145228215768 0.8074596774193549 0.03008298755186722 0.016129032258064516
22 0.6887966804979253 0.8074596774193549 0.029045643153526972 0.02217741935483871
22 0.8075726141078838 0.8457661290322581 0.025933609958506226 0.02620967741935484
42 0.5720954356846473 0.921875 0.025933609958506226 0.029233870967741934
7 0.5762448132780082 0.7973790322580645 0.032157676348547715 0.05846774193548387
22 0.9216804979253111 0.8079637096774194 0.028008298755186723 0.023185483870967742
7 0.8112033195020747 0.8009072580645161 0.029045643153526972 0.055443548387096774
1 0.983402489626556 0.8865927419354839 0.03319502074688797 0.03528225806451613
1 0.7614107883817427 0.8860887096774194 0.07053941908713693 0.037298387096774195