22 0.4017379679144385 0.16379310344827586 0.023729946524064172 0.01896551724137931
25 0.43315508021390375 0.3596551724137931 0.059269162210338684 0.04551724137931035
25 0.04144385026737968 0.20344827586206896 0.05659536541889483 0.04793103448275862
93 0.5202762923351159 0.44413793103448274 0.045565953654188945 0.03689655172413793
46 0.23440285204991088 0.20172413793103447 0.03553921568627451 0.015862068965517243
42 0.02551247771836007 0.4006896551724138 0.04835115864527629 0.04551724137931035
46 0.19151069518716576 0.22310344827586207 0.019162210338680926 0.022758620689655173
30 0.20287433155080214 0.4241379310344828 0.040106951871657755 0.015862068965517243
30 0.11720142602495544 0.4244827586206897 0.030971479500891266 0.01793103448275862
42 0.2717245989304813 0.46586206896551724 0.02094474153297683 0.022068965517241378
42 0.43137254901960786 0.4472413793103448 0.05381016042780749 0.05103448275862069
42 0.04144385026737968 0.3255172413793103 0.05659536541889483 0.0496551724137931
95 0.21891711229946523 0.19206896551724137 0.017379679144385027 0.0503448275862069