22 0.22138013562026326 0.2217418159357628 0.031112883925009972 0.012353304508956145
25 0.17989629038691662 0.0926497838171711 0.0779816513761468 0.029956763434218655
25 0.6952532907857998 0.195491043854231 0.07439170323095333 0.03150092649783817
93 0.06541683286796969 0.036751080914144536 0.060031910650179494 0.02439777640518839
46 0.4415636218587954 0.19672637430512663 0.046868767451136814 0.010500308832612723
42 0.7163940965297168 0.06547251389746757 0.06362185879537295 0.029956763434218655
46 0.4980055843637814 0.18252007411982704 0.02512963701635421 0.015132798023471278
30 0.48284802552852013 0.05003088326127239 0.05285201435979258 0.010500308832612723
30 0.5957319505384923 0.04972205064854849 0.040885520542481055 0.012044471896232242
42 0.3923015556441963 0.022544780728844967 0.027522935779816515 0.014515132798023472
42 0.18228958915037893 0.034898085237801114 0.07080175508575987 0.033662754786905495
42 0.6952532907857998 0.11519456454601606 0.07439170323095333 0.032736256948733784
95 0.46190666134822495 0.20290302655960468 0.022736338252891904 0.03304508956145769
25 0.9700837654567211 0.22266831377393453 0.031112883925009972 0.04817788758492897
42 0.2927802153968887 0.6408276714021001 0.015556441962504986 0.026868437306979617
42 0.3504188272836059 0.5861642989499691 0.02473075388911049 0.05003088326127239
42 0.39748703629836457 0.6402100061766522 0.030514559234144395 0.06022235948116121
42 0.4030714000797766 0.5058678196417542 0.028320702034303948 0.05775169857936998
42 0.3009573195053849 0.5080296479308215 0.01336258476266454 0.03211859172328598
25 0.38472277622656564 0.5846201358863496 0.023932987634623055 0.051266213712168
22 0.47207818109293975 0.5525015441630636 0.00977263661747108 0.022544780728844967
22 0.5047865975269246 0.6371216800494132 0.010370961308336658 0.027486102532427423
22 0.5029916234543279 0.5067943174799259 0.013960909453530115 0.029956763434218655
1 0.4736737136019146 0.6062384187770229 0.021739130434782608 0.06578134651019148
1 0.48045472676505785 0.45985176034589254 0.01874750698045473 0.07226683137739345
1 0.478859194256083 0.3458925262507721 0.015556441962504986 0.03211859172328598
46 0.24810530514559234 0.6596664607782582 0.010969285999202234 0.021000617665225447
46 0.26226565616274433 0.5491043854231007 0.015755883526126845 0.022544780728844967
46 0.23414439569206222 0.5478690549722051 0.016354208216992423 0.022544780728844967
93 0.41842840047865976 0.5525015441630636 0.022337455125648185 0.046016059295861646
22 0.4637016354208217 0.39592340951204447 0.008974870362983646 0.027486102532427423
39 0.47327483047467095 0.39283508338480544 0.00658157159952134 0.02378011117974058
95 0.46390107698444355 0.35206917850525016 0.009573195053849222 0.044471896232242125
42 0.5257279617072198 0.6414453366275479 0.011567610690067811 0.027486102532427423
42 0.5257279617072198 0.5101914762198888 0.011567610690067811 0.027486102532427423
95 0.26884722776226566 0.36781964175416926 0.010969285999202234 0.03983940704138357
95 0.26884722776226566 0.6034589252625078 0.007977662544874352 0.054354539839407044
1 0.32808137215795774 0.5960469425571341 0.01874750698045473 0.06516368128474367
1 0.3286796968488233 0.4579987646695491 0.015755883526126845 0.06207535515750463
1 0.3284802552852014 0.34465719579987647 0.015556441962504986 0.02964793082149475
22 0.3175109692859992 0.5080296479308215 0.00977263661747108 0.021000617665225447
23 0.3256880733944954 0.5453983940704138 0.008376545672118069 0.021000617665225447
34 0.8424411647387315 0.8925262507720816 0.18508177104108497 0.16676961087090797