22 0.07569296375266525 0.15830721003134796 0.0255863539445629 0.04075235109717868
25 0.3411513859275053 0.1042319749216301 0.06183368869936034 0.10188087774294671
46 0.12686567164179105 0.44592476489028215 0.021321961620469083 0.061128526645768025
46 0.15618336886993603 0.5195924764890282 0.03091684434968017 0.032915360501567396
95 0.1140724946695096 0.4725705329153605 0.06823027718550106 0.029780564263322883
42 0.5676972281449894 0.10031347962382445 0.04157782515991471 0.05642633228840126
42 0.5650319829424307 0.3299373040752351 0.042643923240938165 0.05642633228840126
42 0.5682302771855011 0.5626959247648903 0.042643923240938165 0.06896551724137931
79 0.9205756929637526 0.1865203761755486 0.04371002132196162 0.045454545454545456
79 0.9243070362473348 0.42398119122257055 0.03837953091684435 0.047021943573667714
79 0.9211087420042644 0.6520376175548589 0.03304904051172708 0.03761755485893417
22 0.9637526652452025 0.1896551724137931 0.017057569296375266 0.034482758620689655
23 0.9616204690831557 0.42476489028213166 0.0255863539445629 0.034482758620689655
23 0.9616204690831557 0.6536050156739812 0.019189765458422176 0.045454545454545456
29 0.5687633262260128 0.4090909090909091 0.035181236673773986 0.061128526645768025
29 0.5676972281449894 0.6410658307210031 0.035181236673773986 0.05956112852664577
29 0.5666311300639659 0.17711598746081506 0.03624733475479744 0.05956112852664577
42 0.667910447761194 0.02037617554858934 0.035181236673773986 0.04075235109717868
42 0.670042643923241 0.25862068965517243 0.03731343283582089 0.05172413793103448
42 0.670042643923241 0.4898119122257053 0.03624733475479744 0.05642633228840126
7 0.6359275053304904 0.04075235109717868 0.029850746268656716 0.07366771159874608
7 0.6401918976545842 0.29231974921630094 0.026652452025586353 0.06896551724137931
7 0.6391257995735607 0.5227272727272727 0.026652452025586353 0.0768025078369906
42 0.20522388059701493 0.7727272727272727 0.04157782515991471 0.05642633228840126
42 0.30650319829424305 0.70141065830721 0.039445628997867806 0.045454545454545456
42 0.3070362473347548 0.932601880877743 0.04051172707889126 0.05956112852664577
3 0.017057569296375266 0.8738244514106583 0.03411513859275053 0.05172413793103448
42 0.20788912579957355 0.9913793103448276 0.03837953091684435 0.017241379310344827
29 0.20522388059701493 0.8526645768025078 0.03411513859275053 0.07053291536050156
7 0.27825159914712155 0.7327586206896551 0.03091684434968017 0.06426332288401254
7 0.2771855010660981 0.9639498432601881 0.02771855010660981 0.07210031347962383
7 0.44989339019189767 0.9474921630094044 0.03411513859275053 0.08620689655172414
7 0.7787846481876333 0.9467084639498433 0.035181236673773986 0.0877742946708464
42 0.8614072494669509 0.975705329153605 0.057569296375266525 0.048589341692789965
22 0.5053304904051172 0.957680250783699 0.029850746268656716 0.03761755485893417
22 0.7217484008528785 0.9584639498432602 0.0255863539445629 0.03918495297805643
42 0.5570362473347548 0.957680250783699 0.028784648187633263 0.0438871473354232
42 0.6727078891257996 0.9568965517241379 0.03411513859275053 0.045454545454545456