22 0.2534522439585731 0.09713375796178345 0.014959723820483314 0.025477707006369428
25 0.0261795166858458 0.15074309978768577 0.03567318757192175 0.06475583864118896
46 0.1478711162255466 0.1480891719745223 0.02243958573072497 0.021231422505307854
46 0.12082853855005754 0.17728237791932058 0.012082853855005753 0.03078556263269639
42 0.025891829689298044 0.30042462845010615 0.03567318757192175 0.03821656050955414
95 0.1380897583429229 0.13535031847133758 0.01093210586881473 0.06794055201698514
78 0.7456846950517837 0.23885350318471338 0.08630609896432681 0.1613588110403397
76 0.6156501726121979 0.2361995753715499 0.08630609896432681 0.16454352441613587
67 0.48388952819332565 0.23779193205944799 0.09378596087456847 0.1624203821656051
42 0.3731300345224396 0.2361995753715499 0.06731875719217491 0.1624203821656051
49 0.26582278481012656 0.9543524416135881 0.05523590333716916 0.09129511677282377
49 0.0981012658227848 0.9559447983014862 0.05466052934407365 0.0881104033970276
86 0.18354430379746836 0.7388535031847133 0.021288837744533946 0.041401273885350316
22 0.13463751438434982 0.8365180467091295 0.0189873417721519 0.04883227176220807
93 0.12313003452243959 0.6772823779193206 0.04372842347525892 0.0881104033970276
42 0.44735327963176064 0.3826963906581741 0.0333716915995397 0.0732484076433121
42 0.3751438434982739 0.428343949044586 0.03279631760644419 0.06369426751592357
46 0.34321058688147293 0.4723991507430998 0.007479861910241657 0.044585987261146494
46 0.40276179516685845 0.5987261146496815 0.031070195627157654 0.034501061571125265
1 0.43757192174913695 0.643312101910828 0.02474108170310702 0.06050955414012739
22 0.3437859608745685 0.34129511677282376 0.00863060989643268 0.028662420382165606
22 0.3429228998849252 0.4256900212314225 0.006904487917146145 0.02335456475583864
94 0.41369390103567316 0.5828025477707006 0.011219792865362486 0.06050955414012739
47 0.4076524741081703 0.34023354564755837 0.014384349827387802 0.041401273885350316
47 0.3633486766398159 0.3673036093418259 0.0005753739930955121 0.0010615711252653928
29 0.35356731875719216 0.38110403397027603 0.02819332566168009 0.04670912951167728
56 0.4614499424626007 0.41029723991507433 0.01611047180667434 0.038747346072186835