25 0.13784764207980654 0.1980891719745223 0.07859733978234583 0.07388535031847134
93 0.02599758162031439 0.06050955414012739 0.05199516324062878 0.05987261146496815
46 0.4014510278113664 0.45414012738853504 0.0471584038694075 0.025477707006369428
46 0.45828295042321643 0.4191082802547771 0.02539298669891173 0.03694267515923567
30 0.44316807738814995 0.09363057324840764 0.053204353083434096 0.025477707006369428
30 0.5423216444981862 0.09235668789808917 0.013301088270858524 0.02929936305732484
42 0.3518742442563482 0.026114649681528664 0.02781136638452237 0.035668789808917196
42 0.14026602176541716 0.05605095541401274 0.07134220072551391 0.08280254777070063
95 0.42140266021765416 0.4585987261146497 0.022974607013301087 0.061146496815286625
49 0.8742442563482467 0.4554140127388535 0.07980652962515115 0.06751592356687898
42 0.9286577992744861 0.3732484076433121 0.06650544135429262 0.06624203821656051
25 0.7388149939540508 0.36242038216560507 0.07013301088270858 0.07133757961783439
96 0.8712212817412334 0.37707006369426754 0.02176541717049577 0.034394904458598725
48 0.8361547762998791 0.35477707006369424 0.032648125755743655 0.030573248407643312
3 0.8742442563482467 0.32420382165605094 0.04232164449818621 0.03821656050955414
42 0.7376058041112454 0.2503184713375796 0.06408706166868199 0.06624203821656051
42 0.9365175332527207 0.23121019108280255 0.0592503022974607 0.06751592356687898
42 0.871825876662636 0.23248407643312102 0.06892382103990327 0.06751592356687898
42 0.8180169286577993 0.16305732484076432 0.03869407496977025 0.035668789808917196
42 0.8851269649334945 0.15987261146496815 0.04232164449818621 0.034394904458598725
39 0.9353083434099153 0.15477707006369426 0.026602176541717048 0.04076433121019108
42 0.9123337363966143 0.048407643312101914 0.04232164449818621 0.04203821656050955
42 0.9957678355501813 0.04904458598726115 0.008464328899637243 0.03694267515923567
39 0.7769044740024184 0.049681528662420385 0.016928657799274487 0.033121019108280254
22 0.9594921402660218 0.01337579617834395 0.02781136638452237 0.0267515923566879
22 0.9891172914147521 0.15477707006369426 0.02176541717049577 0.03184713375796178
42 0.3633615477629988 0.8585987261146497 0.06166868198307134 0.06369426751592357
42 0.16021765417170497 0.8522292993630574 0.04232164449818621 0.045859872611464965
42 0.1928657799274486 0.8070063694267516 0.037484885126964934 0.044585987261146494
42 0.1928657799274486 0.6726114649681528 0.04232164449818621 0.045859872611464965
46 0.2569528415961306 0.5668789808917197 0.02539298669891173 0.03949044585987261
46 0.281136638452237 0.9280254777070064 0.02781136638452237 0.025477707006369428
34 0.18016928657799275 0.7210191082802547 0.094316807738815 0.05605095541401274
25 0.9649334945586457 0.5414012738853503 0.07013301088270858 0.07388535031847134
47 0.562273276904474 0.5490445859872611 0.026602176541717048 0.048407643312101914