22 0.12961065573770492 0.15551020408163266 0.015368852459016393 0.02122448979591837
25 0.2889344262295082 0.12693877551020408 0.036885245901639344 0.053061224489795916
25 0.16188524590163936 0.47836734693877553 0.0389344262295082 0.05061224489795919
93 0.35758196721311475 0.04897959183673469 0.030225409836065573 0.04081632653061224
46 0.1603483606557377 0.3053061224489796 0.012807377049180328 0.03183673469387755
42 0.32223360655737704 0.4926530612244898 0.036885245901639344 0.04326530612244898
46 0.17827868852459017 0.3436734693877551 0.018442622950819672 0.017142857142857144
30 0.3411885245901639 0.33346938775510204 0.012807377049180328 0.035918367346938776
30 0.3417008196721312 0.41061224489795917 0.01485655737704918 0.027755102040816326
42 0.3755122950819672 0.27183673469387754 0.017930327868852458 0.018775510204081632
42 0.36014344262295084 0.12857142857142856 0.04149590163934426 0.04816326530612245
42 0.2612704918032787 0.47836734693877553 0.04047131147540984 0.05061224489795919
95 0.1526639344262295 0.31918367346938775 0.040983606557377046 0.015510204081632653
25 0.6480532786885246 0.017551020408163264 0.05430327868852459 0.03510204081632653
25 0.9789959016393442 0.017142857142857144 0.042008196721311473 0.03428571428571429
42 0.7003073770491803 0.4546938775510204 0.050204918032786885 0.03918367346938775
49 0.757172131147541 0.017959183673469388 0.05122950819672131 0.035918367346938776
42 0.03637295081967213 0.7648979591836734 0.07274590163934426 0.08653061224489796
25 0.16393442622950818 0.7657142857142857 0.09221311475409837 0.07510204081632653
25 0.29200819672131145 0.7648979591836734 0.11065573770491803 0.08