22 0.12983870967741937 0.28851540616246496 0.01827956989247312 0.016339869281045753
25 0.10564516129032259 0.12044817927170869 0.0456989247311828 0.0392156862745098
25 0.40779569892473116 0.25443510737628383 0.043548387096774194 0.04108309990662932
93 0.03844086021505377 0.0480859010270775 0.03521505376344086 0.031746031746031744
46 0.25887096774193546 0.25630252100840334 0.027419354838709678 0.01353874883286648
42 0.42016129032258065 0.08543417366946779 0.037365591397849465 0.0392156862745098
46 0.29193548387096774 0.2376283846872082 0.01478494623655914 0.0196078431372549
30 0.2833333333333333 0.06535947712418301 0.030913978494623656 0.01353874883286648
30 0.34946236559139787 0.06489262371615313 0.0239247311827957 0.015406162464985995
42 0.23010752688172043 0.029411764705882353 0.016129032258064516 0.019140989729225025
42 0.10698924731182796 0.045284780578898225 0.04139784946236559 0.04388422035480859
42 0.40779569892473116 0.14985994397759103 0.043548387096774194 0.042483660130718956
95 0.2709677419354839 0.2642390289449113 0.013440860215053764 0.04341736694677871
46 0.3849462365591398 0.8627450980392157 0.02795698924731183 0.02334267040149393
39 0.4346774193548387 0.8020541549953315 0.01021505376344086 0.011204481792717087
39 0.4346774193548387 0.7142857142857143 0.01021505376344086 0.009337068160597572
39 0.4349462365591398 0.6405228758169934 0.00967741935483871 0.013071895424836602
39 0.4349462365591398 0.5056022408963585 0.00967741935483871 0.012138188608776844
39 0.4166666666666667 0.8632119514472456 0.008064516129032258 0.031746031746031744
1 0.4438172043010753 0.5392156862745098 0.008064516129032258 0.036414565826330535