42 0.050695249130938584 0.24664602683178535 0.043453070683661645 0.053663570691434466
49 0.05214368482039398 0.3219814241486068 0.046349942062572425 0.0521155830753354
25 0.13093858632676708 0.31166150670794635 0.04200463499420626 0.047987616099071206
42 0.09298957126303592 0.41640866873065013 0.043453070683661645 0.0521155830753354
42 0.09154113557358054 0.47781217750258 0.046349942062572425 0.053663570691434466
39 0.028389339513325607 0.4824561403508772 0.013035921205098494 0.02321981424148607
42 0.09125144843568946 0.542311661506708 0.04490150637311703 0.04540763673890609
39 0.14947856315179606 0.4809081527347781 0.014484356894553883 0.020123839009287926
42 0.42439165701042875 0.15789473684210525 0.01100811123986095 0.043859649122807015
42 0.40816917728852836 0.3075335397316821 0.01738122827346466 0.028379772961816305
47 0.373117033603708 0.3065015479876161 0.016801853997682505 0.03147574819401445
1 0.4197566628041715 0.4540763673890609 0.020278099652375436 0.04643962848297214
17 0.42265353418308227 0.49484004127966974 0.014484356894553883 0.020123839009287926
30 0.7265353418308227 0.4411764705882353 0.06257242178447277 0.0392156862745098
71 0.6289107763615296 0.43962848297213625 0.0880648899188876 0.22807017543859648
97 0.5312862108922364 0.44169246646026833 0.0492468134414832 0.08565531475748193
18 0.4394553881807648 0.4422084623323013 0.01853997682502897 0.06604747162022703
22 0.15266512166859791 0.6671826625386997 0.02085747392815759 0.04540763673890609
29 0.1694669756662804 0.7579979360165119 0.05793742757821553 0.058823529411764705
22 0.15092699884125144 0.849329205366357 0.02549246813441483 0.038183694530443756
46 0.12282734646581692 0.8756449948400413 0.028968713789107765 0.038183694530443756
42 0.15208574739281575 0.9091847265221878 0.023174971031286212 0.04540763673890609
42 0.2639049826187717 0.7569659442724458 0.05909617612977984 0.08668730650154799
42 0.21060254924681343 0.673374613003096 0.05619930475086906 0.06707946336429309
47 0.07184241019698726 0.760061919504644 0.023174971031286212 0.0608875128998968
39 0.9933371958285052 0.7162022703818369 0.009269988412514484 0.03611971104231166
102 0.5926998841251448 0.9535603715170279 0.03070683661645423 0.05263157894736842
46 0.7560834298957126 0.8209494324045408 0.021436848203939745 0.05572755417956656
93 0.9046929316338355 0.8792569659442725 0.04055619930475087 0.07739938080495357
93 0.7557937427578215 0.9411764705882353 0.041135573580533026 0.11764705882352941
1 0.9171494785631518 0.9499484004127967 0.05214368482039398 0.05985552115583075
39 0.6622247972190035 0.8627450980392157 0.023754345307068367 0.021671826625386997