42 0.06725502130249543 0.20012953367875647 0.05782105903834449 0.04404145077720207
49 0.06938527084601338 0.2616580310880829 0.06147291539866099 0.04209844559585492
25 0.17376749847839318 0.25323834196891193 0.055690809494826535 0.038860103626943004
42 0.12325015216068168 0.3380829015544041 0.05782105903834449 0.04209844559585492
42 0.12111990261716372 0.38795336787564766 0.06147291539866099 0.04404145077720207
39 0.037431527693244065 0.391839378238342 0.017346317711503346 0.01878238341968912
42 0.12081558125380401 0.44041450777202074 0.05964698721850274 0.036917098445595854
39 0.19811320754716982 0.3905440414507772 0.019172245891661596 0.016191709844559584
42 0.5623858794887401 0.12823834196891193 0.014303104077906269 0.03562176165803109
42 0.5407790626902008 0.24935233160621761 0.023128423615337797 0.02266839378238342
47 0.49452221545952524 0.24870466321243523 0.022215459525258673 0.025259067357512953
1 0.5559951308581862 0.36852331606217614 0.027388922702373707 0.03756476683937824
17 0.5599513085818625 0.4015544041450777 0.019172245891661596 0.016191709844559584