42 0.04968805704099822 0.15 0.042557932263814616 0.032758620689655175
49 0.05102495543672014 0.19620689655172413 0.04534313725490196 0.031724137931034485
25 0.12800802139037434 0.1896551724137931 0.041109625668449196 0.029310344827586206
42 0.09079768270944742 0.2537931034482759 0.042557932263814616 0.031724137931034485
42 0.089349376114082 0.2910344827586207 0.04534313725490196 0.032758620689655175
39 0.027629233511586453 0.29379310344827586 0.012811942959001782 0.014137931034482758
42 0.08901515151515152 0.3303448275862069 0.044006238859180036 0.02793103448275862
39 0.14605614973262032 0.2927586206896552 0.014148841354723708 0.01206896551724138
42 0.4144385026737968 0.09620689655172414 0.010583778966131907 0.02689655172413793
42 0.3985071301247772 0.18724137931034482 0.017045454545454544 0.017241379310344827
47 0.36452762923351156 0.18689655172413794 0.01626559714795009 0.019310344827586208
1 0.40987076648841353 0.27655172413793105 0.019830659536541888 0.028275862068965516
17 0.4126559714795009 0.30137931034482757 0.014148841354723708 0.01206896551724138
22 0.4214572192513369 0.18862068965517242 0.0033422459893048127 0.015862068965517243
95 0.42090017825311943 0.21482758620689654 0.0022281639928698753 0.03103448275862069
42 0.23462566844919786 0.41517241379310343 0.011586452762923352 0.028965517241379312
42 0.19173351158645277 0.47379310344827585 0.018493761140819964 0.05379310344827586
42 0.15663992869875223 0.4186206896551724 0.022727272727272728 0.057931034482758624
42 0.15251782531194297 0.5603448275862069 0.021167557932263815 0.06206896551724138
42 0.2286096256684492 0.5582758620689655 0.010026737967914439 0.034482758620689655
42 0.15508021390374332 0.8024137931034483 0.021836007130124777 0.0696551724137931
25 0.1661096256684492 0.47551724137931034 0.017825311942959002 0.05517241379310345
22 0.10104723707664884 0.5103448275862069 0.007352941176470588 0.02413793103448276
22 0.07676024955436721 0.4189655172413793 0.007798573975044563 0.029655172413793104
22 0.07809714795008912 0.5593103448275862 0.010472370766488414 0.031724137931034485
22 0.07754010695187166 0.8031034482758621 0.009358288770053475 0.034482758620689655
22 0.0929144385026738 0.9637931034482758 0.008912655971479501 0.022758620689655173
22 0.07765151515151515 0.9924137931034482 0.008244206773618538 0.015172413793103448
1 0.0999331550802139 0.45241379310344826 0.01626559714795009 0.07103448275862069
1 0.09480837789661319 0.61 0.014037433155080214 0.07793103448275862
1 0.09592245989304812 0.7524137931034482 0.011809269162210338 0.07379310344827586
42 0.22916666666666666 0.8031034482758621 0.009581105169340463 0.027586206896551724
46 0.2628119429590018 0.8627586206896551 0.010026737967914439 0.04827586206896552
46 0.2677139037433155 0.3979310344827586 0.008244206773618538 0.016551724137931035
46 0.25746434937611407 0.5137931034482759 0.011809269162210338 0.02413793103448276
46 0.2784090909090909 0.5151724137931034 0.012254901960784314 0.02413793103448276
42 0.2836452762923351 0.8937931034482759 0.009358288770053475 0.029655172413793104
93 0.1410427807486631 0.5103448275862069 0.016711229946524065 0.0496551724137931
22 0.10739750445632798 0.6789655172413793 0.0066844919786096255 0.029655172413793104
39 0.1001559714795009 0.6824137931034483 0.004901960784313725 0.025517241379310347
95 0.1070632798573975 0.726551724137931 0.007352941176470588 0.0496551724137931
42 0.0607174688057041 0.8051724137931034 0.007798573975044563 0.025517241379310347
42 0.061163101604278076 0.4144827586206897 0.008689839572192513 0.029655172413793104
42 0.061163101604278076 0.5558620689655173 0.008689839572192513 0.029655172413793104
93 0.13502673796791445 0.9813793103448276 0.017379679144385027 0.037241379310344824
95 0.25256238859180036 0.7093103448275863 0.008244206773618538 0.04275862068965517
95 0.25256238859180036 0.45517241379310347 0.006016042780748663 0.05862068965517241
30 0.2737299465240642 0.8344827586206897 0.007352941176470588 0.04689655172413793
86 0.2867647058823529 0.9634482758620689 0.0066844919786096255 0.04
95 0.10650623885918004 0.9889655172413793 0.0066844919786096255 0.022068965517241378
1 0.20844474153297682 0.463448275862069 0.014037433155080214 0.0703448275862069
1 0.20799910873440286 0.6120689655172413 0.011809269162210338 0.06689655172413793
1 0.20799910873440286 0.7531034482758621 0.011809269162210338 0.0703448275862069
22 0.2162433155080214 0.5582758620689655 0.007352941176470588 0.022758620689655173
39 0.22638146167557932 0.983448275862069 0.0106951871657754 0.013793103448275862
23 0.21011586452762923 0.5179310344827586 0.006238859180035651 0.022758620689655173