42 0.2582879762493815 0.4216321243523316 0.029688273132112815 0.08419689119170984
49 0.2572983671449777 0.30375647668393785 0.03166749134092034 0.08160621761658031
25 0.20361207323107372 0.31994818652849744 0.028698664027709056 0.07512953367875648
42 0.22958931222167245 0.1560880829015544 0.029688273132112815 0.08160621761658031
42 0.23057892132607619 0.06023316062176166 0.03166749134092034 0.08419689119170984
39 0.2736269173676398 0.05310880829015544 0.008906481939633844 0.03626943005181347
39 0.19099455714992578 0.05569948186528497 0.009896091044037604 0.031088082901554404
42 0.014844136566056407 0.32642487046632124 0.011875309252845126 0.04404145077720207
47 0.03859475507174666 0.327720207253886 0.011380504700643246 0.04922279792746114
1 0.006927263730826323 0.09715025906735751 0.013854527461652647 0.07253886010362694
17 0.004948045522018802 0.03367875647668394 0.009896091044037604 0.031088082901554404
25 0.7159821870361207 0.31411917098445596 0.03859475507174666 0.10103626943005181
42 0.797624938149431 0.422279792746114 0.04106877783275606 0.11010362694300518
42 0.8327560613557645 0.23769430051813473 0.03809995051954478 0.10103626943005181
42 0.7966353290450272 0.31476683937823835 0.03859475507174666 0.11398963730569948
46 0.8730826323602177 0.49676165803108807 0.01880257298367145 0.07772020725388601
47 0.9069767441860465 0.13860103626943004 0.014844136566056407 0.07124352331606218
46 0.8740722414646215 0.04209844559585492 0.01682335477486393 0.07772020725388601
46 0.8733300346363186 0.23575129533678757 0.01830776843146957 0.07383419689119171
46 0.8456209797130133 0.41904145077720206 0.027709054923305294 0.034974093264248704
46 0.847105393369619 0.3167098445595855 0.028203859475507173 0.03626943005181347
87 0.8599703117268679 0.13406735751295337 0.04403760514596734 0.08937823834196891
42 0.15437902028698663 0.8205958549222798 0.02078179119247897 0.05310880829015544
46 0.194210786739238 0.7875647668393783 0.012864918357248886 0.04404145077720207
42 0.03488372093023256 0.6424870466321243 0.02028698664027709 0.05699481865284974
46 0.10836219693221177 0.7869170984455959 0.008411677387431964 0.03626943005181347