25 0.5047466216216216 0.9645336787564767 0.0961317567567567 0.07060880829015542
42 0.3502027027027027 0.7930699481865285 0.110777027027027 0.0779015544041452
49 0.5045777027027026 0.7903367875647668 0.10648648648648643 0.08227979274611397
25 0.4831418918918919 0.6494818652849741 0.09790540540540546 0.07514248704663211
42 0.6968243243243243 0.7176036269430052 0.10506756756756765 0.07821243523316077
42 0.8215371621621622 0.7202072538860104 0.11006756756756761 0.08177461139896387
39 0.8308277027027028 0.8329922279792746 0.04716216216216209 0.022914507772020795
42 0.9534966216216216 0.7211658031088083 0.0922128378378377 0.08020725388601045
39 0.827347972972973 0.616619170984456 0.040523648648648665 0.024948186528497396
95 0.18295608108108108 0.9366580310880829 0.03445945945945947 0.060906735751295314
47 0.10755067567567568 0.040777202072538855 0.042162162162162176 0.041230569948186524
42 0.026114864864864865 0.04244818652849741 0.03494932432432432 0.041230569948186524
93 0.2747297297297297 0.06441709844559584 0.08251689189189193 0.06362694300518133
42 0.16988175675675674 0.10449481865284975 0.08900337837837838 0.06420984455958548
42 0.47488175675675676 0.1556217616580311 0.05692567567567575 0.030531088082901565
47 0.47326013513513515 0.21739637305699483 0.06449324324324315 0.02974093264248702
1 0.7733952702702703 0.12563471502590673 0.0940371621621621 0.05510362694300517
17 0.856266891891892 0.11168393782383419 0.03927364864864875 0.062007772020725396
42 0.6328716216216217 0.06003886010362695 0.08971283783783786 0.06979274611398965
42 0.8802364864864866 0.03226683937823834 0.08935810810810817 0.06453367875647668
93 0.4903716216216216 0.08632124352331606 0.08202702702702713 0.0647279792746114