25 0.2876841707593502 0.4043668122270742 0.05477899508877975 0.029694323144104803
42 0.19965999244427654 0.3323144104803493 0.06252361163581413 0.03275109170305677
49 0.2873063845863241 0.3314410480349345 0.06063468077068379 0.034934497816593885
25 0.27521722704949 0.2724890829694323 0.05572346052134492 0.0314410480349345
42 0.3970532678503967 0.30087336244541485 0.06063468077068379 0.03275109170305677
42 0.46826596146581034 0.3017467248908297 0.06252361163581413 0.034934497816593885
39 0.4735549678881753 0.34934497816593885 0.02701171137136381 0.00960698689956332
42 0.5432565168114847 0.3021834061135371 0.05289006422364941 0.033624454148471615
39 0.47147714393653195 0.25851528384279476 0.0230449565545901 0.010917030567685589
95 0.1044578768417076 0.3925764192139738 0.0202115602568946 0.025327510917030567
47 0.0612013600302229 0.01703056768558952 0.02398942198715527 0.01703056768558952
42 0.014922553834529657 0.017903930131004366 0.0202115602568946 0.017467248908296942
93 0.15640347563279183 0.027074235807860263 0.04722327162825841 0.026637554585152837
42 0.09671326029467321 0.043668122270742356 0.05100113335851908 0.026637554585152837
42 0.27049489988666414 0.06506550218340611 0.03267850396675482 0.013100436681222707
47 0.26936154136758594 0.09126637554585153 0.03664525878352852 0.012663755458515284
1 0.44068757083490745 0.05283842794759825 0.05383452965621458 0.022707423580786028
17 0.48791084246316585 0.046724890829694325 0.0230449565545901 0.026200873362445413
42 0.36040800906686815 0.025327510917030567 0.05100113335851908 0.02925764192139738
42 0.5007555723460522 0.013100436681222707 0.05100113335851908 0.026200873362445413
93 0.2795617680392898 0.036244541484716154 0.04722327162825841 0.027074235807860263
46 0.7085379675103891 0.028384279475982533 0.015489233094068758 0.056768558951965066
46 0.8607857952398942 0.40655021834061134 0.013222516055912353 0.025327510917030567
93 0.865130336229694 0.2039301310043668 0.029845107669059314 0.06724890829694323
93 0.8751416698148847 0.09956331877729258 0.026822818284850773 0.05327510917030567
93 0.921420476010578 0.3663755458515284 0.029845107669059314 0.06637554585152838
42 0.9074423876086135 0.22270742358078602 0.03135625236116358 0.06462882096069869
7 0.9590102002266717 0.22838427947598253 0.016244805440120892 0.07248908296943231
42 0.8392519833774084 0.27336244541484717 0.013222516055912353 0.03668122270742358
22 0.8396297695504344 0.3240174672489083 0.011711371363808084 0.029694323144104803
22 0.8050623347185493 0.0388646288209607 0.012466943709860219 0.029694323144104803
42 0.7674726105024556 0.12358078602620087 0.03286739705326785 0.07248908296943231
42 0.9032867397053268 0.14585152838427948 0.01662259161314696 0.03668122270742358
1 0.8177181715149225 0.23755458515283842 0.03022289384208538 0.034934497816593885
42 0.9557990177559501 0.385589519650655 0.018889308651303362 0.04104803493449782
7 0.8417075935020778 0.13973799126637554 0.015867019267094825 0.06812227074235808
86 0.7956176803928976 0.17729257641921398 0.02040045334340763 0.045414847161572056
86 0.7948621080468455 0.3056768558951965 0.026445032111824706 0.043668122270742356
86 0.9837551945598791 0.4091703056768559 0.018889308651303362 0.020087336244541485
86 0.9962221382697394 0.1868995633187773 0.007555723460521345 0.050655021834061134
86 0.915375897242161 0.3056768558951965 0.012089157536834151 0.050655021834061134
86 0.8851530034000755 0.1965065502183406 0.01511144692104269 0.03842794759825328
86 0.8477521722704949 0.021397379912663755 0.018889308651303362 0.04279475982532751
86 0.8859085757461277 0.06026200873362445 0.02568945976577257 0.04192139737991266
42 0.41726482810729126 0.45982532751091704 0.0207782395164337 0.02794759825327511
42 0.22459387986399698 0.4611353711790393 0.0213449187759728 0.02794759825327511
1 0.4512655836796373 0.4275109170305677 0.0426898375519456 0.016593886462882096
93 0.26709482432942955 0.434061135371179 0.03324518322629392 0.029694323144104803
1 0.1887041934265206 0.4283842794759825 0.04420098224404987 0.01834061135371179
87 0.5766905931242916 0.8170305676855896 0.013978088401964487 0.15283842794759825
58 0.8996977710615791 0.4707423580786026 0.06309029089535323 0.10305676855895196
54 0.898753305629014 0.6532751091703056 0.05855685681904042 0.13449781659388646
57 0.8998866641480922 0.8475982532751092 0.05742349829996222 0.1406113537117904