42 0.28476245654692933 0.25582901554404147 0.02954808806488992 0.08419689119170984
49 0.283603707995365 0.13795336787564766 0.03186558516801854 0.08160621761658031
25 0.22334878331402086 0.15414507772020725 0.03360370799536501 0.07512953367875648
42 0.253765932792584 0.015544041450777202 0.03476245654692932 0.031088082901554404
42 0.004634994206257242 0.16062176165803108 0.009269988412514484 0.04404145077720207
47 0.030127462340672075 0.16191709844559585 0.013325608342989572 0.04922279792746114
30 0.4524913093858633 0.010362694300518135 0.06257242178447277 0.02072538860103627
71 0.5498261877172653 0.0705958549222798 0.0880648899188876 0.1411917098445596
97 0.6474507531865585 0.02461139896373057 0.0492468134414832 0.04922279792746114
18 0.7392815758980301 0.018134715025906734 0.01853997682502897 0.03626943005181347
42 0.07010428736964079 0.602979274611399 0.024913093858632676 0.04792746113989637
42 0.15092699884125144 0.6042746113989638 0.017960602549246814 0.046632124352331605
42 0.012746234067207415 0.7208549222797928 0.02085747392815759 0.04922279792746114
42 0.09530706836616454 0.7202072538860104 0.02085747392815759 0.04533678756476684
42 0.1749710312862109 0.7202072538860104 0.023174971031286212 0.04533678756476684
29 0.043453070683661645 0.7202072538860104 0.030127462340672075 0.03367875647668394
29 0.1254345307068366 0.7176165803108808 0.028389339513325607 0.04015544041450777
29 0.20509849362688296 0.7176165803108808 0.023754345307068367 0.04015544041450777
7 0.16367323290845887 0.6360103626943006 0.022595596755504054 0.03626943005181347
7 0.006373117033603708 0.6379533678756477 0.012746234067207415 0.034974093264248704
7 0.08053302433371959 0.6379533678756477 0.02954808806488992 0.029792746113989636
2 0.2100231749710313 0.9546632124352331 0.014484356894553883 0.04015544041450777
2 0.12891077636152956 0.9734455958549223 0.013904982618771726 0.038860103626943004
2 0.0492468134414832 0.9857512953367875 0.016222479721900347 0.02849740932642487
1 0.5732908458864426 0.47020725388601037 0.044611819235225954 0.02072538860103627