42 0.5817011000804937 0.3439119170984456 0.06680976656828548 0.04727979274611399
49 0.5795546015562114 0.2778497409326425 0.0713710759323853 0.04598445595854922
25 0.4586799034075664 0.2869170984455959 0.06466326804400321 0.04209844559585492
42 0.5171719881942581 0.1955958549222798 0.06680976656828548 0.04598445595854922
42 0.5193184867185404 0.14183937823834197 0.0713710759323853 0.04727979274611399
39 0.6163133887845452 0.13795336787564766 0.02012342366514623 0.020077720207253884
42 0.5198551113496109 0.08549222797927461 0.06909042125033539 0.04015544041450777
39 0.4302387979608264 0.13924870466321243 0.022269922189428495 0.017487046632124352
42 0.008317681781593774 0.4209844559585492 0.01663536356318755 0.038860103626943004
42 0.03340488328414274 0.29080310880829013 0.026697075395760664 0.02461139896373057
47 0.08693319023343171 0.2914507772020725 0.025623826133619534 0.027849740932642485
1 0.015562114301046419 0.16191709844559585 0.031124228602092838 0.04145077720207254
17 0.011134961094714247 0.12694300518134716 0.022269922189428495 0.017487046632124352