42 0.04716981132075472 0.08419689119170984 0.040474741326841146 0.018134715025906734
49 0.048691418137553254 0.11010362694300518 0.04321363359707851 0.018134715025906734
25 0.12203286670724285 0.10686528497409327 0.03925745587340231 0.016191709844559584
42 0.08642726719415703 0.14248704663212436 0.040474741326841146 0.018134715025906734
42 0.0852099817407182 0.16321243523316062 0.04321363359707851 0.018134715025906734
39 0.026475958612294584 0.16515544041450778 0.012172854534388313 0.007772020725388601
42 0.08490566037735849 0.18588082901554404 0.041996348143639686 0.015544041450777202
39 0.1390748630553865 0.1645077720207254 0.013390139987827145 0.007124352331606218
42 0.39470480827754106 0.05375647668393782 0.01004260499087036 0.014896373056994818
42 0.3794887401095557 0.10492227979274611 0.016129032258064516 0.009715025906735751
47 0.3472306755934267 0.10492227979274611 0.0155203895313451 0.011010362694300517
1 0.39044430919050516 0.15544041450777202 0.018867924528301886 0.016191709844559584
17 0.39318320146074254 0.16904145077720206 0.013390139987827145 0.007124352331606218
42 0.42483262325015214 0.11139896373056994 0.023737066342057214 0.013601036269430052
7 0.4144856968959221 0.09909326424870467 0.029214850882531954 0.011658031088082901
105 0.3146682897139379 0.7441709844559585 0.051734631771150334 0.11528497409326424
106 0.2087644552647596 0.7454663212435233 0.05356055995130858 0.11139896373056994
1 0.5118685331710287 0.5038860103626943 0.0426049908703591 0.04987046632124352
1 0.44126597687157637 0.3244818652849741 0.04473524041387705 0.04015544041450777
1 0.41235544735240415 0.37759067357512954 0.024954351795496044 0.07124352331606218
1 0.4838709677419355 0.40932642487046633 0.04169202678027997 0.04922279792746114
25 0.40535605599513086 0.6871761658031088 0.010955569080949483 0.06865284974093264
1 0.4497869750456482 0.5906735751295337 0.04747413268411443 0.046632124352331605
1 0.42026780279975656 0.5576424870466321 0.02799756542909312 0.07189119170984457
1 0.45313451004260497 0.4643782383419689 0.030736457699330495 0.07772020725388601