42 0.4316338354577057 0.3441048034934498 0.049536500579374275 0.04716157205240175
49 0.4298957126303592 0.2781659388646288 0.05301274623406721 0.04585152838427948
25 0.34038238702201623 0.2873362445414847 0.04808806488991889 0.04192139737991266
42 0.38383545770567784 0.19563318777292577 0.049536500579374275 0.04585152838427948
42 0.38528389339513325 0.14192139737991266 0.05301274623406721 0.04716157205240175
39 0.4574159907300116 0.13799126637554585 0.01477404403244496 0.020087336244541485
42 0.3858632676709154 0.0851528384279476 0.05127462340672074 0.03973799126637555
39 0.31923522595596754 0.1393013100436681 0.016512166859791424 0.017467248908296942
42 0.00608342989571263 0.4218340611353712 0.01216685979142526 0.03842794759825328
42 0.024913093858632676 0.2908296943231441 0.01998841251448436 0.02445414847161572
47 0.06460023174971032 0.29170305676855895 0.019119351100811123 0.027510917030567687
1 0.011587485515643106 0.16244541484716157 0.023174971031286212 0.04061135371179039
17 0.008400926998841252 0.12707423580786026 0.016512166859791424 0.017467248908296942
58 0.526361529548088 0.20655021834061135 0.07358053302433372 0.14585152838427948
54 0.6503476245654692 0.2091703056768559 0.08922363847045191 0.13537117903930132
57 0.7792584009269988 0.20655021834061135 0.093279258400927 0.13275109170305677
26 0.9119351100811124 0.20567685589519652 0.09269988412514485 0.14497816593886462
25 0.15324449594438008 0.8161572052401747 0.03592120509849363 0.05327510917030567
25 0.20625724217844726 0.6825327510917031 0.03476245654692932 0.050655021834061134
25 0.3684820393974508 0.6982532751091703 0.03765932792584009 0.05240174672489083
42 0.3690614136732329 0.7842794759825328 0.028968713789107765 0.04890829694323144
42 0.4159907300115875 0.9126637554585153 0.024913093858632676 0.04716157205240175
46 0.24391657010428738 0.9737991266375546 0.014484356894553883 0.03056768558951965
95 0.12166859791425261 0.980349344978166 0.03070683661645423 0.023580786026200874
22 0.33053302433371956 0.7580786026200873 0.013904982618771726 0.028820960698689956
49 0.40324449594438005 0.665938864628821 0.03302433371958285 0.0611353711790393
42 0.2059675550405562 0.7650655021834061 0.0388180764774044 0.05327510917030567
96 0.402954808806489 0.7506550218340612 0.015063731170336037 0.022707423580786028
48 0.4110660486674392 0.7755458515283843 0.016801853997682505 0.025327510917030567
49 0.5162224797219004 0.7174672489082969 0.05330243337195829 0.12838427947598252
66 0.6320973348783314 0.7170305676855895 0.09096176129779837 0.13624454148471615
77 0.7641946697566628 0.7183406113537117 0.09038238702201622 0.13187772925764193