42 0.3201219512195122 0.3544362292051756 0.057926829268292686 0.051756007393715345
1 0.2545731707317073 0.33826247689463956 0.04065040650406504 0.059149722735674676
93 0.23932926829268292 0.05961182994454713 0.046747967479674794 0.048983364140480594
42 0.20376016260162602 0.0023105360443622922 0.027439024390243903 0.0046210720887245845
7 0.3480691056910569 0.0046210720887245845 0.059959349593495935 0.009242144177449169
7 0.34959349593495936 0.2823475046210721 0.049796747967479675 0.024029574861367836
22 0.3440040650406504 0.2333641404805915 0.03048780487804878 0.018484288354898338
42 0.34502032520325204 0.1890018484288355 0.02540650406504065 0.02865064695009242
22 0.3445121951219512 0.04621072088724584 0.023373983739837397 0.01756007393715342
42 0.34502032520325204 0.09057301293900184 0.024390243902439025 0.024953789279112754
42 0.20477642276422764 0.28650646950092423 0.028455284552845527 0.02033271719038817
64 0.9883130081300813 0.08826247689463956 0.023373983739837397 0.04528650646950092
42 0.8760162601626016 0.0743992606284658 0.07723577235772358 0.0767097966728281
93 0.9258130081300813 0.015249537892791128 0.06910569105691057 0.030499075785582256
42 0.5879065040650406 0.11136783733826247 0.037601626016260166 0.06931608133086876
3 0.5894308943089431 0.327634011090573 0.04065040650406504 0.03974121996303143
3 0.8699186991869918 0.14510166358595195 0.037601626016260166 0.04528650646950092
3 0.8546747967479674 0.32624768946395566 0.04878048780487805 0.036968576709796676
39 0.5752032520325203 0.18807763401109057 0.012195121951219513 0.013863216266173753
39 0.9872967479674797 0.056377079482439925 0.02540650406504065 0.011090573012939002
39 0.9883130081300813 0.12014787430683918 0.023373983739837397 0.011090573012939002
68 0.8760162601626016 0.1866913123844732 0.029471544715447155 0.0166358595194085
42 0.7205284552845529 0.3299445471349353 0.07926829268292683 0.07393715341959335
68 0.9349593495934959 0.23844731977818853 0.014227642276422764 0.024953789279112754
42 0.5121951219512195 0.6487985212569316 0.0782520325203252 0.07024029574861368
93 0.4369918699186992 0.7102587800369686 0.06808943089430894 0.059149722735674676
93 0.13973577235772358 0.7102587800369686 0.06707317073170732 0.059149722735674676
93 0.3013211382113821 0.8498151571164511 0.06605691056910569 0.06284658040665435
42 0.3795731707317073 0.7906654343807763 0.03861788617886179 0.038817005545286505
42 0.3795731707317073 0.911275415896488 0.036585365853658534 0.03789279112754159
93 0.13973577235772358 0.9574861367837338 0.07113821138211382 0.06192236598890943
8 0.38871951219512196 0.6575785582255084 0.06707317073170732 0.036968576709796676
42 0.08180894308943089 0.7920517560073937 0.032520325203252036 0.03234750462107209
22 0.3785569105691057 0.9796672828096118 0.03048780487804878 0.024953789279112754
22 0.27134146341463417 0.6515711645101664 0.032520325203252036 0.025878003696857672
22 0.3790650406504065 0.7296672828096118 0.032520325203252036 0.027726432532347505