42 0.40498261877172653 0.29876373626373626 0.04490150637311703 0.06799450549450549
1 0.3913673232908459 0.37637362637362637 0.05127462340672074 0.04807692307692308
93 0.14976825028968713 0.3942307692307692 0.042294322132097335 0.054945054945054944
42 0.09241019698725376 0.43543956043956045 0.01998841251448436 0.032280219780219783
1 0.04606025492468135 0.37637362637362637 0.05533024333719583 0.04807692307692308
7 0.093279258400927 0.2651098901098901 0.026361529548088066 0.07074175824175824
7 0.3424101969872538 0.2644230769230769 0.02085747392815759 0.05837912087912088
22 0.30011587485515645 0.2706043956043956 0.01593279258400927 0.03571428571428571
42 0.2615874855156431 0.2692307692307692 0.024913093858632676 0.03021978021978022
22 0.13818076477404403 0.2699175824175824 0.015063731170336037 0.027472527472527472
42 0.17641946697566627 0.2692307692307692 0.021726535341830822 0.028846153846153848
42 0.03592120509849363 0.30288461538461536 0.04171494785631518 0.06318681318681318
42 0.3455967555040556 0.43475274725274726 0.017670915411355737 0.03365384615384615
66 0.8030127462340672 0.1620879120879121 0.09038238702201622 0.21565934065934067
77 0.802143684820394 0.47527472527472525 0.08748551564310544 0.21428571428571427
30 0.40092699884125144 0.7101648351648352 0.0220162224797219 0.14835164835164835
71 0.4000579374275782 0.9189560439560439 0.12804171494785632 0.1620879120879121