7 0.1579194001874414 0.008461538461538461 0.04592314901593252 0.016923076923076923
22 0.1635426429240862 0.07923076923076923 0.028116213683223992 0.03076923076923077
42 0.1626054358013121 0.15307692307692308 0.023430178069353328 0.047692307692307694
42 0.1626054358013121 0.3169230769230769 0.022492970946579195 0.04153846153846154
42 0.2914714151827554 0.0038461538461538464 0.026241799437675725 0.007692307692307693
35 0.5609184629803187 0.015384615384615385 0.02717900656044986 0.03076923076923077
1 0.23851921274601687 0.9969230769230769 0.04967197750702906 0.006153846153846154
42 0.18603561387066542 0.9115384615384615 0.041237113402061855 0.05846153846153846
42 0.2507029053420806 0.63 0.07872539831302718 0.13538461538461538
42 0.12371134020618557 0.6330769230769231 0.07029053420805999 0.13538461538461538
42 0.12277413308341144 0.45 0.07497656982193064 0.12
86 0.2338331771321462 0.8223076923076923 0.033739456419868794 0.05846153846153846
25 0.3931583880037488 0.6307692307692307 0.07497656982193064 0.12153846153846154
42 0.2994376757263355 0.9061538461538462 0.033739456419868794 0.05076923076923077
1 0.33692596063730085 0.9930769230769231 0.04779756326148079 0.013846153846153847
94 0.39034676663542645 0.8753846153846154 0.028116213683223992 0.12153846153846154
42 0.6026241799437676 0.6753846153846154 0.029053420805998126 0.05846153846153846
42 0.5665417057169635 0.6123076923076923 0.028116213683223992 0.04923076923076923
42 0.6035613870665417 0.5553846153846154 0.030927835051546393 0.06615384615384616
46 0.5248359887535146 0.6923076923076923 0.028116213683223992 0.08153846153846153
46 0.5243673851921274 0.3723076923076923 0.029053420805998126 0.06461538461538462
1 0.5543580131208997 0.42 0.05529522024367385 0.06
22 0.521087160262418 0.5653846153846154 0.026241799437675725 0.04153846153846154
22 0.5220243673851921 0.44153846153846155 0.022492970946579195 0.033846153846153845
29 0.5107778819119025 0.5069230769230769 0.04311152764761012 0.06923076923076923