42 0.6862686567164179 0.5067073170731707 0.07561736770691997 0.11642276422764222
1 0.6631614654002713 0.6385975609756097 0.0866892808683854 0.08158536585365851
93 0.25358208955223877 0.6683536585365853 0.07179104477611936 0.09304878048780482
42 0.15696065128900952 0.7387398373983739 0.034369063772048826 0.05534552845528459
1 0.07772048846675712 0.6385975609756097 0.09356852103120757 0.08158536585365851
7 0.15829036635006785 0.4500609756097561 0.043921302578019 0.11981707317073169
7 0.5806648575305292 0.4480487804878049 0.03628222523744913 0.09863821138211376
22 0.5086838534599728 0.45949186991869917 0.027489823609226582 0.05973577235772355
42 0.4439484396200814 0.45691056910569106 0.04238805970149255 0.05113821138211387
22 0.23390773405698778 0.45861788617886173 0.02559023066485755 0.047703252032520384
42 0.29921302578019 0.45719512195121953 0.03704206241519676 0.048272357723577235
42 0.061099050203527815 0.5144308943089431 0.0717910447761194 0.10782520325203254
42 0.5864993215739485 0.7382317073170731 0.030013568521031212 0.05804878048780477