42 0.2675489067894131 0.1475748194014448 0.040851553509781355 0.07636738906088751
1 0.3138665132336018 0.17131062951496387 0.028768699654775604 0.08720330237358101
93 0.3245109321058688 0.5820433436532507 0.03308400460299195 0.07223942208462332
42 0.34896432681242806 0.6656346749226006 0.019275028768699656 0.008255933952528379
7 0.24712313003452244 0.6620227038183695 0.042289988492520136 0.014963880288957688
7 0.24654775604142692 0.25386996904024767 0.035097813578826235 0.03560371517027864
22 0.2505753739930955 0.32610939112487103 0.021576524741081703 0.027347781217750257
42 0.25 0.391124871001032 0.017836593785960874 0.04231166150670795
22 0.25028768699654774 0.6016511867905057 0.016398158803222096 0.025799793601651185
42 0.25 0.5361197110423117 0.01726121979286536 0.03663570691434469
42 0.34896432681242806 0.2476780185758514 0.020138089758342925 0.029927760577915376
76 0.12888377445339472 0.6991744066047472 0.08630609896432681 0.058823529411764705
67 0.2603567318757192 0.6976264189886481 0.09378596087456847 0.05572755417956656
42 0.3823360184119678 0.6986584107327142 0.08918296892980437 0.05779153766769866
102 0.8607594936708861 0.9566563467492261 0.03049482163406214 0.05263157894736842
93 0.6498849252013809 0.8343653250773994 0.04257767548906789 0.08565531475748193
93 0.6982163406214039 0.9411764705882353 0.040851553509781355 0.11764705882352941
1 0.547180667433832 0.9602683178534571 0.03452243958573072 0.0608875128998968