42 0.30849056603773584 0.37484811664641554 0.05377358490566038 0.06804374240583232
1 0.24764150943396226 0.353584447144593 0.03773584905660377 0.07776427703523693
93 0.2330188679245283 0.009720534629404616 0.04339622641509434 0.019441069258809233
7 0.33584905660377357 0.2800729040097205 0.04622641509433962 0.031591737545565005
22 0.3306603773584906 0.21567436208991494 0.02830188679245283 0.024301336573511544
42 0.33160377358490567 0.15735115431348723 0.02358490566037736 0.03766707168894289
42 0.33160377358490567 0.027946537059538274 0.022641509433962263 0.032806804374240585
42 0.20141509433962265 0.28554070473876064 0.026415094339622643 0.026731470230862697
42 0.8966981132075472 0.14520048602673147 0.057547169811320756 0.07776427703523693
42 0.7962264150943397 0.19927095990279464 0.048113207547169815 0.07897934386391252
42 0.659433962264151 0.022478736330498177 0.02830188679245283 0.038882138517618466
42 0.694811320754717 0.07047387606318348 0.03207547169811321 0.03766707168894289
42 0.6566037735849056 0.11482381530984204 0.029245283018867925 0.04860267314702309
46 0.7353773584905661 0.015795868772782502 0.02358490566037736 0.031591737545565005
46 0.7377358490566037 0.15066828675577157 0.022641509433962263 0.04495747266099635
46 0.7372641509433963 0.2533414337788578 0.022641509433962263 0.05103280680437424
22 0.7358490566037735 0.10388821385176185 0.02358490566037736 0.030376670716889428
22 0.7382075471698113 0.19744835965978128 0.018867924528301886 0.03402187120291616
47 0.835377358490566 0.10267314702308628 0.026415094339622643 0.04981773997569866
46 0.8363207547169811 0.016403402187120292 0.027358490566037737 0.032806804374240585
38 0.7726415094339623 0.14641555285540706 0.02547169811320755 0.0425273390036452
42 0.31650943396226416 0.7089914945321992 0.035849056603773584 0.046172539489671933
42 0.17547169811320754 0.7089914945321992 0.0330188679245283 0.03645200486026731
79 0.35141509433962265 0.9908869987849331 0.016037735849056604 0.018226002430133656
79 0.2169811320754717 0.9896719319562576 0.018867924528301886 0.020656136087484813
42 0.27075471698113207 0.5965978128797084 0.031132075471698113 0.04374240583232078
29 0.35141509433962265 0.5929526123936817 0.016037735849056604 0.038882138517618466
29 0.22122641509433963 0.5959902794653706 0.04433962264150943 0.03766707168894289
7 0.2971698113207547 0.675577156743621 0.04339622641509434 0.031591737545565005
7 0.1580188679245283 0.675577156743621 0.040566037735849055 0.031591737545565005
49 0.7018867924528301 0.6269744835965978 0.08679245283018867 0.11907654921020656
42 0.590566037735849 0.5504252733900364 0.07358490566037736 0.09234507897934387
42 0.6089622641509433 0.7521263669501823 0.07075471698113207 0.09356014580801944
42 0.4679245283018868 0.8116646415552855 0.07358490566037736 0.09234507897934387
42 0.4839622641509434 0.9890643985419199 0.06981132075471698 0.02187120291616039
25 0.3872641509433962 0.9811664641555286 0.05566037735849057 0.03766707168894289
42 0.7518867924528302 0.9185905224787363 0.03962264150943396 0.046172539489671933
25 0.785377358490566 0.7521263669501823 0.07641509433962264 0.10085054678007291
74 0.5226415094339623 0.8754556500607533 0.04905660377358491 0.12879708383961117
22 0.5919811320754716 0.9210206561360875 0.03207547169811321 0.04374240583232078
3 0.5169811320754717 0.6263669501822601 0.04622641509433962 0.0850546780072904
48 0.5509433962264151 0.6816524908869988 0.035849056603773584 0.046172539489671933
96 0.5712264150943396 0.6269744835965978 0.03018867924528302 0.041312272174969626