42 0.30244755244755245 0.0926530612244898 0.046620046620046623 0.04775510204081632
1 0.3548951048951049 0.1073469387755102 0.03263403263403263 0.054693877551020405
93 0.36713286713286714 0.36448979591836733 0.037296037296037296 0.045306122448979594
42 0.3945221445221445 0.416734693877551 0.022144522144522144 0.005714285714285714
7 0.27913752913752915 0.4146938775510204 0.047785547785547784 0.009795918367346938
7 0.27855477855477856 0.15918367346938775 0.039627039627039624 0.022040816326530613
22 0.28321678321678323 0.20408163265306123 0.024475524475524476 0.017142857142857144
42 0.28263403263403264 0.2453061224489796 0.020396270396270396 0.026530612244897958
22 0.28263403263403264 0.37714285714285717 0.018648018648018648 0.0163265306122449
42 0.28263403263403264 0.33591836734693875 0.019230769230769232 0.022857142857142857
42 0.3945221445221445 0.15510204081632653 0.022727272727272728 0.018775510204081632
46 0.043706293706293704 0.7718367346938776 0.037296037296037296 0.03428571428571429
42 0.4143356643356643 0.8942857142857142 0.0979020979020979 0.05714285714285714
42 0.5926573426573427 0.8040816326530612 0.01282051282051282 0.07673469387755102
25 0.594988344988345 0.5910204081632653 0.008158508158508158 0.08816326530612245
65 0.6416083916083916 0.9126530612244897 0.0641025641025641 0.05061224489795919
25 0.8059440559440559 0.9053061224489796 0.05944055944055944 0.045714285714285714
25 0.8886946386946387 0.9053061224489796 0.0641025641025641 0.045714285714285714
42 0.9941724941724942 0.5844897959183674 0.011655011655011656 0.04081632653061224
42 0.8787878787878788 0.4857142857142857 0.06177156177156177 0.04163265306122449
49 0.9924242424242424 0.9069387755102041 0.015151515151515152 0.044081632653061226