42 0.3431561996779388 0.0905292479108635 0.052657004830917876 0.04665738161559889
1 0.40273752012882447 0.10515320334261838 0.03687600644122383 0.052924791086350974
93 0.41642512077294686 0.35584958217270196 0.04251207729468599 0.04387186629526462
42 0.44782608695652176 0.40668523676880225 0.0249597423510467 0.004874651810584958
7 0.3169082125603865 0.40459610027855153 0.054428341384863126 0.009052924791086351
7 0.3164251207729469 0.15529247910863508 0.045249597423510465 0.02158774373259053
22 0.3214170692431562 0.1991643454038997 0.027697262479871174 0.016713091922005572
42 0.3206119162640902 0.2395543175487465 0.023027375201288246 0.02576601671309192
22 0.3210950080515298 0.36768802228412256 0.021256038647342997 0.016016713091922007
42 0.3206119162640902 0.3279944289693593 0.02206119162640902 0.022284122562674095
42 0.44782608695652176 0.15181058495821728 0.02576489533011272 0.018105849582172703
30 0.8843800322061192 0.21518105849582173 0.034782608695652174 0.052924791086350974
71 0.938647342995169 0.21727019498607242 0.04895330112721417 0.30779944289693595
97 0.9895330112721417 0.2137883008356546 0.020933977455716585 0.11559888579387187