42 0.29776625448743516 0.10792741165234002 0.045672118069405666 0.055873925501432664
1 0.3494216194654966 0.1255969436485196 0.03211009174311927 0.06351480420248329
93 0.3613881132828081 0.42550143266475643 0.03689668927004388 0.05300859598853868
42 0.38851216593538096 0.4866284622731614 0.02153968887116075 0.0066857688634192934
7 0.2748304746709214 0.48424068767908307 0.04706820901475867 0.011461318051575931
7 0.2746310331072996 0.18576886341929322 0.03928998803350618 0.025787965616045846
22 0.27901874750698047 0.23829990448901622 0.023932987634623055 0.02005730659025788
42 0.278220981252493 0.28653295128939826 0.01994415636218588 0.031041069723018146
22 0.27861986437973674 0.44030563514804205 0.01834862385321101 0.019102196752626553
42 0.278220981252493 0.39255014326647564 0.019146390107698443 0.026743075453677174
42 0.3887116074990028 0.18147086914995225 0.022337455125648185 0.021967526265520534
42 0.7237734343837255 0.4340974212034384 0.03789389708815317 0.08595988538681948
42 0.593139210211408 0.4364851957975167 0.006382130035899481 0.04775549188156638
42 0.7191862784204228 0.0988538681948424 0.03909054646988432 0.0964660936007641
22 0.8570003988831273 0.4355300859598854 0.01874750698045473 0.044890162368672396
22 0.8579976067012366 0.09789875835721108 0.016753091344236137 0.04775549188156638
1 0.8270841643398484 0.3653295128939828 0.02512963701635421 0.10792741165234002
1 0.8250897487036298 0.16809933142311365 0.02114080574391703 0.10219675262655205
42 0.5925408855205425 0.09742120343839542 0.005185480654168329 0.038204393505253106
93 0.7441164738731552 0.4794651384909265 0.029916234543278818 0.021012416427889206
22 0.8045472676505784 0.26981852913085 0.011966493817311527 0.041069723018147083
39 0.8175109692859992 0.26504297994269344 0.008775428799361787 0.03533906399235912
95 0.805145592341444 0.20391595033428844 0.01316314319904268 0.06876790830945559
42 0.8881132828081372 0.09503342884431709 0.013960909453530115 0.03533906399235912
42 0.8873155165536498 0.44030563514804205 0.015556441962504986 0.041069723018147083
1 0.6244515357000399 0.3624641833810888 0.02114080574391703 0.09264565425023878
1 0.6244515357000399 0.16714422158548234 0.02114080574391703 0.09742120343839542
22 0.6096928599920224 0.4369627507163324 0.01316314319904268 0.03151862464183381
23 0.6206621459912246 0.48328557784145176 0.011168727562824093 0.013371537726838587