42 0.292603550295858 0.12123974475843209 0.04497041420118343 0.06244302643573382
1 0.34349112426035505 0.14083865086599817 0.031360946745562134 0.0715587967183227
93 0.3553254437869823 0.47766636280765723 0.03609467455621302 0.059252506836827715
42 0.3816568047337278 0.5460346399270738 0.021301775147928994 0.007292616226071103
7 0.2701183431952663 0.5432999088422972 0.04674556213017751 0.01276207839562443
7 0.2698224852071006 0.20829535095715587 0.038461538461538464 0.02917046490428441
22 0.2742603550295858 0.2675478577939836 0.023668639053254437 0.022333637192342753
42 0.2733727810650888 0.32133090246125795 0.01952662721893491 0.03463992707383774
22 0.27366863905325445 0.4936189608021878 0.01804733727810651 0.021422060164083864
42 0.2733727810650888 0.4402917046490428 0.01893491124260355 0.0300820419325433
42 0.3819526627218935 0.203281677301732 0.021893491124260357 0.024612579762989972
75 0.5964497041420118 0.16818596171376482 0.033136094674556214 0.07566089334548769
99 0.6866863905325444 0.16955332725615316 0.0485207100591716 0.07383773928896992