17 0.09394168466522677 0.07517543859649123 0.03939524838012958 0.029736842105263162
49 0.41004319654427646 0.5787134502923976 0.06954643628509717 0.08652046783625723
25 0.40940604751619875 0.7771052631578946 0.06827213822894171 0.09220760233918128
25 0.39241900647948164 0.4154970760233918 0.06938444924406048 0.08536549707602337
25 0.5473866090712743 0.9542251461988305 0.06346652267818573 0.08827485380116976
25 0.8122354211663066 0.4932017543859649 0.06669546436285097 0.1019005847953217
95 0.20140388768898487 0.7383040935672515 0.022138228941684664 0.07308479532163745
42 0.45734341252699784 0.9539473684210527 0.06587473002159827 0.0891812865497076
42 0.3072354211663067 0.5891812865497076 0.07019438444924406 0.1023391812865497
42 0.5340172786177105 0.49853801169590645 0.061555075593952485 0.09064327485380116
42 0.6144708423326134 0.49707602339181284 0.06479481641468683 0.0847953216374269
42 0.6981641468682506 0.49780701754385964 0.06587473002159827 0.08625730994152046
42 0.04859611231101512 0.10307017543859649 0.03023758099352052 0.039473684210526314
42 0.10313174946004319 0.03654970760233918 0.03347732181425486 0.04678362573099415
39 0.12904967602591794 0.029970760233918127 0.016198704103671708 0.04532163742690058
42 0.853671706263499 0.02266081871345029 0.03131749460043196 0.03654970760233918
39 0.15442764578833693 0.11842105263157894 0.032397408207343416 0.02046783625730994
39 0.6171706263498921 0.6220760233918129 0.020518358531317494 0.03070175438596491