49 0.2796976241900648 0.2402200488997555 0.06371490280777538 0.07823960880195599
25 0.42602591792656586 0.24083129584352078 0.06803455723542116 0.07701711491442542
25 0.1587473002159827 0.2597799511002445 0.06263498920086392 0.07946210268948656
25 0.5367170626349892 0.08374083129584352 0.02591792656587473 0.07212713936430318
95 0.39740820734341253 0.47616136919315405 0.05399568034557235 0.02567237163814181
42 0.5367170626349892 0.18643031784841077 0.02591792656587473 0.0745721271393643
42 0.28725701943844495 0.35635696821515894 0.0755939524838013 0.07946210268948656
42 0.2203023758099352 0.09963325183374083 0.06695464362850972 0.06968215158924206
42 0.21922246220302377 0.022616136919315404 0.06263498920086392 0.04523227383863081
39 0.31155507559395246 0.008557457212713936 0.02267818574514039 0.017114914425427872
42 0.6900647948164147 0.3270171149144254 0.04535637149028078 0.05012224938875306
46 0.7769978401727862 0.29584352078239606 0.028077753779697623 0.04156479217603912
42 0.7143628509719222 0.007946210268948655 0.0550755939524838 0.01589242053789731
46 0.7478401727861771 0.02750611246943765 0.026997840172786176 0.040342298288508556
46 0.6754859611231101 0.02444987775061125 0.03023758099352052 0.034229828850855744
46 0.5896328293736501 0.2952322738386308 0.0183585313174946 0.034229828850855744
42 0.23542116630669546 0.9339853300733496 0.05399568034557235 0.061124694376528114
42 0.09935205183585313 0.926039119804401 0.03347732181425486 0.037897310513447434
42 0.12904967602591794 0.8832518337408313 0.035637149028077755 0.040342298288508556
42 0.12958963282937366 0.7512224938875306 0.03779697624190065 0.040342298288508556
34 0.11609071274298056 0.8007334963325183 0.08099352051835854 0.044009779951100246
46 0.1673866090712743 0.75 0.028077753779697623 0.018337408312958436
46 0.18682505399568033 0.6528117359413202 0.0183585313174946 0.029339853300733496
25 0.5145788336933045 0.7768948655256723 0.042116630669546434 0.05745721271393643
25 0.5140388768898488 0.7023227383863081 0.04319654427645788 0.05256723716381418
49 0.5167386609071274 0.636919315403423 0.03779697624190065 0.05378973105134474
25 0.515658747300216 0.5666259168704156 0.03995680345572354 0.035452322738386305
65 0.5118790496760259 0.9407090464547677 0.047516198704103674 0.07946210268948656
42 0.984341252699784 0.6124694376528117 0.03131749460043196 0.061124694376528114