49 0.20950801547816472 0.364766081871345 0.035378662244333885 0.06871345029239766
25 0.20093974571586512 0.21052631578947367 0.035931453841901606 0.0847953216374269
42 0.15726920950801548 0.36622807017543857 0.035931453841901606 0.06578947368421052
42 0.273355444997236 0.29385964912280704 0.03150912106135987 0.09064327485380116
42 0.31453841901603097 0.29239766081871343 0.03316749585406302 0.0847953216374269
42 0.34521835268103923 0.29312865497076024 0.009397457158651189 0.08625730994152046
42 0.35765616362631286 0.05555555555555555 0.015478164731896076 0.1111111111111111
42 0.437534549474848 0.23538011695906433 0.024322830292979547 0.05555555555555555
22 0.472636815920398 0.23538011695906433 0.01658374792703151 0.05555555555555555
46 0.4596462133775567 0.31359649122807015 0.02155887230514096 0.0935672514619883
86 0.5259812050856827 0.36988304093567254 0.02542841348811498 0.054093567251461985
29 0.5223880597014925 0.195906432748538 0.037037037037037035 0.14327485380116958
42 0.574350469872858 0.07967836257309942 0.04367053620784964 0.1154970760233918
22 0.5696517412935324 0.24049707602339182 0.01824212271973466 0.049707602339181284
46 0.5862354892205639 0.3121345029239766 0.02045328911000553 0.08625730994152046
42 0.6042012161415147 0.23976608187134502 0.024322830292979547 0.06140350877192982
35 0.029850746268656716 0.7733918128654971 0.027639579878385848 0.05263157894736842
39 0.0732448866777225 0.7404970760233918 0.016030956329463792 0.03216374269005848
25 0.07186290768380321 0.8976608187134503 0.03648424543946932 0.09649122807017543
42 0.1332227750138198 0.902046783625731 0.03316749585406302 0.09064327485380116
42 0.17440574903261472 0.9027777777777778 0.03150912106135987 0.0891812865497076
39 0.17440574903261472 0.9883040935672515 0.016030956329463792 0.023391812865497075
1 0.23023770038695412 0.908625730994152 0.035931453841901606 0.05116959064327485
49 0.2802653399668325 0.9671052631578947 0.04311774461028192 0.06578947368421052
42 0.3313985627418463 0.9692982456140351 0.033720287451630734 0.06140350877192982
42 0.30597014925373134 0.7105263157894737 0.029297954671088998 0.07894736842105263
25 0.21337755666113875 0.9685672514619883 0.032061912658927584 0.06286549707602339
86 0.3435599778883361 0.7375730994152047 0.01271420674405749 0.04824561403508772
39 0.17330016583747926 0.8165204678362573 0.014925373134328358 0.027777777777777776
42 0.2443338861249309 0.7690058479532164 0.017689331122166942 0.04093567251461988
42 0.2822001105583195 0.7719298245614035 0.017136539524599224 0.04093567251461988
42 0.5243228302929795 0.5694444444444444 0.06025428413488115 0.049707602339181284
30 0.5558319513543394 0.47441520467836257 0.02404643449419569 0.03216374269005848
42 0.4248203427307905 0.5526315789473685 0.06550580431177445 0.05847953216374269