49 0.1498065229408513 0.24256756756756756 0.0326147042564953 0.08648648648648649
25 0.07490326147042566 0.2418918918918919 0.03482587064676617 0.08513513513513514
25 0.2117191818684356 0.22094594594594594 0.032061912658927584 0.08783783783783784
42 0.012437810945273632 0.30202702702702705 0.024875621890547265 0.08243243243243244
42 0.14593698175787728 0.11418918918918919 0.038695411829740185 0.08783783783783784
22 0.013266998341625208 0.3945945945945946 0.021006080707573246 0.04054054054054054
29 0.028192371475953566 0.5162162162162162 0.054173576561636266 0.09054054054054055
56 0.14151464897733554 0.5790540540540541 0.017689331122166942 0.06891891891891892
42 0.11967938087341072 0.5175675675675676 0.04477611940298507 0.11081081081081082
42 0.07213930348258707 0.6432432432432432 0.04367053620784964 0.10675675675675676
22 0.011332227750138198 0.6317567567567568 0.018794914317302378 0.0445945945945946
42 0.011608623548922056 0.7162162162162162 0.02321724709784411 0.05945945945945946
36 0.8905472636815921 0.8135135135135135 0.05749032614704257 0.1635135135135135
100 0.7962962962962963 0.8304054054054054 0.03482587064676617 0.12027027027027028
44 0.7014925373134329 0.8297297297297297 0.04311774461028192 0.2702702702702703
14 0.6080707573244887 0.8121621621621622 0.04201216141514649 0.1810810810810811