49 0.2063728409767719 0.2475 0.038117927337701016 0.07375
25 0.2057772483621203 0.41375 0.03752233472304944 0.0725
25 0.19684335914234663 0.1075 0.03871351995235259 0.0725
25 0.42823108993448483 0.174375 0.03692674210839786 0.0875
95 0.09142346634901727 0.38375 0.012507444907683145 0.0625
42 0.14979154258487196 0.25625 0.03871351995235259 0.0875
42 0.2748659916617034 0.17875 0.033948779035139966 0.0775
42 0.31923764145324596 0.1775 0.0357355568790947 0.0725
42 0.3653960690887433 0.178125 0.03633114949374628 0.07375
39 0.3207266229898749 0.284375 0.011316259678379988 0.02625
42 0.8085169743895175 0.428125 0.029184038117927337 0.04375
42 0.19029184038117927 0.50125 0.021739130434782608 0.026875
42 0.2117331745086361 0.52375 0.021739130434782608 0.025625
42 0.28171530673019657 0.524375 0.024419297200714712 0.025625
34 0.2558070279928529 0.514375 0.022334723049434187 0.07125
102 0.6634901727218583 0.545625 0.06551518761167362 0.19125
101 0.6649791542584872 0.76625 0.06372840976771887 0.2175
103 0.6622989874925551 0.941875 0.06075044669446099 0.11625