49 0.5 0.29066543438077636 0.06371490280777538 0.059149722735674676
25 0.6209503239740821 0.29066543438077636 0.017278617710583154 0.05822550831792976
25 0.37904967602591794 0.305452865064695 0.06263498920086392 0.06007393715341959
42 0.4406047516198704 0.1843807763401109 0.06695464362850972 0.05268022181146026
42 0.43952483801295894 0.11552680221811461 0.06263498920086392 0.05545286506469501
42 0.4400647948164147 0.04390018484288355 0.06371490280777538 0.056377079482439925
39 0.5318574514038877 0.11321626617375231 0.02267818574514039 0.01756007393715342
64 0.6387688984881209 0.29713493530499074 0.0183585313174946 0.04528650646950092
42 0.7548596112311015 0.3109981515711645 0.08207343412526998 0.0767097966728281
3 0.7613390928725702 0.24029574861367836 0.03995680345572354 0.04528650646950092
3 0.7775377969762419 0.059149722735674676 0.05183585313174946 0.036968576709796676
39 0.6398488120950324 0.3290203327171904 0.020518358531317494 0.011090573012939002
39 0.6387688984881209 0.26524953789279115 0.0183585313174946 0.011090573012939002
68 0.7548596112311015 0.1987060998151571 0.032397408207343416 0.0166358595194085
42 0.9200863930885529 0.05545286506469501 0.08423326133909287 0.07393715341959335
68 0.6922246220302376 0.14695009242144177 0.01511879049676026 0.024953789279112754