49 0.26403887688984884 0.27331606217616583 0.06911447084233262 0.07642487046632124
25 0.2634989200863931 0.4488341968911917 0.06803455723542116 0.08160621761658031
25 0.24676025917926567 0.12823834196891193 0.07019438444924406 0.07512953367875648
25 0.6409287257019438 0.19689119170984457 0.016198704103671708 0.09067357512953368
95 0.055615550755939526 0.41450777202072536 0.02267818574514039 0.06476683937823834
42 0.16144708423326135 0.2823834196891192 0.07019438444924406 0.09067357512953368
42 0.3882289416846652 0.20207253886010362 0.061555075593952485 0.08031088082901554
42 0.468682505399568 0.20077720207253885 0.06479481641468683 0.07512953367875648
42 0.5523758099352052 0.20142487046632124 0.06587473002159827 0.07642487046632124
39 0.4713822894168467 0.3115284974093264 0.020518358531317494 0.027202072538860103
42 0.927645788336933 0.15479274611398963 0.06047516198704104 0.06735751295336788
42 0.693304535637149 0.05505181347150259 0.061555075593952485 0.07124352331606218
46 0.6630669546436285 0.10038860103626943 0.028077753779697623 0.029792746113989636
46 0.6819654427645788 0.12435233160621761 0.016198704103671708 0.03756476683937824
46 0.7931965442764579 0.12629533678756477 0.024838012958963283 0.03626943005181347
46 0.8158747300215983 0.10038860103626943 0.0367170626349892 0.025906735751295335
22 0.7629589632829373 0.012953367875647668 0.03023758099352052 0.025906735751295335
47 0.7370410367170627 0.10362694300518134 0.04643628509719223 0.03367875647668394
38 0.7370410367170627 0.05505181347150259 0.03131749460043196 0.027202072538860103
47 0.7386609071274298 0.15867875647668395 0.0367170626349892 0.02461139896373057
35 0.8774298056155507 0.3238341968911917 0.03347732181425486 0.03626943005181347
35 0.8758099352051836 0.4488341968911917 0.038876889848812095 0.034974093264248704
35 0.8763498920086393 0.5213730569948186 0.038876889848812095 0.034974093264248704
1 0.25377969762419006 0.8996113989637305 0.07127429805615551 0.04792746113989637
1 0.5210583153347732 0.9009067357512953 0.07451403887688984 0.04792746113989637
42 0.5728941684665226 0.9507772020725389 0.024838012958963283 0.042746113989637305
42 0.052915766738660906 0.9533678756476683 0.032397408207343416 0.04145077720207254
42 0.24406047516198703 0.8290155440414507 0.06047516198704104 0.06735751295336788
42 0.5080993520518359 0.8277202072538861 0.0550755939524838 0.06476683937823834
42 0.6441684665226782 0.7979274611398963 0.009719222462203024 0.02849740932642487
42 0.13444924406047515 0.8018134715025906 0.035637149028077755 0.038860103626943004
42 0.008639308855291577 0.8322538860103627 0.017278617710583154 0.06347150259067358
1 0.019438444924406047 0.9060880829015544 0.038876889848812095 0.050518134715025906
42 0.30669546436285094 0.9494818652849741 0.028077753779697623 0.04145077720207254
22 0.050215982721382287 0.8503886010362695 0.0183585313174946 0.03367875647668394
22 0.1765658747300216 0.8011658031088082 0.024838012958963283 0.03238341968911917
22 0.09017278617710583 0.7985751295336787 0.024838012958963283 0.03756476683937824
22 0.3077753779697624 0.8471502590673575 0.024838012958963283 0.02849740932642487
22 0.351511879049676 0.7985751295336787 0.023758099352051837 0.027202072538860103
22 0.43358531317494603 0.7985751295336787 0.024838012958963283 0.02461139896373057
22 0.5712742980561555 0.8465025906735751 0.020518358531317494 0.03238341968911917
22 0.6144708423326134 0.7985751295336787 0.026997840172786176 0.029792746113989636
7 0.31101511879049676 0.7908031088082902 0.03131749460043196 0.06606217616580311
7 0.5772138228941684 0.788860103626943 0.03131749460043196 0.07124352331606218
7 0.055615550755939526 0.7933937823834197 0.035637149028077755 0.07253886010362694
42 0.3930885529157667 0.7985751295336787 0.035637149028077755 0.03756476683937824
25 0.8142548596112311 0.9734455958549223 0.06263498920086392 0.05310880829015544
47 0.8077753779697624 0.5531088082901554 0.04103671706263499 0.02849740932642487