49 0.4244060475161987 0.36223118279569894 0.06371490280777538 0.08602150537634409
25 0.5631749460043196 0.36223118279569894 0.052915766738660906 0.0846774193548387
25 0.30345572354211664 0.38373655913978494 0.06263498920086392 0.08736559139784947
42 0.3650107991360691 0.20766129032258066 0.06695464362850972 0.07661290322580645
42 0.36393088552915764 0.10752688172043011 0.06263498920086392 0.08064516129032258
42 0.3644708423326134 0.02217741935483871 0.06371490280777538 0.04435483870967742
39 0.4562634989200864 0.10416666666666667 0.02267818574514039 0.025537634408602152
42 0.9109071274298056 0.3219086021505376 0.05723542116630669 0.06989247311827956
42 0.9703023758099352 0.323252688172043 0.05183585313174946 0.0793010752688172
42 0.8644708423326134 0.2446236559139785 0.032397408207343416 0.04435483870967742
42 0.9211663066954644 0.24193548387096775 0.032397408207343416 0.038978494623655914
35 0.7046436285097192 0.4012096774193548 0.0367170626349892 0.051075268817204304
49 0.607451403887689 0.2701612903225806 0.035637149028077755 0.08064516129032258
42 0.7926565874730022 0.34139784946236557 0.06047516198704104 0.0793010752688172
39 0.9681425485961123 0.24059139784946237 0.02591792656587473 0.036290322580645164
3 0.9109071274298056 0.4153225806451613 0.042116630669546434 0.026881720430107527
35 0.36879049676025916 0.8931451612903226 0.03131749460043196 0.05510752688172043
35 0.5458963282937365 0.9341397849462365 0.03131749460043196 0.051075268817204304
42 0.41414686825054 0.6391129032258065 0.07451403887688984 0.08736559139784947
25 0.4130669546436285 0.7842741935483871 0.06803455723542116 0.08736559139784947
93 0.5 0.7815860215053764 0.05183585313174946 0.06586021505376344
42 0.5458963282937365 0.842741935483871 0.032397408207343416 0.03763440860215054
42 0.5437365010799136 0.741263440860215 0.03347732181425486 0.041666666666666664
42 0.4130669546436285 0.5362903225806451 0.06911447084233262 0.08064516129032258
39 0.3353131749460043 0.5369623655913979 0.020518358531317494 0.02956989247311828
39 0.3466522678185745 0.7916666666666666 0.01079913606911447 0.03494623655913978
39 0.4724622030237581 0.5362903225806451 0.02267818574514039 0.04435483870967742
42 0.36555075593952485 0.4388440860215054 0.024838012958963283 0.020161290322580645
1 0.796976241900648 0.7258064516129032 0.04319654427645788 0.09005376344086022
1 0.6171706263498921 0.8467741935483871 0.047516198704103674 0.08333333333333333
25 0.7138228941684666 0.5067204301075269 0.06803455723542116 0.0913978494623656
39 0.5934125269978402 0.980510752688172 0.00755939524838013 0.038978494623655914
46 0.5966522678185745 0.782258064516129 0.014038876889848811 0.03494623655913978
42 0.5971922246220303 0.5067204301075269 0.01511879049676026 0.07526881720430108
42 0.6295896328293736 0.717741935483871 0.0550755939524838 0.08064516129032258
22 0.656047516198704 0.782258064516129 0.03347732181425486 0.030913978494623656
42 0.7370410367170627 0.7842741935483871 0.04103671706263499 0.033602150537634407
1 0.9254859611231101 0.8615591397849462 0.04967602591792657 0.0913978494623656
42 0.9184665226781857 0.9603494623655914 0.07667386609071274 0.0793010752688172
42 0.7894168466522679 0.5900537634408602 0.07775377969762419 0.10483870967741936