49 0.16866781017724414 0.23456175298804782 0.033733562035448826 0.06374501992031872
25 0.09119496855345911 0.2340637450199203 0.036020583190394515 0.06274900398406374
25 0.23270440251572327 0.21862549800796813 0.03316180674671241 0.0647410358565737
25 0.0220125786163522 0.3615537848605578 0.03487707261292167 0.05876494023904383
95 0.10634648370497427 0.04233067729083665 0.02858776443682104 0.02091633466135458
42 0.0220125786163522 0.2783864541832669 0.03487707261292167 0.060756972111553786
42 0.1646655231560892 0.1399402390438247 0.040022870211549454 0.0647410358565737
42 0.20011435105774728 0.34910358565737054 0.03544882790165809 0.05677290836653386
42 0.2006861063464837 0.42330677290836655 0.03316180674671241 0.05976095617529881
42 0.2004002287021155 0.5004980079681275 0.033733562035448826 0.060756972111553786
39 0.34877072612921667 0.0069721115537848604 0.008004574042309892 0.013944223107569721
39 0.15180102915951973 0.425796812749004 0.012006861063464836 0.018924302788844622
42 0.5208690680388793 0.24302788844621515 0.058319039451114926 0.05079681274900399
46 0.48256146369353914 0.09611553784860558 0.045740423098913664 0.01743027888446215
39 0.4751286449399657 0.31822709163346613 0.0137221269296741 0.02041832669322709
25 0.517724413950829 0.4108565737051793 0.06432246998284734 0.05627490039840637
1 0.5257289879931389 0.3102589641434263 0.04831332189822756 0.0398406374501992
42 0.20383076043453402 0.9053784860557769 0.04345340194396798 0.07669322709163347
42 0.43739279588336194 0.9750996015936255 0.025157232704402517 0.049800796812749
42 0.41395082904516867 0.8047808764940239 0.023441966838193252 0.035856573705179286
39 0.38107489994282445 0.7161354581673307 0.012578616352201259 0.0249003984063745
95 0.09519725557461406 0.6947211155378487 0.018867924528301886 0.07669322709163347
30 0.411663807890223 0.923804780876494 0.016580903373356205 0.04880478087649402
30 0.4045168667810177 0.9810756972111554 0.015437392795883362 0.037848605577689244
23 0.27101200686106347 0.648406374501992 0.018867924528301886 0.035856573705179286
23 0.34734133790737565 0.7330677290836654 0.017724413950829045 0.0398406374501992
23 0.2864493996569468 0.7315737051792829 0.018867924528301886 0.030876494023904383
23 0.13236134934248142 0.6469123505976095 0.014865637507146942 0.035856573705179286
23 0.1675242995997713 0.8620517928286853 0.017724413950829045 0.026892430278884463
23 0.15894797026872498 0.9955179282868526 0.017152658662092625 0.008964143426294821
23 0.24156660949113778 0.8590637450199203 0.018867924528301886 0.026892430278884463
23 0.24070897655803317 0.9940239043824701 0.019439679817038306 0.01195219123505976