17 0.03023758099352052 0.03375796178343949 0.038876889848812095 0.0267515923566879
49 0.34557235421166305 0.44203821656050957 0.06911447084233262 0.015286624203821656
25 0.32883369330453566 0.32993630573248406 0.07019438444924406 0.07388535031847134
42 0.44924406047516197 0.40254777070063696 0.019438444924406047 0.07898089171974522
42 0.03941684665226782 0.01019108280254777 0.03347732181425486 0.02038216560509554
39 0.06533477321814254 0.0070063694267515925 0.016198704103671708 0.014012738853503185
39 0.09071274298056156 0.07133757961783439 0.032397408207343416 0.017834394904458598
49 0.5588552915766739 0.11082802547770701 0.07451403887688984 0.0840764331210191
69 0.4724622030237581 0.1089171974522293 0.026997840172786176 0.06496815286624204
42 0.6376889848812095 0.16751592356687897 0.056155507559395246 0.07006369426751592
96 0.6344492440604752 0.1070063694267516 0.029157667386609073 0.022929936305732482
48 0.6533477321814255 0.07006369426751592 0.02591792656587473 0.034394904458598725
3 0.6792656587473002 0.11019108280254777 0.032397408207343416 0.044585987261146494
42 0.7580993520518359 0.17579617834394903 0.05723542116630669 0.062420382165605096
42 0.7570194384449244 0.10764331210191083 0.05723542116630669 0.07261146496815286
42 0.8158747300215983 0.050955414012738856 0.03023758099352052 0.04076433121019108
42 0.8185745140388769 0.12165605095541401 0.029157667386609073 0.044585987261146494
39 0.8228941684665226 0.17452229299363056 0.03455723542116631 0.02802547770700637
42 0.9130669546436285 0.1503184713375796 0.035637149028077755 0.04331210191082802
42 0.9125269978401728 0.25286624203821656 0.03131749460043196 0.03694267515923567
42 0.9859611231101512 0.19936305732484078 0.028077753779697623 0.034394904458598725
39 0.9114470842332614 0.008280254777070064 0.028077753779697623 0.016560509554140127
22 0.9449244060475162 0.2 0.028077753779697623 0.030573248407643312
35 0.8191144708423326 0.4305732484076433 0.03779697624190065 0.03821656050955414
22 0.822354211663067 0.23503184713375797 0.026997840172786176 0.030573248407643312
1 0.024838012958963283 0.7356687898089171 0.04967602591792657 0.04713375796178344
1 0.281317494600432 0.7369426751592356 0.07451403887688984 0.04713375796178344
42 0.3331533477321814 0.7859872611464969 0.024838012958963283 0.04203821656050955
42 0.017278617710583154 0.6662420382165605 0.03455723542116631 0.06624203821656051
42 0.2683585313174946 0.664968152866242 0.0550755939524838 0.06369426751592357
42 0.41576673866090713 0.6356687898089172 0.032397408207343416 0.02802547770700637
42 0.06695464362850972 0.7847133757961784 0.028077753779697623 0.04076433121019108
22 0.06803455723542116 0.6840764331210191 0.024838012958963283 0.02802547770700637
22 0.11177105831533478 0.6363057324840764 0.023758099352051837 0.0267515923566879
22 0.19384449244060475 0.6363057324840764 0.024838012958963283 0.024203821656050957
22 0.33153347732181426 0.6834394904458598 0.020518358531317494 0.03184713375796178
22 0.4524838012958963 0.6356687898089172 0.012958963282937365 0.033121019108280254
22 0.3747300215982721 0.6363057324840764 0.026997840172786176 0.02929936305732484
7 0.07127429805615551 0.6286624203821656 0.03131749460043196 0.06496815286624204
7 0.33747300215982723 0.6267515923566879 0.03131749460043196 0.07006369426751592
42 0.15334773218142547 0.6363057324840764 0.035637149028077755 0.03694267515923567
42 0.908207343412527 0.4713375796178344 0.05183585313174946 0.04331210191082802
42 0.7737580993520519 0.6101910828025477 0.052915766738660906 0.05732484076433121
42 0.6236501079913607 0.9394904458598726 0.038876889848812095 0.04713375796178344
46 0.8984881209503239 0.921656050955414 0.028077753779697623 0.02929936305732484
46 0.8990280777537797 0.9968152866242038 0.029157667386609073 0.006369426751592357
42 0.9308855291576674 0.9668789808917198 0.042116630669546434 0.05859872611464968
46 0.6544276457883369 0.8152866242038217 0.035637149028077755 0.024203821656050957