46 0.379073756432247 0.38247011952191234 0.022870211549456832 0.013944223107569721
47 0.42395654659805604 0.38147410358565736 0.022298456260720412 0.01593625498007968
56 0.4699828473413379 0.300796812749004 0.019439679817038306 0.027888446215139442
42 0.4554030874785592 0.323207171314741 0.033733562035448826 0.05079681274900399
42 0.2770154373927959 0.250996015936255 0.029159519725557463 0.04780876494023904
42 0.30874785591766724 0.25298804780876494 0.030303030303030304 0.053784860557768925
42 0.2747284162378502 0.09213147410358566 0.030303030303030304 0.052788844621513946
25 0.12121212121212122 0.02838645418326693 0.03887935963407661 0.05677290836653386
25 0.20697541452258433 0.09262948207171315 0.03430531732418525 0.06673306772908366
49 0.20697541452258433 0.16284860557768924 0.040022870211549454 0.0647410358565737
42 0.3361921097770154 0.19671314741035856 0.016009148084619784 0.03386454183266932
49 0.198399085191538 0.026892430278884463 0.03544882790165809 0.053784860557768925
42 0.47084048027444253 0.1698207171314741 0.017724413950829045 0.0348605577689243
3 0.2638650657518582 0.199203187250996 0.025728987993138937 0.02888446215139442
49 0.2804459691252144 0.17679282868525897 0.0137221269296741 0.02091633466135458
96 0.26214979988564896 0.1593625498007968 0.015437392795883362 0.025896414342629483
46 0.5623213264722698 0.0647410358565737 0.017724413950829045 0.053784860557768925
22 0.6569468267581475 0.01693227091633466 0.018296169239565466 0.03286852589641434
29 0.7024013722126929 0.01743027888446215 0.029159519725557463 0.0348605577689243
22 0.747284162378502 0.01593625498007968 0.019439679817038306 0.03187250996015936
1 0.7281303602058319 0.07768924302788845 0.018867924528301886 0.04183266932270916
22 0.7041166380789022 0.11703187250996015 0.02115494568324757 0.03884462151394422
94 0.823327615780446 0.09561752988047809 0.015437392795883362 0.07868525896414343
42 0.8613493424814179 0.2599601593625498 0.022870211549456832 0.045816733067729085
86 0.7615780445969125 0.3700199203187251 0.025157232704402517 0.03884462151394422
39 0.8610634648370498 0.31225099601593626 0.02172670097198399 0.02091633466135458
39 0.8610634648370498 0.20916334661354583 0.024013722126929673 0.025896414342629483
42 0.8401943967981704 0.11653386454183266 0.019439679817038306 0.0398406374501992
1 0.6335048599199543 0.15139442231075698 0.020011435105774727 0.05179282868525897
86 0.7495711835334476 0.049800796812749 0.025157232704402517 0.035856573705179286
25 0.2226986849628359 0.40936254980079684 0.030303030303030304 0.0398406374501992
25 0.41109205260148657 0.40886454183266935 0.030874785591766724 0.03884462151394422
25 0.4448256146369354 0.40936254980079684 0.026300743281875358 0.0398406374501992
42 0.2518582046883934 0.9412350597609562 0.02801600914808462 0.04780876494023904
49 0.2835906232132647 0.4098605577689243 0.02858776443682104 0.04083665338645418
42 0.5794739851343625 0.40039840637450197 0.024585477415666093 0.021912350597609563
42 0.8510577472841624 0.848605577689243 0.0440251572327044 0.07569721115537849
42 0.8987993138936535 0.4262948207171315 0.04345340194396798 0.07370517928286853
42 0.7933104631217839 0.48256972111553786 0.02058319039451115 0.04083665338645418
39 0.6203544882790166 0.5373505976095617 0.02058319039451115 0.01693227091633466
39 0.7424242424242424 0.5398406374501992 0.01429388221841052 0.021912350597609563
42 0.4851343624928531 0.8500996015936255 0.010863350485991996 0.09262948207171315
42 0.9313893653516295 0.8555776892430279 0.0548885077186964 0.09163346613545817
95 0.6097770154373928 0.4770916334661355 0.04974271012006861 0.02390438247011952
39 0.9928530588907948 0.5373505976095617 0.01429388221841052 0.022908366533864542
30 0.8616352201257862 0.4865537848605578 0.0274442538593482 0.02888446215139442
30 0.8985134362492853 0.49850597609561753 0.029159519725557463 0.026892430278884463
23 0.7035448827901658 0.7315737051792829 0.020011435105774727 0.03286852589641434
23 0.7521440823327615 0.598605577689243 0.022870211549456832 0.03187250996015936
23 0.7512864493996569 0.7046812749003984 0.018296169239565466 0.03286852589641434
23 0.5794739851343625 0.7908366533864541 0.018867924528301886 0.03386454183266932
23 0.5794739851343625 0.9018924302788844 0.017152658662092625 0.030876494023904383
23 0.7026872498570612 0.9731075697211156 0.02058319039451115 0.025896414342629483
23 0.826186392224128 0.9118525896414342 0.015437392795883362 0.030876494023904383
23 0.9090909090909091 0.9267928286852589 0.018296169239565466 0.029880478087649404
23 0.9734133790737565 0.9437250996015937 0.017724413950829045 0.0348605577689243
23 0.8244711263579189 0.7828685258964143 0.015437392795883362 0.03286852589641434
23 0.9070897655803316 0.7838645418326693 0.017152658662092625 0.03386454183266932