42 0.5322485207100591 0.038742023701002735 0.022485207100591716 0.032816773017319965
46 0.421301775147929 0.04968094804010939 0.017159763313609466 0.03646308113035551
46 0.4840236686390533 0.044667274384685506 0.018343195266272188 0.040109389243391066
42 0.5094674556213018 0.007292616226071103 0.020118343195266272 0.014585232452142206
42 0.33875739644970415 0.2123974475843209 0.028402366863905324 0.04649042844120328
42 0.3399408284023669 0.1618049225159526 0.03195266272189349 0.04831358249772106
42 0.24437869822485206 0.21604375569735643 0.031360946745562134 0.04831358249772106
25 0.20384615384615384 0.4544211485870556 0.038461538461538464 0.05013673655423884
25 0.24467455621301776 0.3240656335460346 0.03964497041420118 0.054694621695533276
49 0.2863905325443787 0.3240656335460346 0.038461538461538464 0.06381039197812215
42 0.30650887573964497 0.11804922515952598 0.020118343195266272 0.02552415679124886
49 0.2014792899408284 0.33773928896991795 0.040236686390532544 0.056517775752051046
1 0.44497041420118344 0.013673655423883319 0.040236686390532544 0.027347310847766638
95 0.16715976331360946 0.1276207839562443 0.016568047337278107 0.05560619872379216
17 0.09644970414201183 0.4407474931631723 0.01242603550295858 0.04375569735642662
3 0.3076923076923077 0.2333637192342753 0.017159763313609466 0.04102096627164995
49 0.29467455621301775 0.20692798541476753 0.01242603550295858 0.02187784867821331
96 0.28431952662721893 0.23609845031905197 0.015384615384615385 0.024612579762989972
32 0.03757396449704142 0.6586144029170465 0.05088757396449704 0.0820419325432999
27 0.10266272189349113 0.6554238833181404 0.05088757396449704 0.07930720145852324
63 0.171301775147929 0.6563354603463992 0.05621301775147929 0.07748404740200547
50 0.23816568047337278 0.6595259799453054 0.05207100591715976 0.07748404740200547
59 0.3062130177514793 0.6563354603463992 0.05207100591715976 0.0829535095715588
51 0.37337278106508875 0.654968094804011 0.04792899408284024 0.08021877848678213
60 0.4408284023668639 0.6563354603463992 0.05325443786982249 0.07383773928896992
39 0.8710059171597633 0.6718322698268003 0.01242603550295858 0.037374658158614404