42 0.4342634826938557 0.4054388133498146 0.022538234504963776 0.0203955500618047
46 0.42675073785886775 0.3034610630407911 0.024953045344781325 0.015451174289245983
46 0.43010464180305874 0.36093943139678614 0.027502012342366513 0.01668726823238566
42 0.48269385564797423 0.40605686032138444 0.022538234504963776 0.015451174289245983
29 0.5107324926214113 0.3504326328800989 0.02441642071371076 0.032138442521631644
47 0.4761202039173598 0.3022249690976514 0.02441642071371076 0.015451174289245983
22 0.4855111349610947 0.36093943139678614 0.018781862087469816 0.01792336217552534
22 0.535148913335122 0.35970333745364647 0.01314730346122887 0.014215080346106305
46 0.5657365173061444 0.36032138442521633 0.02441642071371076 0.015451174289245983
42 0.45948484035417225 0.38442521631644005 0.018111081298631607 0.018541409147095178
42 0.5385028172793132 0.32818294190358466 0.03997853501475718 0.02781211372064277
56 0.5283069492889724 0.2546353522867738 0.025623826133619534 0.015451174289245983
42 0.5101958679903408 0.2669962917181706 0.03689294338610142 0.02781211372064277
42 0.3152669707539576 0.2280593325092707 0.031929165548698686 0.02595797280593325
42 0.34987925945800913 0.22867737948084055 0.03313657096860746 0.02904820766378245
42 0.31271800375637243 0.1415327564894932 0.03313657096860746 0.02904820766378245
25 0.14488865038905285 0.10444993819530285 0.042527502012342365 0.03522867737948084
25 0.2386638046686343 0.1415327564894932 0.03742956801717199 0.03646477132262052
49 0.2386638046686343 0.17985166872682323 0.04373490743225114 0.03522867737948084
42 0.37993023879796084 0.1983930778739184 0.0174403005097934 0.018541409147095178
49 0.22927287362489937 0.10197775030902348 0.0387711295948484 0.037082818294190356
1 0.45519184330560775 0.3257107540173053 0.026831231553528307 0.037082818294190356
1 0.5436007512744835 0.3788627935723115 0.02441642071371076 0.03337453646477132
42 0.5885430641266434 0.13040791100123608 0.031929165548698686 0.03337453646477132
25 0.6447544942312852 0.1291718170580964 0.0387711295948484 0.032138442521631644
49 0.6719881942581164 0.16378244746600742 0.04118594043466595 0.0377008652657602
42 0.5285752616045076 0.18355995055624227 0.02186745371612557 0.019159456118665017
42 0.55916286557553 0.2107540173053152 0.03125838475986048 0.027194066749072928
42 0.5953850281727932 0.2126081582200247 0.03434397638851623 0.02657601977750309
95 0.37335658706734637 0.07045735475896168 0.038100348806010195 0.015451174289245983
17 0.15870673463911994 0.005562422744128554 0.030050979339951704 0.011124845488257108
3 0.3007781057150523 0.1996291718170581 0.028172793131204722 0.015451174289245983
3 0.6101422055272337 0.1841779975278121 0.02441642071371076 0.016069221260815822
49 0.3188891870136839 0.18726823238566132 0.015025489669975852 0.011124845488257108
49 0.5906895626509256 0.17119901112484548 0.018111081298631607 0.013597033374536464
96 0.29889991950630534 0.17799752781211373 0.016903675878722834 0.014215080346106305
96 0.6092031124228602 0.1631644004944376 0.016232895089884625 0.013597033374536464
25 0.35283069492889724 0.5414091470951793 0.06734639119935605 0.040173053152039555
42 0.24510330024148108 0.45241038318912236 0.07700563455862625 0.027194066749072928
49 0.3526965387711296 0.45241038318912236 0.07432251140327341 0.027194066749072928
39 0.581566943922726 0.4672435105067985 0.03313657096860746 0.012978986402966625
95 0.12825328682586531 0.5253399258343634 0.024818889187013683 0.033992583436341164