42 0.3364579178300758 0.24212034383954154 0.015157558835261268 0.034383954154727794
46 0.26166733147187876 0.25358166189111747 0.011567610690067811 0.038204393505253106
46 0.3039489429597128 0.24832855778414517 0.012365376944555246 0.04202483285577841
42 0.33705624252094135 0.16809933142311365 0.011567610690067811 0.034383954154727794
29 0.2963701635420822 0.1251193887297039 0.023534104507379337 0.03724928366762178
47 0.2608695652173913 0.1781279847182426 0.011168727562824093 0.03724928366762178
22 0.30374950139609097 0.16380133715377268 0.01316314319904268 0.02865329512893983
22 0.3029517351416035 0.08787010506208214 0.010370961308336658 0.02005730659025788
46 0.3035500598324691 0.041069723018147083 0.011567610690067811 0.03724928366762178
42 0.3213003589948145 0.2034383954154728 0.013562026326286399 0.027698185291308502
42 0.2798165137614679 0.08261700095510983 0.020343039489429598 0.061127029608404965
56 0.22596729158356602 0.09837631327602674 0.011168727562824093 0.039159503342884434
42 0.23494216194654965 0.12607449856733524 0.020343039489429598 0.05635148042024833
42 0.20602313522138013 0.42406876790830944 0.019146390107698443 0.04871060171919771
42 0.20682090147586757 0.37106017191977075 0.02153968887116075 0.050620821394460364
42 0.14240127642600717 0.4278892072588348 0.02114080574391703 0.050620821394460364
25 0.11507778220981252 0.670487106017192 0.025927403270841642 0.038204393505253106
25 0.14260071798962903 0.541069723018147 0.02672516952532908 0.05730659025787966
49 0.17072197846031112 0.541069723018147 0.025927403270841642 0.06685768863419293
42 0.18428400478659754 0.32521489971346706 0.013562026326286399 0.026743075453677174
49 0.11348224970083766 0.555396370582617 0.027124052652572797 0.05921680993314231
1 0.27782209812524933 0.21012416427889208 0.027124052652572797 0.041069723018147083
1 0.31691264459513363 0.07497612225405921 0.02473075388911049 0.03724928366762178
42 0.1340247307538891 0.015281757402101241 0.02473075388911049 0.030563514804202482
42 0.17351416035101716 0.09789875835721108 0.013960909453530115 0.033428844317096466
42 0.19365775827682488 0.051098376313276024 0.01994415636218588 0.04775549188156638
42 0.19445552453131232 0.010983763132760267 0.01954527323494216 0.021967526265520534
95 0.09034702832070203 0.335243553008596 0.011168727562824093 0.05826170009551098
17 0.04268049461507778 0.663323782234957 0.008376545672118069 0.045845272206303724
3 0.18508177104108497 0.44603629417383 0.011567610690067811 0.04297994269340974
49 0.17630634224172317 0.4183381088825215 0.008376545672118069 0.022922636103151862
49 0.1645392899880335 0.008118433619866285 0.00997207818109294 0.01623686723973257
96 0.1693258875149581 0.448901623686724 0.010370961308336658 0.025787965616045846
46 0.4297965696051057 0.3939828080229226 0.022337455125648185 0.04059216809933142
42 0.46110889509373754 0.3390639923591213 0.02153968887116075 0.03199617956064948
29 0.4236138811328281 0.2621776504297994 0.02792181890706023 0.033428844317096466
42 0.4926206621459912 0.38061127029608405 0.01854806541683287 0.04059216809933142
42 0.49102512963701633 0.29847182425978985 0.01994415636218588 0.034383954154727794
22 0.4268049461507778 0.30659025787965616 0.019146390107698443 0.024355300859598854
22 0.4287993617869964 0.22254059216809932 0.01854806541683287 0.024355300859598854
46 0.42720382927802153 0.1714422158548233 0.01994415636218588 0.04059216809933142
1 0.4479457518946949 0.2029608404966571 0.02532907857997607 0.025310410697230182
42 0.004786597526924611 0.8185291308500477 0.009573195053849222 0.08595988538681948
22 0.0827682489030714 0.8882521489971347 0.01316314319904268 0.033428844317096466
22 0.12385321100917432 0.8204393505253104 0.01874750698045473 0.04393505253104107
1 0.08476266453928999 0.9594078319006686 0.029118468288791385 0.08118433619866285
1 0.0939369764658955 0.7502387774594078 0.02512963701635421 0.10792741165234002
93 0.012963701635420821 0.8882521489971347 0.025927403270841642 0.06876790830945559
42 0.15416832867969685 0.8252148997134671 0.015556441962504986 0.041069723018147083