42 0.4454119223040857 0.6019777503090235 0.024112525117213665 0.04697156983930779
46 0.4373744139316812 0.37021013597033375 0.02679169457468185 0.03584672435105068
46 0.4410582719356999 0.5012360939431397 0.029470864032150032 0.038318912237330034
42 0.4973208305425318 0.603831891223733 0.024112525117213665 0.03584672435105068
29 0.5274614869390489 0.4777503090234858 0.026121902210314803 0.07292954264524104
47 0.4902880107166778 0.3677379480840544 0.026121902210314803 0.034610630407911
22 0.5003348961821835 0.5006180469715699 0.020093770931011386 0.0407911001236094
22 0.5535833891493637 0.49814585908529047 0.01406563965170797 0.032138442521631644
46 0.5864032150033489 0.5 0.026121902210314803 0.03584672435105068
42 0.4725385130609511 0.5550061804697157 0.01942397856664434 0.042027194066749075
42 0.5572672471533825 0.4264524103831891 0.042866711319490956 0.0630407911001236
56 0.5462156731413262 0.2595797280593325 0.027461486939048894 0.034610630407911
42 0.5267916945746819 0.2873918417799753 0.03951774949765573 0.0630407911001236
42 0.3178164768921634 0.19777503090234858 0.03415941058271936 0.059332509270704575
42 0.3549899531145345 0.20024721878862795 0.03549899531145345 0.06674907292954264
42 0.31513730743469526 0.01668726823238566 0.03549899531145345 0.03337453646477132
25 0.23576691225720026 0.021013597033374538 0.04018754186202277 0.042027194066749075
49 0.23576691225720026 0.08838071693448703 0.04688546550569324 0.08034610630407911
42 0.3871399866041527 0.13040791100123608 0.018754186202277295 0.042027194066749075
1 0.4678499665103818 0.42027194066749074 0.028801071667782986 0.08405438813349815
1 0.5626255860683188 0.5414091470951793 0.026121902210314803 0.07663782447466007
49 0.7002679169457469 0.0519159456118665 0.04420629604822505 0.0865265760197775
42 0.5465505693235098 0.09703337453646477 0.02344273275284662 0.04326328800988875
42 0.579370395177495 0.15945611866501855 0.033489618218352314 0.06180469715698393
42 0.6182183523107837 0.16254635352286773 0.036838580040187544 0.06056860321384425
3 0.30241125251172135 0.1334981458590853 0.03014065639651708 0.03584672435105068
3 0.6339584728734092 0.09888751545117429 0.026121902210314803 0.037082818294190356
49 0.3218352310783657 0.10568603213844252 0.016075016744809108 0.02595797280593325
49 0.6131949095780308 0.069221260815822 0.01942397856664434 0.030902348578491966
96 0.30040187541862023 0.08405438813349815 0.01808439383791025 0.032138442521631644
96 0.6329537843268587 0.050061804697156986 0.017414601473543203 0.030902348578491966
25 0.7387809778968519 0.24103831891223734 0.018754186202277295 0.069221260815822
42 0.7340924313462827 0.43139678615574784 0.009377093101138647 0.06180469715698393
42 0.7930341594105828 0.43325092707045737 0.03884795713328868 0.06798516687268233
42 0.7943737441393168 0.3720642768850433 0.0361687876758205 0.059332509270704575
42 0.832217012726055 0.3226205191594561 0.01406563965170797 0.029666254635352288
42 0.8315472203616878 0.3856613102595797 0.01406563965170797 0.027194066749072928
42 0.7863362357669123 0.24103831891223734 0.033489618218352314 0.06551297898640297
3 0.7474882786336235 0.3720642768850433 0.018754186202277295 0.0519159456118665
96 0.7330877427997321 0.3695920889987639 0.007367716008037508 0.027194066749072928
22 0.8318821165438715 0.4925834363411619 0.013395847287340924 0.03337453646477132
39 0.8898191560616209 0.18974042027194066 0.016075016744809108 0.021013597033374538
1 0.9162759544541192 0.4919653893695921 0.044876088412592094 0.042027194066749075
35 0.7588747488278633 0.0580964153275649 0.024112525117213665 0.037082818294190356
38 0.9310113864701942 0.0957972805933251 0.012056262558606833 0.023485784919653894
48 0.7347622237106497 0.3374536464771323 0.010716677829872739 0.042027194066749075
23 0.008707300736771601 0.919035846724351 0.017414601473543203 0.023485784919653894
42 0.32116543871399866 0.8881334981458591 0.027461486939048894 0.05562422744128554
1 0.36570663094440725 0.9783683559950557 0.06296048225050234 0.04326328800988875
1 0.4447421299397187 0.9765142150803461 0.06430006697923643 0.04697156983930779
42 0.010716677829872739 0.7453646477132262 0.021433355659745478 0.0519159456118665
42 0.4939718687206966 0.8504326328800988 0.026121902210314803 0.054388133498145856
22 0.49631614199598123 0.9245982694684796 0.02813127930341594 0.03955500618046971
86 0.07635632953784327 0.7200247218788628 0.03884795713328868 0.04326328800988875
1 0.9849296718017415 0.7676143386897404 0.03014065639651708 0.05686032138442522
25 0.8931681178834562 0.7070457354758962 0.043536503683858 0.07169344870210136
42 0.8667113194909578 0.8658838071693449 0.020093770931011386 0.03955500618046971
42 0.9169457468184863 0.8621755253399258 0.020763563295378432 0.038318912237330034
1 0.8888144675150703 0.9542645241038319 0.02679169457468185 0.08405438813349815
93 0.8975217682518419 0.811495673671199 0.036838580040187544 0.06056860321384425
17 0.8945077026121903 0.9950556242274413 0.028801071667782986 0.009888751545117428
42 0.9681848626925653 0.7045735475896168 0.047555257870060284 0.08405438813349815
35 0.8399196249162759 0.6650185414091471 0.02277294038847957 0.012360939431396786
35 0.8208305425318151 0.8634116192830655 0.02277294038847957 0.03337453646477132
86 0.9926322839919625 0.8071693448702101 0.014735432016075016 0.042027194066749075