42 0.6207410714285715 0.9233374536464771 0.032017857142857056 0.04639060568603211
46 0.609875 0.6917923362175525 0.03636607142857144 0.03637824474660082
46 0.6148125 0.8223362175525339 0.03913392857142851 0.0381087762669962
42 0.6895178571428572 0.9249690976514214 0.032017857142857056 0.03653893695920883
29 0.7300267857142857 0.7990852904820767 0.034785714285714316 0.07367119901112473
47 0.6802321428571428 0.6893201483312731 0.034785714285714316 0.034734239802224856
22 0.6938660714285714 0.8220642768850432 0.02648214285714293 0.040840543881334936
22 0.7648125 0.8196044499381953 0.018973214285714284 0.03263288009888763
46 0.8082946428571428 0.821248454882571 0.034785714285714316 0.035920889987638996
42 0.6569107142857143 0.8765265760197776 0.02608928571428574 0.041433868974042005
42 0.7695535714285714 0.7476266996291718 0.056919642857142856 0.06269468479604454
56 0.7549285714285714 0.5809394313967862 0.03715178571428562 0.034660074165636545
42 0.7290446428571429 0.6085908529048208 0.05257142857142867 0.06259579728059338
42 0.4505892857142857 0.5194437577255872 0.04506249999999997 0.059406674907292886
42 0.5001875 0.5213597033374536 0.04703571428571434 0.06652657601977756
42 0.4470267857142857 0.32184177997527813 0.04742857142857143 0.06474660074165636
25 0.20711607142857144 0.2380964153275649 0.06086607142857144 0.08111248454882572
25 0.34109821428571424 0.32266996291718175 0.05375000000000004 0.08281829419035847
49 0.34109821428571424 0.40970333745364645 0.06324107142857147 0.07959208899876388
42 0.5426785714285713 0.4515698393077874 0.025294642857142793 0.041854140914709535
49 0.3276607142857143 0.2326205191594561 0.05533928571428573 0.08330037082818292
1 0.6503839285714286 0.7416810877626699 0.03913392857142851 0.08364647713226214
1 0.7766696428571429 0.8630037082818294 0.034785714285714316 0.07674907292954254
42 0.8409017857142856 0.29672435105067985 0.045455357142857214 0.07688504326328803
25 0.9215267857142856 0.29452410383189126 0.05493750000000008 0.07250927070457358
49 0.9604642857142858 0.37334981458590855 0.059285714285714365 0.08569839307787397
42 0.7555267857142858 0.41823238566131027 0.03122321428571431 0.044116192830655196
42 0.7991964285714286 0.48091470951792337 0.045062500000000026 0.06113720642768855
42 0.8509821428571429 0.48364647713226205 0.04900892857142866 0.06003708281829425
95 0.5335892857142858 0.16044499381953028 0.054544642857142785 0.034153275648949315
17 0.226875 0.013201483312731768 0.043482142857142844 0.026390605686032142
3 0.4298214285714286 0.4545735475896168 0.04041964285714284 0.03635352286773791
3 0.8719732142857143 0.4200988875154512 0.034500000000000086 0.03702101359703343
49 0.45594642857142864 0.42693448702101355 0.02168750000000002 0.02609394313967863
49 0.844125 0.39040791100123606 0.026124999999999992 0.030852904820766424
96 0.4273571428571428 0.4054264524103832 0.023660714285714285 0.03222496909765148
96 0.8707410714285715 0.3714709517923362 0.0231696428571429 0.03186650185414088