42 0.11316259678379988 0.3003708281829419 0.02858844550327576 0.0173053152039555
42 0.20815961882072662 0.2972805933250927 0.03156640857653365 0.023485784919653894
25 0.24865991661703396 0.014215080346106305 0.03871351995235259 0.02843016069221261
25 0.20815961882072662 0.17243510506798518 0.039904705181655745 0.07416563658838071
49 0.16617033948779036 0.17243510506798518 0.03871351995235259 0.0865265760197775
49 0.25163787969029183 0.15389369592089 0.04050029779630732 0.07663782447466007
3 0.14443120905300774 0.2880098887515451 0.017272185824895772 0.042027194066749075
96 0.16825491363907089 0.29171817058096416 0.015485407980941036 0.03337453646477132
42 0.35020845741512807 0.04697156983930779 0.02144133412745682 0.034610630407911
42 0.35080405002977966 0.1965389369592089 0.022632519356759976 0.034610630407911
42 0.3627159023228112 0.2836835599505562 0.022036926742108397 0.0173053152039555
42 0.3600357355568791 0.13288009888751545 0.023823704586063133 0.021013597033374538
22 0.36063132817153065 0.00865265760197775 0.022036926742108397 0.013597033374536464
22 0.36092912447885644 0.1100123609394314 0.019356759976176294 0.012978986402966625
22 0.35914234663490174 0.1588380716934487 0.022036926742108397 0.015451174289245983
22 0.36152471709350803 0.2595797280593325 0.016378796902918404 0.014215080346106305
22 0.3618225134008338 0.3046971569839308 0.022930315664085765 0.008034610630407911
7 0.3650982727814175 0.0865265760197775 0.05122096486003574 0.019777503090234856
7 0.36926742108397853 0.23671199011124847 0.05330553901131626 0.0173053152039555
25 0.2829064919594997 0.6217552533992583 0.033948779035139966 0.0754017305315204
25 0.1569386539606909 0.6866501854140915 0.0357355568790947 0.06674907292954264
42 0.2826086956521739 0.754017305315204 0.030375223347230494 0.0630407911001236
42 0.3001786777843955 0.892459826946848 0.030375223347230494 0.0630407911001236
42 0.15604526503871352 0.7929542645241038 0.030375223347230494 0.06056860321384425
42 0.09172126265634306 0.8090234857849197 0.030375223347230494 0.069221260815822
42 0.06164383561643835 0.80778739184178 0.02858844550327576 0.06427688504326329
69 0.09321024419297201 0.4783683559950556 0.029779630732578916 0.06427688504326329
49 0.09201905896366885 0.588380716934487 0.03692674210839786 0.07663782447466007
42 0.06402620607504467 0.673053152039555 0.03216200119118523 0.06427688504326329
49 0.21322215604526504 0.8572311495673671 0.03513996426444312 0.0815822002472188
22 0.03365098272781417 0.8776266996291718 0.013103037522334724 0.027194066749072928
3 0.09112567004169149 0.7212608158220025 0.026206075044669448 0.03955500618046971
3 0.27665276950565815 0.9765142150803461 0.017272185824895772 0.04697156983930779
42 0.11733174508636093 0.877008652657602 0.016081000595592615 0.029666254635352288
42 0.08636092912447886 0.8757725587144622 0.016081000595592615 0.029666254635352288
42 0.3186420488385944 0.8294190358467244 0.014889815366289458 0.032138442521631644
96 0.2546158427635497 0.9777503090234858 0.016676593210244194 0.024721878862793572
48 0.26474091721262655 0.9493201483312732 0.011911852293031567 0.048207663782447466
35 0.31893984514592016 0.703955500618047 0.016676593210244194 0.049443757725587144
35 0.18910065515187613 0.738566131025958 0.01429422275163788 0.034610630407911
96 0.09261465157832043 0.6773794808405439 0.012507444907683145 0.04326328800988875
48 0.10899344848123883 0.6915945611866502 0.017272185824895772 0.029666254635352288
88 0.895473496128648 0.8096415327564895 0.0357355568790947 0.1273176761433869
102 0.8088147706968434 0.811495673671199 0.10184633710541989 0.13597033374536466
101 0.6986301369863014 0.8139678615574784 0.10363311494937463 0.13226205191594562
103 0.598868374032162 0.8090234857849197 0.08755211435378202 0.1260815822002472