42 0.5785204412719014 0.14029666254635353 0.02465931213497729 0.04449938195302843
46 0.45684620376378976 0.15512978986402967 0.01881894873458793 0.049443757725587144
46 0.5256327060350422 0.14833127317676142 0.020116807268007787 0.054388133498145856
42 0.5794938351719663 0.04449938195302843 0.01881894873458793 0.04449938195302843
29 0.5129785853341986 0.006180469715698393 0.038286826735885786 0.012360939431396786
47 0.4555483452303699 0.057478368355995055 0.018170019467878003 0.048207663782447466
22 0.5253082414016872 0.03893695920889988 0.021414665801427646 0.037082818294190356
42 0.5538611291369241 0.09023485784919653 0.022063595068137574 0.03584672435105068
42 0.41304347826086957 0.012978986402966625 0.03309539260220636 0.02595797280593325
42 0.36632057105775473 0.3757725587144623 0.031148604802076575 0.0630407911001236
42 0.3676184295911746 0.30716934487021014 0.03504218040233614 0.06551297898640297
42 0.2628163530175211 0.380716934487021 0.03439325113562622 0.06551297898640297
25 0.26314081765087605 0.519159456118665 0.043478260869565216 0.059332509270704575
49 0.30856586632057104 0.5160692212608158 0.04218040233614536 0.06551297898640297
42 0.3309539260220636 0.24783683559950556 0.022063595068137574 0.034610630407911
49 0.2154445165476963 0.5278121137206427 0.04412719013627515 0.042027194066749075
1 0.48312783906554185 0.09888751545117429 0.04412719013627515 0.05315203955500618
95 0.17813108371187542 0.26081582200247216 0.018170019467878003 0.0754017305315204
3 0.33225178455548343 0.4042027194066749 0.01881894873458793 0.05562422744128554
49 0.31797534068786504 0.3683559950556242 0.0136275146009085 0.029666254635352288
96 0.3066190785204413 0.4079110012360939 0.016872160934458143 0.03337453646477132
42 0.6135626216742375 0.3831891223733004 0.027903958468526932 0.04697156983930779
46 0.7232316677482155 0.31334981458590855 0.04282933160285529 0.04449938195302843
93 0.6658014276443868 0.03893695920889988 0.053212199870214145 0.07787391841779975
22 0.6512005191434134 0.380716934487021 0.025957170668397145 0.0580964153275649
86 0.6297858533419857 0.5185414091470952 0.026606099935107073 0.06056860321384425
42 0.35788449059052563 0.9864029666254636 0.035691109669046074 0.027194066749072928
42 0.3338741077222583 0.6594561186650185 0.038286826735885786 0.0754017305315204
42 0.22939649578195975 0.5889987639060569 0.03763789746917586 0.07169344870210136
42 0.22388059701492538 0.8343634116192831 0.01946787800129786 0.029666254635352288
42 0.3844905905256327 0.7787391841779975 0.01752109020116807 0.037082818294190356
3 0.3062946138870863 0.5661310259579728 0.022063595068137574 0.034610630407911
93 0.33517196625567813 0.9085290482076638 0.03309539260220636 0.06798516687268233
93 0.3475016223231668 0.7669962917181706 0.03244646333549643 0.06427688504326329
47 0.1609344581440623 0.8318912237330037 0.027255029201817 0.02595797280593325
47 0.41499026606099937 0.7799752781211372 0.016223231667748216 0.049443757725587144
1 0.3685918234912395 0.569221260815822 0.02855288773523686 0.0407911001236094
1 0.28131083711875404 0.9740420271940667 0.026606099935107073 0.0519159456118665
42 0.3030499675535367 0.7218788627935723 0.018170019467878003 0.034610630407911
17 0.27255029201817 0.9351050679851669 0.025957170668397145 0.02843016069221261
39 0.2255029201817002 0.7187886279357231 0.014925373134328358 0.03337453646477132
96 0.2790395846852693 0.5618046971569839 0.01946787800129786 0.02595797280593325
48 0.2890979883192732 0.5896168108776267 0.01752109020116807 0.042027194066749075
42 0.7933160285528877 0.9752781211372065 0.02336145360155743 0.029666254635352288
42 0.8429591174561972 0.9752781211372065 0.021414665801427646 0.030902348578491966
47 0.8436080467229072 0.927070457354759 0.02336145360155743 0.029666254635352288
35 0.7504866969500325 0.8936959208899876 0.02465931213497729 0.04697156983930779
42 0.7154445165476963 0.7082818294190358 0.016872160934458143 0.030902348578491966
22 0.654445165476963 0.7082818294190358 0.015574302401038288 0.034610630407911
47 0.6784555483452304 0.7101359703337453 0.024010382868267358 0.027194066749072928
25 0.8861129136924075 0.7799752781211372 0.04023361453601557 0.08281829419035847
42 0.8841661258922777 0.8986402966625463 0.036340038935756006 0.069221260815822
39 0.9620376378974692 0.9394313967861557 0.015574302401038288 0.02843016069221261
39 0.9902660609993511 0.915327564894932 0.01946787800129786 0.038318912237330034
17 0.9805321219987021 0.9783683559950557 0.015574302401038288 0.04326328800988875
1 0.790720311486048 0.8621755253399258 0.04218040233614536 0.054388133498145856