46 0.29303396660909614 0.11142857142857143 0.01669545192861255 0.0326530612244898
46 0.3540587219343696 0.10693877551020409 0.017846862406447898 0.035918367346938776
29 0.34283246977547494 0.008571428571428572 0.033966609096142776 0.017142857142857144
47 0.2918825561312608 0.04693877551020408 0.016119746689694875 0.03183673469387755
22 0.35377086931491075 0.03469387755102041 0.018998272884283247 0.024489795918367346
42 0.3791018998272884 0.06857142857142857 0.01957397812320092 0.0236734693877551
42 0.25417386298215316 0.013061224489795919 0.02936096718480138 0.026122448979591838
42 0.18134715025906736 0.1653061224489796 0.01957397812320092 0.008979591836734694
1 0.31635002878526197 0.07428571428571429 0.03914795624640184 0.03510204081632653
95 0.04548071387449626 0.16285714285714287 0.016119746689694875 0.013877551020408163
42 0.4309153713298791 0.5926530612244898 0.08232584916522741 0.0473469387755102
42 0.5949913644214162 0.5179591836734694 0.03051237766263673 0.0636734693877551
25 0.59902130109384 0.4257142857142857 0.022452504317789293 0.060816326530612246
25 0.597006332757628 0.3408163265306122 0.02648244099021301 0.07306122448979592