42 0.4303571428571429 0.49551020408163265 0.03214285714285714 0.031020408163265307
46 0.41964285714285715 0.34244897959183673 0.03571428571428571 0.0236734693877551
46 0.4245535714285714 0.4289795918367347 0.039285714285714285 0.025306122448979593
42 0.26026785714285716 0.22857142857142856 0.045535714285714284 0.03918367346938775
42 0.3098214285714286 0.23020408163265307 0.04732142857142857 0.044081632653061226
42 0.25669642857142855 0.09836734693877551 0.04732142857142857 0.04326530612244898
25 0.023660714285714285 0.04285714285714286 0.04732142857142857 0.053061224489795916
25 0.15089285714285713 0.09877551020408164 0.05357142857142857 0.054693877551020405
49 0.15089285714285713 0.15632653061224488 0.0625 0.053061224489795916
42 0.35267857142857145 0.1840816326530612 0.025 0.027755102040816326
49 0.1375 0.03918367346938775 0.055357142857142855 0.05551020408163265
1 0.4455357142857143 0.37551020408163266 0.008928571428571428 0.05551020408163265
3 0.23973214285714287 0.18612244897959185 0.04017857142857143 0.0236734693877551
49 0.265625 0.16775510204081634 0.02142857142857143 0.017142857142857144
96 0.23705357142857142 0.15346938775510205 0.024107142857142858 0.02122448979591837
35 0.7424107142857143 0.0673469387755102 0.03571428571428571 0.026938775510204082
42 0.8379464285714285 0.06653061224489797 0.023214285714285715 0.022040816326530613
25 0.6808035714285714 0.12204081632653062 0.055357142857142855 0.05061224489795919
86 0.5973214285714286 0.14857142857142858 0.026785714285714284 0.022857142857142857
25 0.5763392857142857 0.4616326530612245 0.049107142857142856 0.04326530612244898
42 0.7276785714285714 0.4987755102040816 0.05 0.04244897959183674
42 0.8267857142857142 0.4595918367346939 0.04642857142857143 0.04326530612244898
42 0.8254464285714286 0.5024489795918368 0.05267857142857143 0.03510204081632653
42 0.878125 0.42448979591836733 0.029464285714285714 0.024489795918367346
42 0.8799107142857143 0.4673469387755102 0.025892857142857145 0.024489795918367346
35 0.7741071428571429 0.3036734693877551 0.033928571428571426 0.027755102040816326
49 0.6629464285714286 0.4608163265306122 0.05803571428571429 0.05142857142857143
49 0.8607142857142858 0.21836734693877552 0.05357142857142857 0.05061224489795919
25 0.7352678571428571 0.36979591836734693 0.059821428571428574 0.05061224489795919
42 0.8138392857142858 0.37020408163265306 0.05267857142857143 0.045714285714285714
42 0.7821428571428571 0.12653061224489795 0.05 0.0326530612244898
39 0.8808035714285715 0.5028571428571429 0.024107142857142858 0.019591836734693877
3 0.7611607142857143 0.46 0.025 0.03183673469387755
3 0.9522321428571429 0.12448979591836734 0.038392857142857145 0.0236734693877551
96 0.9508928571428571 0.15755102040816327 0.02142857142857143 0.019591836734693877
96 0.7241071428571428 0.46122448979591835 0.025 0.018775510204081632
48 0.7415178571428571 0.43551020408163266 0.024107142857142858 0.022040816326530613
48 0.9245535714285714 0.14326530612244898 0.025 0.02122448979591837
42 0.044642857142857144 0.6681632653061225 0.025 0.0236734693877551
42 0.10133928571428572 0.6351020408163265 0.04375 0.044081632653061226
42 0.19464285714285715 0.6175510204081632 0.044642857142857144 0.044897959183673466
56 0.2544642857142857 0.7322448979591837 0.026785714285714284 0.02040816326530612
42 0.22723214285714285 0.7497959183673469 0.04732142857142857 0.04163265306122449
42 0.259375 0.8379591836734694 0.05 0.04
46 0.12276785714285714 0.8036734693877551 0.03571428571428571 0.02040816326530612
47 0.1888392857142857 0.8020408163265306 0.03125 0.02040816326530612
1 0.16339285714285715 0.8248979591836735 0.02142857142857143 0.029387755102040815
46 0.12232142857142857 0.8910204081632653 0.033035714285714286 0.0236734693877551
42 0.16651785714285713 0.9240816326530612 0.025892857142857145 0.022857142857142857
29 0.22857142857142856 0.8746938775510205 0.026785714285714284 0.04979591836734694
42 0.13303571428571428 0.9575510204081633 0.033035714285714286 0.019591836734693877
42 0.19955357142857144 0.9559183673469388 0.027678571428571427 0.02122448979591837
22 0.19285714285714287 0.8877551020408163 0.019642857142857142 0.02040816326530612
22 0.2611607142857143 0.889795918367347 0.019642857142857142 0.019591836734693877
46 0.30223214285714284 0.8881632653061224 0.033035714285714286 0.02122448979591837
1 0.2767857142857143 0.9102040816326531 0.020535714285714286 0.026938775510204082
42 0.3366071428571429 0.6693877551020408 0.045535714285714284 0.045714285714285714
42 0.2544642857142857 0.6257142857142857 0.025 0.025306122448979593
42 0.3236607142857143 0.5485714285714286 0.044642857142857144 0.04326530612244898
25 0.4120535714285714 0.5477551020408163 0.05625 0.04816326530612245
49 0.43526785714285715 0.5983673469387755 0.029464285714285714 0.0473469387755102
2 0.359375 0.6277551020408163 0.030357142857142857 0.022040816326530613
96 0.35714285714285715 0.5955102040816327 0.022321428571428572 0.02040816326530612
48 0.33303571428571427 0.6089795918367347 0.022321428571428572 0.022857142857142857