42 0.04290521592821088 0.04280821917808219 0.04262478968031408 0.0273972602739726
42 0.15759955131800338 0.04238013698630137 0.0361749859786876 0.02910958904109589
3 0.11721817162086372 0.06078767123287671 0.027762198541783512 0.019263698630136987
25 0.18143578238923164 0.12243150684931507 0.0445877734155917 0.03125
46 0.4927089175546831 0.07491438356164383 0.014582164890633763 0.02226027397260274
96 0.1163768928771733 0.08304794520547945 0.015423443634324173 0.02054794520547945
96 0.008412787436904094 0.08261986301369863 0.012619181155356141 0.014982876712328766
3 0.011217049915872126 0.059931506849315065 0.022434099831744252 0.02011986301369863
35 0.21789119461581605 0.1605308219178082 0.024397083567021874 0.016695205479452056
35 0.21733034212002245 0.23116438356164384 0.022994952327537857 0.017123287671232876
35 0.21648906337633203 0.2876712328767123 0.02159282108805384 0.0175513698630137
35 0.215086932136848 0.3180650684931507 0.02159282108805384 0.014982876712328766
35 0.4641054402692092 0.05821917808219178 0.025799214806505887 0.016695205479452056
48 0.10487941671340438 0.0723458904109589 0.034212002243409985 0.013270547945205479
37 0.9680314077397645 0.047517123287671235 0.020190689848569827 0.02482876712328767
39 0.8213684800897364 0.1896404109589041 0.022994952327537857 0.01797945205479452