25 0.21805006587615283 0.499185667752443 0.07246376811594203 0.021172638436482084
35 0.3069828722002635 0.4560260586319218 0.03820816864295125 0.057003257328990226
35 0.4644268774703557 0.4568403908794788 0.030303030303030304 0.05374592833876222
42 0.7707509881422925 0.34201954397394135 0.06587615283267458 0.08143322475570032
42 0.6047430830039525 0.3314332247557003 0.04084321475625823 0.050488599348534204
42 0.6409749670619236 0.2744299674267101 0.043478260869565216 0.05374592833876222
42 0.6416337285902504 0.0985342019543974 0.0461133069828722 0.05374592833876222
34 0.6251646903820817 0.16449511400651465 0.09881422924901186 0.05863192182410423
46 0.6877470355731226 0.09690553745928339 0.034255599472990776 0.024429967426710098
46 0.7391304347826086 0.46498371335504884 0.03820816864295125 0.030944625407166124
42 0.30303030303030304 0.9633550488599348 0.05533596837944664 0.06677524429967427
46 0.4090909090909091 0.9218241042345277 0.034255599472990776 0.05537459283387622
42 0.005928853754940711 0.739413680781759 0.011857707509881422 0.07166123778501629
42 0.3326745718050066 0.5293159609120521 0.06719367588932806 0.03908794788273615
46 0.37351778656126483 0.5643322475570033 0.03293807641633729 0.05374592833876222
46 0.2852437417654809 0.5602605863192183 0.03689064558629776 0.04560260586319218
46 0.18050065876152832 0.9210097719869706 0.022397891963109356 0.04560260586319218
93 0.8689064558629777 0.9446254071661238 0.061923583662714096 0.08469055374592833
47 0.9967061923583662 0.9584690553745928 0.006587615283267457 0.07003257328990228
42 0.8458498023715415 0.8045602605863192 0.06851119894598155 0.08957654723127036
42 0.8142292490118577 0.5651465798045603 0.06851119894598155 0.09446254071661238
42 0.6376811594202898 0.7149837133550488 0.07509881422924901 0.08143322475570032
3 0.7872200263504612 0.6726384364820847 0.048748353096179184 0.06188925081433225
96 0.7417654808959157 0.6718241042345277 0.04743083003952569 0.030944625407166124
49 0.7371541501976284 0.5521172638436482 0.08300395256916997 0.08469055374592833
17 0.8972332015810277 0.5879478827361564 0.05006587615283267 0.03257328990228013
25 0.6429512516469038 0.5513029315960912 0.07905138339920949 0.08306188925081433
39 0.6337285902503293 0.8819218241042345 0.021080368906455864 0.03745928338762215
42 0.782608695652174 0.8819218241042345 0.03293807641633729 0.04071661237785016
42 0.9440052700922266 0.9568403908794788 0.03293807641633729 0.04234527687296417
1 0.9123847167325428 0.6701954397394136 0.05928853754940711 0.10260586319218241
48 0.758893280632411 0.7206840390879479 0.03689064558629776 0.03908794788273615