42 0.05174385363064608 0.04880478087649402 0.051457975986277875 0.03137450199203187
42 0.19039451114922812 0.04830677290836653 0.04373927958833619 0.03336653386454183
3 0.14150943396226415 0.0697211155378486 0.033733562035448826 0.021912350597609563
25 0.21926815323041737 0.1399402390438247 0.054030874785591765 0.035856573705179286
46 0.5954831332189823 0.08565737051792828 0.017724413950829045 0.025398406374501994
96 0.14065180102915953 0.0951195219123506 0.018582046883933678 0.023406374501992032
96 0.010005717552887363 0.09412350597609562 0.015151515151515152 0.01693227091633466
3 0.013436249285305889 0.06872509960159362 0.026872498570611778 0.022908366533864542
35 0.26329331046312177 0.18376494023904383 0.02944539736992567 0.018924302788844622
35 0.2624356775300172 0.2639442231075697 0.02773013150371641 0.01942231075697211
35 0.26186392224128074 0.3286852589641434 0.026014865637507146 0.0199203187250996
35 0.26014865637507145 0.36354581673306774 0.026014865637507146 0.01693227091633466
35 0.5608919382504288 0.06673306772908366 0.031160663236134933 0.018924302788844622
48 0.1269296740994854 0.08266932270916334 0.0411663807890223 0.014940239043824702
25 0.8367638650657518 0.1508964143426295 0.03316180674671241 0.06374501992031872
42 0.8353344768439108 0.2534860557768924 0.031446540880503145 0.05677290836653386
42 0.8058890794739851 0.31772908366533864 0.02801600914808462 0.05179282868525897
42 0.8576329331046312 0.3610557768924303 0.030874785591766724 0.04780876494023904
25 0.8047455688965123 0.3799800796812749 0.037164093767867355 0.03884462151394422
42 0.8742138364779874 0.3944223107569721 0.014865637507146942 0.0099601593625498
22 0.875071469411092 0.25796812749003983 0.012006861063464836 0.02390438247011952
38 0.8530588907947398 0.3187250996015936 0.0137221269296741 0.029880478087649404
22 0.6663807890222985 0.2355577689243028 0.018867924528301886 0.02091633466135458
42 0.6472269868496283 0.2400398406374502 0.014865637507146942 0.029880478087649404
42 0.8756432246998285 0.18376494023904383 0.015437392795883362 0.0249003984063745
95 0.8693539165237278 0.21314741035856574 0.033733562035448826 0.017928286852589643
38 0.8536306460834763 0.32171314741035856 0.0137221269296741 0.026892430278884463
1 0.9016580903373356 0.22858565737051792 0.03430531732418525 0.04183266932270916
1 0.9033733562035449 0.3595617529880478 0.03659233847913093 0.04083665338645418
42 0.21069182389937108 0.8077689243027888 0.0440251572327044 0.07569721115537849
42 0.2584333905088622 0.4108565737051793 0.04345340194396798 0.022908366533864542
42 0.38250428816466553 0.9008964143426295 0.046883933676386505 0.0796812749003984
42 0.15294453973699257 0.44173306772908366 0.02058319039451115 0.04083665338645418
39 0.10205831903945112 0.499003984063745 0.01429388221841052 0.021912350597609563
46 0.5440251572327044 0.9158366533864541 0.02115494568324757 0.0249003984063745
42 0.2910234419668382 0.8147410358565738 0.0548885077186964 0.09262948207171315
95 0.08947970268724986 0.9900398406374502 0.0440251572327044 0.0199203187250996
39 0.4308176100628931 0.9910358565737052 0.02115494568324757 0.017928286852589643
39 0.35763293310463123 0.4965139442231076 0.024585477415666093 0.022908366533864542
30 0.22126929674099485 0.4457171314741036 0.02801600914808462 0.02888446215139442
30 0.258147512864494 0.45766932270916333 0.029159519725557463 0.026892430278884463
23 0.0631789594053745 0.6907370517928287 0.02058319039451115 0.03286852589641434
23 0.11177815894797027 0.5577689243027888 0.022870211549456832 0.030876494023904383
23 0.11092052601486564 0.6638446215139442 0.017724413950829045 0.03286852589641434
23 0.062321326472269865 0.9322709163346613 0.02058319039451115 0.025896414342629483
23 0.18582046883933676 0.8710159362549801 0.015437392795883362 0.030876494023904383
23 0.2687249857061178 0.8859561752988048 0.017724413950829045 0.029880478087649404
23 0.3330474556889651 0.9028884462151394 0.017724413950829045 0.035856573705179286
23 0.49828473413379076 0.9158366533864541 0.017724413950829045 0.035856573705179286
23 0.1841052029731275 0.7420318725099602 0.015437392795883362 0.03286852589641434
23 0.2667238421955403 0.7430278884462151 0.017152658662092625 0.03386454183266932
1 0.8473413379073756 0.5174302788844621 0.026300743281875358 0.07071713147410359
1 0.8707833047455689 0.6394422310756972 0.044596912521440824 0.043824701195219126
1 0.9130931961120641 0.6135458167330677 0.044596912521440824 0.043824701195219126
1 0.873642081189251 0.74800796812749 0.04230989136649514 0.045816733067729085
1 0.9133790737564322 0.7704183266932271 0.03487707261292167 0.04083665338645418
1 0.9282447112635792 0.5199203187250996 0.024585477415666093 0.07071713147410359
1 0.9831332189822756 0.5891434262948207 0.033733562035448826 0.044820717131474105
25 0.7870211549456833 0.6992031872509961 0.037164093767867355 0.05776892430278884
25 0.9736992567181246 0.9282868525896414 0.03659233847913093 0.061752988047808766
42 0.7644368210405946 0.827191235059761 0.017152658662092625 0.03187250996015936
42 0.8073184676958262 0.8242031872509961 0.017724413950829045 0.030876494023904383
42 0.9794168096054888 0.6578685258964143 0.014865637507146942 0.02888446215139442
1 0.9934248141795312 0.701195219123506 0.013150371640937679 0.061752988047808766
1 0.9299599771297884 0.8854581673306773 0.037164093767867355 0.044820717131474105
1 0.9854202401372213 0.8545816733067729 0.029159519725557463 0.04183266932270916
1 0.7833047455688965 0.898406374501992 0.022870211549456832 0.06772908366533864
17 0.9948542024013722 0.749003984063745 0.010291595197255575 0.02390438247011952
39 0.7844482561463694 0.6359561752988048 0.016580903373356205 0.02091633466135458
93 0.79073756432247 0.7833665338645418 0.031446540880503145 0.04880478087649402
17 0.7881646655231561 0.9397410358565738 0.024585477415666093 0.0249003984063745
42 0.9322469982847341 0.7026892430278885 0.04230989136649514 0.05976095617529881
42 0.8510577472841624 0.6972111553784861 0.040022870211549454 0.06772908366533864
35 0.7415666094911378 0.6563745019920318 0.018867924528301886 0.026892430278884463
35 0.7252715837621498 0.825199203187251 0.019439679817038306 0.026892430278884463
86 0.873642081189251 0.7798804780876494 0.015437392795883362 0.03386454183266932
86 0.9193825042881647 0.853585657370518 0.017724413950829045 0.03386454183266932