25 0.26545842217484006 0.08364140480591498 0.06823027718550106 0.05083179297597042
96 0.16631130063965885 0.019408502772643253 0.023454157782515993 0.033271719038817
96 0.005330490405117271 0.018484288354898338 0.010660980810234541 0.024029574861367836
35 0.32142857142857145 0.1455637707948244 0.03731343283582089 0.026802218114602587
35 0.32036247334754797 0.25970425138632164 0.035181236673773986 0.027726432532347505
35 0.31929637526652455 0.35166358595194086 0.03304904051172708 0.02865064695009242
35 0.31716417910447764 0.4011090573012939 0.03304904051172708 0.024029574861367836
48 0.14872068230277186 0.006007393715341959 0.05223880597014925 0.012014787430683918
42 0.5458422174840085 0.21626617375231053 0.053304904051172705 0.04621072088724584
42 0.552771855010661 0.09981515711645102 0.03304904051172708 0.02865064695009242
42 0.5900852878464818 0.12523105360443623 0.035181236673773986 0.030499075785582256
42 0.7052238805970149 0.1256931608133087 0.035181236673773986 0.03234750462107209
34 0.662046908315565 0.11414048059149723 0.03837953091684435 0.06931608133086876
46 0.7062899786780383 0.15804066543438078 0.015991471215351813 0.024029574861367836
46 0.7910447761194029 0.17467652495378927 0.0255863539445629 0.015711645101663587
25 0.6828358208955224 0.4431608133086876 0.050106609808102345 0.012014787430683918
25 0.747867803837953 0.44269870609981515 0.04584221748400853 0.012939001848428836
49 0.8049040511727079 0.4450092421441775 0.046908315565031986 0.00831792975970425
25 0.8757995735607675 0.44408502772643255 0.050106609808102345 0.010166358595194085
25 0.9690831556503199 0.4450092421441775 0.04904051172707889 0.00831792975970425
65 0.5399786780383795 0.4408502772643253 0.06929637526652452 0.0166358595194085
46 0.46748400852878463 0.19362292051756008 0.015991471215351813 0.026802218114602587
42 0.23827292110874201 0.5 0.014925373134328358 0.03743068391866913
65 0.4088486140724947 0.5212569316081331 0.03091684434968017 0.05868761552680222
73 0.4216417910447761 0.46210720887245843 0.05223880597014925 0.025878003696857672
3 0.11247334754797442 0.4625693160813309 0.01812366737739872 0.026802218114602587
79 0.35501066098081024 0.45609981515711645 0.014925373134328358 0.013863216266173753
22 0.3726012793176972 0.4588724584103512 0.009594882729211088 0.019408502772643253
79 0.03571428571428571 0.45748613678373384 0.01812366737739872 0.0166358595194085
29 0.19189765458422176 0.4611829944547135 0.014925373134328358 0.024029574861367836
7 0.2244136460554371 0.5198706099815157 0.01279317697228145 0.04621072088724584
64 0.5602345415778252 0.5023105360443623 0.05223880597014925 0.03234750462107209
42 0.5442430703624733 0.609981515711645 0.08848614072494669 0.07024029574861368
93 0.47654584221748403 0.5646950092421442 0.03411513859275053 0.06284658040665435
42 0.5868869936034116 0.890018484288355 0.07995735607675906 0.0711645101663586
3 0.8363539445628998 0.8743068391866913 0.04584221748400853 0.04436229205175601
3 0.6257995735607675 0.6155268022181146 0.05223880597014925 0.034195933456561925
3 0.8347547974413646 0.6293900184842883 0.042643923240938165 0.04436229205175601
47 0.7350746268656716 0.9731977818853974 0.031982942430703626 0.04251386321626617
39 0.6753731343283582 0.8904805914972274 0.015991471215351813 0.025878003696857672
39 0.523454157782516 0.5064695009242144 0.01279317697228145 0.027726432532347505
39 0.5970149253731343 0.5064695009242144 0.01279317697228145 0.024029574861367836
42 0.7318763326226013 0.4570240295748614 0.04157782515991471 0.015711645101663587
68 0.673773987206823 0.609981515711645 0.019189765458422176 0.026802218114602587
42 0.8390191897654584 0.7513863216266173 0.08528784648187633 0.07208872458410351
68 0.7334754797441365 0.55637707948244 0.028784648187633263 0.012939001848428836