42 0.013325608342989572 0.058078602620087336 0.026651216685979143 0.0445414847161572
25 0.031286210892236384 0.1812227074235808 0.03707995365005794 0.048034934497816595
46 0.2899768250289687 0.10786026200873362 0.01216685979142526 0.03406113537117904
35 0.061703360370799536 0.23973799126637554 0.020278099652375436 0.025327510917030567
35 0.06112398609501738 0.3475982532751092 0.019119351100811123 0.026200873362445413
35 0.060544611819235226 0.4253275109170306 0.017960602549246814 0.008733624454148471
35 0.26622247972190033 0.08253275109170306 0.021436848203939745 0.025327510917030567
42 0.3571842410196987 0.1406113537117904 0.027230590961761298 0.028384279475982533
42 0.3574739281575898 0.26550218340611353 0.027809965237543453 0.03187772925764192
42 0.3574739281575898 0.38995633187772927 0.0220162224797219 0.02925764192139738
42 0.3574739281575898 0.017903930131004366 0.030127462340672075 0.02925764192139738
65 0.6123986095017381 0.03842794759825328 0.04779837775202781 0.04585152838427948
65 0.6132676709154113 0.16244541484716157 0.04779837775202781 0.04585152838427948
65 0.6132676709154113 0.2847161572052402 0.0492468134414832 0.05021834061135371
65 0.6138470451911935 0.40655021834061134 0.046349942062572425 0.04585152838427948
73 0.6329663962920047 0.10480349344978165 0.0802433371958285 0.03755458515283843
73 0.6323870220162224 0.2279475982532751 0.08545770567786791 0.03842794759825328
73 0.6329663962920047 0.35283842794759823 0.07879490150637311 0.03580786026200873
79 0.533603707995365 0.23100436681222708 0.021436848203939745 0.02096069868995633
79 0.5330243337195828 0.35283842794759823 0.022885283893395135 0.016593886462882096
79 0.5307068366164542 0.10829694323144105 0.025782155272305908 0.01921397379912664
22 0.5593858632676709 0.10611353711790393 0.015353418308227115 0.024017467248908297
22 0.5608342989571263 0.22969432314410482 0.011877172653534183 0.01834061135371179
22 0.5602549246813442 0.35240174672489083 0.01477404403244496 0.02576419213973799
7 0.33777520278099654 0.1589519650655022 0.021436848203939745 0.03406113537117904
7 0.33719582850521435 0.28253275109170306 0.019119351100811123 0.03842794759825328
7 0.33719582850521435 0.40567685589519653 0.019119351100811123 0.03580786026200873
7 0.335747392815759 0.03580786026200873 0.020567786790266513 0.04323144104803493
35 0.07155272305909617 0.44192139737991265 0.009849362688296639 0.02445414847161572
35 0.29866743916570104 0.4406113537117904 0.01100811123986095 0.021834061135371178
58 0.6920625724217845 0.4799126637554585 0.09675550405561993 0.10043668122270742
54 0.6906141367323291 0.6611353711790393 0.08980301274623406 0.13449781659388646
57 0.6923522595596755 0.8554585152838428 0.0880648899188876 0.1406113537117904