42 0.5687633262260128 0.20125786163522014 0.04157782515991471 0.08176100628930817
3 0.5410447761194029 0.11084905660377359 0.03624733475479744 0.06289308176100629
25 0.4253731343283582 0.2555031446540881 0.05863539445628998 0.10062893081761007
96 0.4994669509594883 0.10927672955974843 0.03837953091684435 0.03459119496855346
35 0.35394456289978676 0.3380503144654088 0.03091684434968017 0.055031446540880505
35 0.2222814498933902 0.33647798742138363 0.031982942430703626 0.05188679245283019
35 0.1162046908315565 0.33490566037735847 0.03304904051172708 0.04874213836477988
35 0.059168443496801705 0.33176100628930816 0.02771855010660981 0.04874213836477988
48 0.5202558635394456 0.08333333333333333 0.024520255863539446 0.0770440251572327
25 0.7718550106609808 0.30345911949685533 0.06183368869936034 0.09433962264150944
42 0.826226012793177 0.05817610062893082 0.053304904051172705 0.08490566037735849
42 0.8667377398720683 0.30660377358490565 0.05543710021321962 0.07547169811320754
42 0.9552238805970149 0.07783018867924528 0.053304904051172705 0.08018867924528301
1 0.6892324093816631 0.05738993710691824 0.04157782515991471 0.0959119496855346
1 0.9834754797441365 0.5070754716981132 0.03304904051172708 0.0959119496855346
1 0.982409381663113 0.2059748427672956 0.035181236673773986 0.09119496855345911
46 0.8635394456289979 0.008647798742138365 0.04051172707889126 0.01729559748427673
22 0.9205756929637526 0.009433962264150943 0.024520255863539446 0.018867924528301886
22 0.8038379530916845 0.008647798742138365 0.0255863539445629 0.01729559748427673
93 0.9680170575692963 0.2893081761006289 0.04904051172707889 0.07861635220125786
42 0.9562899786780383 0.009433962264150943 0.031982942430703626 0.018867924528301886
42 0.9557569296375267 0.5794025157232704 0.0255863539445629 0.036163522012578615
42 0.7606609808102346 0.010220125786163521 0.03304904051172708 0.020440251572327043
42 0.9562899786780383 0.14465408805031446 0.03624733475479744 0.03773584905660377
38 0.8672707889125799 0.054245283018867926 0.03411513859275053 0.040880503144654086
42 0.6998933901918977 0.21069182389937108 0.06183368869936034 0.10849056603773585
42 0.2308102345415778 0.7169811320754716 0.03837953091684435 0.06132075471698113
42 0.3896588486140725 0.7161949685534591 0.03837953091684435 0.059748427672955975
42 0.2814498933901919 0.8663522012578616 0.03624733475479744 0.05817610062893082
42 0.1220682302771855 0.8671383647798742 0.04051172707889126 0.059748427672955975
42 0.43816631130063965 0.8671383647798742 0.03731343283582089 0.06446540880503145
42 0.07036247334754797 0.7216981132075472 0.035181236673773986 0.05660377358490566
29 0.17643923240938167 0.7169811320754716 0.04797441364605544 0.050314465408805034
29 0.019722814498933903 0.7209119496855346 0.039445628997867806 0.04874213836477988
29 0.3326226012793177 0.7193396226415094 0.046908315565031986 0.05188679245283019
7 0.2579957356076759 0.824685534591195 0.04371002132196162 0.04559748427672956
7 0.10021321961620469 0.8238993710691824 0.04904051172707889 0.040880503144654086
7 0.4152452025586354 0.8207547169811321 0.05543710021321962 0.0440251572327044
22 0.9536247334754797 0.9567610062893082 0.02771855010660981 0.03773584905660377
95 0.7393390191897654 0.9811320754716981 0.02025586353944563 0.03773584905660377