42 0.0810935441370224 0.12252442996742671 0.08050065876152832 0.0789413680781759
42 0.29786561264822137 0.12133550488599348 0.06872200263504614 0.08307817589576545
3 0.22148880105401847 0.174185667752443 0.05299077733860346 0.0551954397394137
25 0.34259552042160735 0.3510586319218241 0.08440052700922263 0.08957654723127036
46 0.9308959156785244 0.21421824104234527 0.027799736495388548 0.06363192182410422
96 0.2202239789196311 0.2378501628664495 0.029393939393939396 0.05877850162866448
96 0.015731225296442688 0.23640065146579806 0.023557312252964424 0.04283387622149839
3 0.021080368906455864 0.17192182410423454 0.04216073781291173 0.05680781758957654
35 0.41143610013175225 0.46011400651465795 0.04553359683794459 0.04726384364820844
35 0.41063241106719367 0.6615309446254072 0.04393939393939397 0.04946254071661239
35 0.40903820816864295 0.8233876221498372 0.0407378129117259 0.05070032573289902
35 0.4061660079051383 0.9106188925081433 0.0402503293807641 0.04271986970684042
35 0.8768379446640316 0.1667915309446254 0.048787878787878755 0.046938110749185656
48 0.19818181818181815 0.20643322475570033 0.06434782608695651 0.038273615635179156