42 0.32075471698113206 0.005654281098546042 0.029214850882531954 0.011308562197092083
42 0.3213633597078515 0.11995153473344103 0.0310407790626902 0.0420032310177706
3 0.3015824710894705 0.07310177705977383 0.020693852708460133 0.03231017770597738
25 0.2355447352404139 0.1474151857835218 0.033475349969567865 0.051696284329563816
96 0.27784540474741326 0.07229402261712439 0.021911138161898967 0.017770597738287562
35 0.19476567255021301 0.18982229402261713 0.017650639074863056 0.02827140549273021
35 0.11959829580036518 0.1890145395799677 0.018259281801582473 0.02665589660743134
35 0.05903834449178332 0.18820678513731826 0.018867924528301886 0.025040387722132473
35 0.026475958612294584 0.18659127625201938 0.01582471089470481 0.025040387722132473
35 0.30401704199634816 0.4745557350565428 0.017650639074863056 0.02988691437802908
48 0.28971393791844186 0.05896607431340872 0.01399878271454656 0.0395799676898223
107 0.7522824102251978 0.3291599353796446 0.05295191722458917 0.06704361873990307
92 0.6494217894096166 0.32835218093699514 0.051734631771150334 0.06785137318255251
105 0.5465611685940353 0.32835218093699514 0.051734631771150334 0.07189014539579967
106 0.44065733414485697 0.3291599353796446 0.05356055995130858 0.06946688206785137
49 0.6786366402921485 0.6583198707592892 0.0620815581253804 0.0791599353796446
25 0.657334144856969 0.5395799676898223 0.05842970176506391 0.06785137318255251
42 0.5715155203895314 0.5436187399030694 0.04990870359099209 0.06623586429725363
42 0.4309190505173463 0.6381260096930533 0.05112598904443092 0.06462035541195477
42 0.48326232501521604 0.8263327948303716 0.024345709068776627 0.03715670436187399
42 0.5642118076688983 0.7738287560581584 0.030432136335970784 0.035541195476575124
42 0.5362142422398052 0.7778675282714055 0.02556299452221546 0.03715670436187399
42 0.603164942178941 0.7067851373182552 0.04990870359099209 0.06946688206785137
74 0.5036518563603165 0.5904684975767367 0.06329884357881924 0.04038772213247173
1 0.4455264759586123 0.7879644588045234 0.038953134510042606 0.033117932148626815
3 0.5499087035909921 0.6595315024232633 0.023737066342057214 0.04765751211631664
48 0.5724284844796105 0.6235864297253635 0.021911138161898967 0.033117932148626815
96 0.5861229458307973 0.6591276252019386 0.02008520998174072 0.023424878836833602