42 0.13951979234263465 0.5302066772655007 0.045425048669695 0.017488076311605722
42 0.13951979234263465 0.40381558028616854 0.048345230369889684 0.04531001589825119
3 0.17034393251135627 0.45548489666136727 0.03212199870214147 0.034976152623211444
25 0.27319922128487995 0.3744038155802862 0.05223880597014925 0.05643879173290938
96 0.20733290071382218 0.4562798092209857 0.03406878650227125 0.019077901430842606
35 0.336469824789098 0.32829888712241656 0.027579493835171966 0.031001589825119236
35 0.4536015574302401 0.32909379968203495 0.02855288773523686 0.028616852146263912
35 0.5480207657365347 0.3298887122416534 0.029526281635301754 0.02702702702702703
35 0.5986372485399092 0.3314785373608903 0.02465931213497729 0.02702702702702703
35 0.16580142764438677 0.018282988871224166 0.027579493835171966 0.03259141494435612
48 0.18883841661258924 0.47058823529411764 0.021739130434782608 0.04292527821939587
42 0.853990914990266 0.4904610492845787 0.036340038935756006 0.0890302066772655
1 0.7933160285528877 0.38394276629570745 0.02855288773523686 0.11287758346581876
1 0.8621025308241401 0.014308426073131956 0.026606099935107073 0.028616852146263912
1 0.7443218689162882 0.383147853736089 0.025957170668397145 0.09538950715421304
1 0.9341336794289422 0.4149443561208267 0.030499675535366644 0.10492845786963434
1 0.9707981829980532 0.37758346581875996 0.024010382868267358 0.0985691573926868
1 0.9961064243997404 0.37360890302066774 0.007787151200519144 0.10810810810810811
95 0.9597663854639844 0.031001589825119236 0.031148604802076575 0.03179650238473768
86 0.7216093445814407 0.38076311605723373 0.003893575600259572 0.05564387917329094
86 0.9425697598961713 0.36645468998410174 0.016872160934458143 0.05246422893481717
30 0.9665801427644387 0.44753577106518283 0.0227125243348475 0.034976152623211444
30 0.90914990266061 0.01589825119236884 0.018170019467878003 0.03179650238473768
39 0.764438676184296 0.3815580286168522 0.01946787800129786 0.05405405405405406
42 0.3491239454899416 0.8195548489666137 0.0317975340687865 0.06995230524642289
46 0.2556781310837119 0.972972972972973 0.04282933160285529 0.05405405405405406
46 0.5541855937702791 0.9793322734499205 0.04282933160285529 0.04133545310015898
93 0.390655418559377 0.9618441971383148 0.050616482803374434 0.07631160572337042
93 0.4974042829331603 0.6287758346581876 0.053212199870214145 0.11446740858505565
42 0.3783257624918884 0.6494435612082671 0.05386112913692408 0.13672496025437203
93 0.31505515898767034 0.9324324324324325 0.04153147306943543 0.10492845786963434
86 0.3926022063595068 0.7694753577106518 0.031148604802076575 0.07631160572337042
42 0.9626865671641791 0.6478537360890302 0.038286826735885786 0.09697933227344992
42 0.8578844905905256 0.5707472178060413 0.03763789746917586 0.06359300476947535
42 0.8526930564568462 0.8728139904610492 0.01946787800129786 0.03815580286168521
93 0.963984425697599 0.9618441971383148 0.03309539260220636 0.07631160572337042
93 0.9763140817650876 0.7861685214626392 0.03244646333549643 0.08267090620031796
47 0.7897469175859831 0.8696343402225755 0.027255029201817 0.033386327503974564
42 0.9318624269954575 0.7281399046104928 0.01881894873458793 0.04451510333863275
17 0.9013627514600908 0.9920508744038156 0.025957170668397145 0.01589825119236884
39 0.854315379623621 0.7241653418124007 0.014925373134328358 0.04292527821939587
48 0.917910447761194 0.5620031796502385 0.01752109020116807 0.046104928457869634