35 0.443701226309922 0.03402187120291616 0.032329988851727984 0.0425273390036452
35 0.3060200668896321 0.032806804374240585 0.033444816053511704 0.040097205346294046
35 0.19509476031215162 0.031591737545565005 0.03455964325529543 0.03766707168894289
35 0.1354515050167224 0.02916160388821385 0.028985507246376812 0.03766707168894289
47 0.6477146042363434 0.11239368165249089 0.042363433667781496 0.026731470230862697
48 0.592530657748049 0.15856622114216282 0.055741360089186176 0.05953827460510328
42 0.7759197324414716 0.11239368165249089 0.056856187290969896 0.06318347509113001
93 0.6282051282051282 0.23511543134872417 0.05351170568561873 0.054678007290400975
93 0.6120401337792643 0.3845686512758202 0.05351170568561873 0.04981773997569866
47 0.919732441471572 0.32563791008505466 0.04124860646599777 0.020656136087484813
17 0.7341137123745819 0.22721749696233293 0.04124860646599777 0.020656136087484813
39 0.5780379041248607 0.032806804374240585 0.030100334448160536 0.014580801944106925
42 0.6465997770345596 0.053462940461725394 0.02564102564102564 0.03645200486026731
42 0.81438127090301 0.32563791008505466 0.027870680044593088 0.031591737545565005
42 0.7954292084726867 0.05407047387606318 0.033444816053511704 0.03523693803159174
42 0.5512820512820513 0.37606318347509116 0.023411371237458192 0.03523693803159174
1 0.7190635451505016 0.17375455650060753 0.04013377926421405 0.07533414337788578
36 0.8511705685618729 0.10085054678007291 0.032329988851727984 0.04738760631834751
7 0.2714604236343367 0.4149453219927096 0.06131549609810479 0.010935601458080195
7 0.2725752508361204 0.7764277035236938 0.06243032329988852 0.040097205346294046
93 0.14938684503901895 0.48116646415552855 0.056856187290969896 0.061968408262454436
42 0.23968784838350055 0.8705953827460511 0.059085841694537344 0.06561360874848117
22 0.26477146042363436 0.4647630619684083 0.026755852842809364 0.03402187120291616
22 0.26421404682274247 0.7114216281895505 0.027870680044593088 0.02916160388821385
22 0.21460423634336678 0.7818955042527339 0.03121516164994426 0.02916160388821385
42 0.26477146042363436 0.5236938031591738 0.03121516164994426 0.032806804374240585
42 0.2653288740245262 0.6555285540704738 0.032329988851727984 0.038882138517618466
42 0.11204013377926421 0.7800729040097205 0.033444816053511704 0.027946537059538274
1 0.16722408026755853 0.8462940461725394 0.043478260869565216 0.07290400972053462
49 0.8985507246376812 0.8481166464155528 0.10256410256410256 0.11907654921020656
42 0.7670011148272018 0.7715674362089915 0.08695652173913043 0.09234507897934387
42 0.7887402452619844 0.9629404617253949 0.08361204013377926 0.07411907654921021
25 0.5819397993311036 0.43863912515188336 0.08472686733556299 0.0583232077764277
25 0.9760312151616499 0.9611178614823815 0.04793756967670011 0.07776427703523693
3 0.6800445930880713 0.8475091130012151 0.055741360089186176 0.0850546780072904
48 0.7201783723522854 0.9027946537059538 0.042363433667781496 0.046172539489671933
96 0.7441471571906354 0.8481166464155528 0.03567447045707915 0.041312272174969626