46 0.3965076660988075 0.07701711491442542 0.029812606473594547 0.02689486552567237
46 0.33432708688245316 0.1039119804400978 0.02129471890971039 0.04156479217603912
25 0.24616695059625213 0.08251833740831296 0.054514480408858604 0.07701711491442542
42 0.33943781942078366 0.20843520782396088 0.04514480408858603 0.05990220048899755
42 0.40545144804088584 0.4834963325183374 0.017035775127768313 0.011002444987775062
95 0.38160136286201024 0.0647921760391198 0.017035775127768313 0.05867970660146699
42 0.2448892674616695 0.2701711491442543 0.051959114139693355 0.08068459657701711
30 0.34071550255536626 0.38386308068459657 0.030664395229982964 0.022004889975550123
30 0.31899488926746167 0.406479217603912 0.028109028960817718 0.02444987775061125
30 0.03321976149914821 0.4070904645476773 0.03236797274275979 0.02078239608801956
42 0.6294718909710392 0.2781173594132029 0.034071550255536626 0.061124694376528114
46 0.8658432708688245 0.38753056234718825 0.04258943781942078 0.05012224938875306
46 0.926320272572402 0.4682151589242054 0.029812606473594547 0.04156479217603912
42 0.16056218057921637 0.5152811735941321 0.02385008517887564 0.03178484107579462
29 0.24872231686541738 0.5513447432762836 0.048551959114139696 0.04156479217603912
22 0.23168654173764908 0.5042787286063569 0.022146507666098807 0.030562347188264057
22 0.23126064735945487 0.5965770171149144 0.017035775127768313 0.030562347188264057
46 0.23126064735945487 0.6558679706601467 0.017035775127768313 0.040342298288508556
1 0.2018739352640545 0.6118581907090465 0.048551959114139696 0.044009779951100246
47 0.32240204429301533 0.5061124694376528 0.02129471890971039 0.034229828850855744
42 0.27938671209540034 0.6033007334963325 0.0434412265758092 0.06968215158924206
56 0.3956558773424191 0.5886308068459658 0.022146507666098807 0.04156479217603912
42 0.37649063032367974 0.5519559902200489 0.04514480408858603 0.06601466992665037
95 0.33049403747870526 0.882640586797066 0.015332197614991482 0.05867970660146699
46 0.3151618398637138 0.902200488997555 0.03151618398637138 0.02444987775061125
46 0.3679727427597956 0.9333740831295844 0.017035775127768313 0.035452322738386305
46 0.36754684838160134 0.9639364303178484 0.016183986371379896 0.02444987775061125