25 0.1014908256880734 0.05745721271393643 0.07224770642201835 0.07823960880195599
42 0.2775229357798165 0.059290953545232276 0.07568807339449542 0.0745721271393643
46 0.669151376146789 0.09168704156479218 0.047018348623853214 0.061124694376528114
46 0.7580275229357798 0.012836185819070905 0.06422018348623854 0.02567237163814181
46 0.8755733944954128 0.012224938875305624 0.06536697247706422 0.02444987775061125
46 0.9615825688073395 0.09229828850855745 0.047018348623853214 0.06601466992665037
94 0.8411697247706422 0.17420537897310515 0.08830275229357798 0.03300733496332518
22 0.8165137614678899 0.11124694376528117 0.03555045871559633 0.0488997555012225
94 0.9099770642201835 0.2176039119804401 0.09059633027522936 0.023227383863080684
102 0.9185779816513762 0.26344743276283616 0.06651376146788991 0.06845965770171149
46 0.8176605504587156 0.20660146699266504 0.051605504587155966 0.061124694376528114
25 0.18635321100917432 0.5061124694376528 0.07454128440366972 0.07212713936430318
25 0.205848623853211 0.8691931540342298 0.07224770642201835 0.07334963325183375
25 0.38474770642201833 0.9682151589242054 0.06995412844036697 0.06356968215158924
49 0.205848623853211 0.6644254278728606 0.07339449541284404 0.07090464547677261
22 0.27809633027522934 0.5220048899755502 0.028669724770642203 0.03178484107579462
95 0.0028669724770642203 0.8013447432762836 0.005733944954128441 0.05990220048899755
42 0.338302752293578 0.5922982885085575 0.07568807339449542 0.07212713936430318
42 0.41857798165137616 0.597799511002445 0.06192660550458716 0.07823960880195599
42 0.10722477064220183 0.66320293398533 0.0860091743119266 0.0745721271393643
42 0.27408256880733944 0.969437652811736 0.07568807339449542 0.061124694376528114
94 0.0034403669724770644 0.8001222493887531 0.006880733944954129 0.0647921760391198
39 0.047591743119266054 0.7903422982885085 0.017201834862385322 0.040342298288508556
39 0.42660550458715596 0.5024449877750611 0.020642201834862386 0.022004889975550123
42 0.47190366972477066 0.6815403422982885 0.04472477064220184 0.06234718826405868
42 0.7264908256880734 0.6833740831295844 0.06422018348623854 0.061124694376528114
42 0.8784403669724771 0.6570904645476773 0.027522935779816515 0.030562347188264057
42 0.7901376146788991 0.7952322738386308 0.027522935779816515 0.030562347188264057
42 0.525802752293578 0.7946210268948656 0.02522935779816514 0.034229828850855744
1 0.7362385321100917 0.7493887530562348 0.07568807339449542 0.05134474327628362
1 0.4822247706422018 0.7481662591687042 0.06536697247706422 0.04645476772616137
7 0.5349770642201835 0.6479217603911981 0.03784403669724771 0.07334963325183375
7 0.794151376146789 0.6466992665036675 0.03669724770642202 0.06845965770171149
42 0.614105504587156 0.6546454767726161 0.03096330275229358 0.034229828850855744
22 0.7918577981651376 0.7004889975550123 0.022935779816513763 0.02689486552567237
22 0.8337155963302753 0.6552567237163814 0.02981651376146789 0.02689486552567237
22 0.9202981651376146 0.656479217603912 0.03096330275229358 0.022004889975550123
22 0.529243119266055 0.7017114914425427 0.02408256880733945 0.029339853300733496
22 0.6588302752293578 0.6546454767726161 0.02981651376146789 0.02689486552567237
22 0.5722477064220184 0.6552567237163814 0.02522935779816514 0.028117359413202935
38 0.4908256880733945 0.9419315403422983 0.0194954128440367 0.028117359413202935