46 0.09644970414201183 0.06662087912087912 0.020118343195266272 0.034340659340659344
25 0.08609467455621302 0.2087912087912088 0.03727810650887574 0.08791208791208792
42 0.1470414201183432 0.05837912087912088 0.028994082840236687 0.07280219780219781
95 0.3624260355029586 0.5260989010989011 0.010059171597633136 0.027472527472527472
42 0.17692307692307693 0.21085164835164835 0.03905325443786982 0.08379120879120878
30 0.2319526627218935 0.05631868131868132 0.010650887573964497 0.04945054945054945
30 0.24289940828402368 0.09134615384615384 0.011834319526627219 0.04532967032967033
30 0.24289940828402368 0.532967032967033 0.010059171597633136 0.013736263736263736
42 0.41183431952662725 0.3983516483516483 0.015384615384615385 0.07967032967032966
42 0.47366863905325446 0.3083791208791209 0.033136094674556214 0.04945054945054945
46 0.44881656804733727 0.3385989010989011 0.028698224852071005 0.02403846153846154
46 0.450887573964497 0.2733516483516483 0.0242603550295858 0.027472527472527472
49 0.04319526627218935 0.7637362637362637 0.0863905325443787 0.2032967032967033