46 0.2051004016064257 0.21617405582922825 0.030013386880856783 0.057963875205254534
46 0.2344846050870147 0.33576354679802956 0.045943775100401596 0.040985221674876816
25 0.21076305220883534 0.5054351395730706 0.08417670682730923 0.10444991789819379
42 0.34899598393574294 0.3258620689655172 0.06614457831325297 0.08684729064039406
42 0.6551271753681392 0.19908045977011493 0.022436412315930375 0.03362889983579637
42 0.717322623828648 0.14206896551724138 0.04044176706827314 0.04057471264367817
95 0.8360508701472557 0.9077832512315271 0.02282463186077638 0.07829228243021356
17 0.7103480589022758 0.19011494252873565 0.05792503346720212 0.028817733990147802
95 0.19171352074966533 0.24472906403940886 0.06480589022757699 0.0329885057471264
42 0.41621151271753687 0.5082922824302135 0.08761713520749671 0.1000164203612479
30 0.54095046854083 0.3231855500821018 0.023119143239625144 0.058210180623973706
30 0.5659036144578313 0.36573070607553365 0.02677376171352075 0.05374384236453205
30 0.5665060240963855 0.916551724137931 0.023119143239625144 0.06269293924466349
42 0.9644578313253013 0.732200328407225 0.06937081659973218 0.09403940886699505