46 0.0830188679245283 0.6036842105263158 0.014622641509433962 0.02526315789473684
46 0.11320754716981132 0.578421052631579 0.010377358490566037 0.03894736842105263
25 0.1561320754716981 0.598421052631579 0.026415094339622643 0.07263157894736842
42 0.11084905660377359 0.48 0.022169811320754716 0.05631578947368421
42 0.07877358490566037 0.2168421052631579 0.008490566037735849 0.019473684210526317
42 0.06462264150943396 0.1631578947368421 0.010377358490566037 0.034736842105263156
95 0.25754716981132075 0.06157894736842105 0.01981132075471698 0.019473684210526317
17 0.07641509433962264 0.1694736842105263 0.007547169811320755 0.049473684210526316
95 0.0900943396226415 0.6147368421052631 0.008490566037735849 0.05526315789473684
42 0.15660377358490565 0.42157894736842105 0.02547169811320755 0.07578947368421053
30 0.11037735849056604 0.31473684210526315 0.01509433962264151 0.020526315789473684
30 0.12075471698113208 0.29368421052631577 0.013679245283018868 0.023157894736842106
30 0.2599056603773585 0.2931578947368421 0.015566037735849057 0.019473684210526317
42 0.4089622641509434 0.25 0.04858490566037736 0.03684210526315789
49 0.41037735849056606 0.5410526315789473 0.05707547169811321 0.04
46 0.6759433962264151 0.16578947368421051 0.02547169811320755 0.02368421052631579
42 0.6811320754716981 0.3542105263157895 0.018867924528301886 0.02894736842105263
46 0.5844339622641509 0.3331578947368421 0.017452830188679245 0.018947368421052633
42 0.18254716981132074 0.8552631578947368 0.057547169811320756 0.06736842105263158
42 0.2830188679245283 0.8084210526315789 0.048113207547169815 0.06842105263157895
47 0.2438679245283019 0.8921052631578947 0.026415094339622643 0.0431578947368421
46 0.24245283018867925 0.9736842105263158 0.027358490566037737 0.042105263157894736
38 0.30141509433962266 0.8542105263157894 0.016037735849056604 0.03684210526315789
35 0.6627358490566038 0.8805263157894737 0.027358490566037737 0.0431578947368421
35 0.8174528301886792 0.9126315789473685 0.027358490566037737 0.04
1 0.8811320754716981 0.8078947368421052 0.06037735849056604 0.04631578947368421
42 0.7023584905660377 0.7078947368421052 0.06509433962264151 0.015789473684210527
25 0.7014150943396227 0.7952631578947369 0.059433962264150944 0.06842105263157895
93 0.7773584905660378 0.7931578947368421 0.045283018867924525 0.05157894736842105
42 0.8174528301886792 0.8410526315789474 0.02830188679245283 0.029473684210526315
42 0.815566037735849 0.761578947368421 0.029245283018867925 0.03263157894736842
39 0.6433962264150943 0.8010526315789473 0.009433962264150943 0.02736842105263158
17 0.9245283018867925 0.7931578947368421 0.022641509433962263 0.049473684210526316