46 0.3143365983971505 0.05775444264943457 0.020035618878005344 0.01494345718901454
46 0.2722617987533393 0.07310177705977383 0.014470169189670526 0.023424878836833602
25 0.21282279608192342 0.06098546042003231 0.03673196794300979 0.04321486268174475
42 0.27582368655387357 0.13166397415185785 0.0304986642920748 0.033925686591276254
42 0.3203472840605521 0.2895799676898223 0.01157613535173642 0.011712439418416801
42 0.340160284951024 0.32148626817447495 0.014470169189670526 0.02059773828756058
95 0.07190560997328584 0.3824717285945073 0.027604630454140695 0.011712439418416801
17 0.3232413178984862 0.3178513731825525 0.010463045414069456 0.02948303715670436
95 0.30431878895814785 0.05088852988691438 0.01157613535173642 0.033117932148626815
42 0.21193232413178986 0.16639741518578352 0.035173642030276044 0.045234248788368334
30 0.2767141585040071 0.23061389337641358 0.02070347284060552 0.012520193861066236
30 0.2620213713268032 0.24353796445880452 0.01892252894033838 0.013731825525040387
30 0.06901157613535173 0.24353796445880452 0.021816562778272486 0.011712439418416801