46 0.5338058887677208 0.06763698630136987 0.03407851690294438 0.0175513698630137
46 0.4623773173391494 0.08518835616438356 0.024536532170119956 0.0273972602739726
25 0.3612322791712105 0.07106164383561644 0.06243184296619411 0.05051369863013699
42 0.46837513631406763 0.1541095890410959 0.05179934569247546 0.039383561643835614
42 0.5438931297709924 0.3381849315068493 0.019629225736095966 0.0136986301369863
42 0.5776990185387132 0.3754280821917808 0.024536532170119956 0.023972602739726026
95 0.12213740458015267 0.4469178082191781 0.04689203925845147 0.0136986301369863
17 0.5488004362050164 0.3711472602739726 0.017448200654307525 0.034674657534246575
95 0.5166303162486369 0.05950342465753425 0.019629225736095966 0.038527397260273974
42 0.35986913849509267 0.19477739726027396 0.05970556161395856 0.053082191780821915
30 0.4697382769901854 0.269263698630137 0.0351690294438386 0.014554794520547944
30 0.44492911668484186 0.2842465753424658 0.0321701199563795 0.016267123287671232
30 0.11723009814612868 0.2846746575342466 0.03707742639040349 0.0136986301369863
30 0.9285714285714286 0.3660102739726027 0.05888767720828789 0.032534246575342464
71 0.8366957470010905 0.3647260273972603 0.08287895310796074 0.1892123287671233
97 0.7486368593238822 0.3660102739726027 0.03816793893129771 0.07106164383561644
93 0.4198473282442748 0.5 0.028353326063249727 0.02054794520547945
86 0.3781352235550709 0.5 0.012540894220283533 0.02054794520547945
86 0.4375681570338059 0.4965753424657534 0.014721919302071973 0.0136986301369863
86 0.4623773173391494 0.4961472602739726 0.016357688113413305 0.012842465753424657