46 0.17990654205607476 0.4648318042813456 0.03154205607476635 0.019367991845056064
46 0.24532710280373832 0.4454638124362895 0.022585669781931463 0.030071355759429153
25 0.338006230529595 0.46075433231396534 0.05724299065420561 0.05555555555555555
42 0.2398753894080997 0.36952089704383284 0.04750778816199377 0.04332313965341488
42 0.17017133956386293 0.16666666666666666 0.01791277258566978 0.01529051987767584
42 0.1394080996884735 0.12589194699286443 0.022585669781931463 0.026503567787971458
95 0.557632398753894 0.047400611620795105 0.04322429906542056 0.01529051987767584
17 0.1658878504672897 0.1304791029561672 0.015965732087227413 0.0382262996941896
95 0.1954828660436137 0.47349643221202853 0.01791277258566978 0.042303771661569824
42 0.3395638629283489 0.3251783893985729 0.05451713395638629 0.058613659531090725
30 0.2383177570093458 0.24260958205912334 0.0323208722741433 0.01580020387359837
30 0.2612928348909657 0.22629969418960244 0.029595015576323987 0.01783893985728848
30 0.5623052959501558 0.22579001019367992 0.03387850467289719 0.01529051987767584
93 0.8200934579439252 0.5254841997961264 0.0514018691588785 0.027522935779816515
93 0.6966510903426791 0.390927624872579 0.050623052959501556 0.06931702344546381
42 0.6880841121495327 0.12793068297655455 0.03660436137071651 0.07849133537206932
42 0.7760903426791277 0.18501529051987767 0.02570093457943925 0.03669724770642202
93 0.8204828660436138 0.27217125382262997 0.05451713395638629 0.06829765545361875
42 0.8648753894080997 0.454638124362895 0.024922118380062305 0.03567787971457696
22 0.7044392523364486 0.18450560652395515 0.019470404984423675 0.029561671763506627