46 0.29973118279569894 0.077140549273021 0.019086021505376343 0.020193861066235864
46 0.25967741935483873 0.09733441033925687 0.013709677419354839 0.031098546042003232
25 0.20295698924731181 0.08117932148626818 0.03521505376344086 0.05775444264943457
42 0.2629032258064516 0.17609046849757673 0.02903225806451613 0.045234248788368334
42 0.3053763440860215 0.38651050080775445 0.011021505376344085 0.015751211631663976
42 0.32446236559139785 0.42932148626817446 0.013709677419354839 0.027463651050080775
95 0.06854838709677419 0.5105008077544426 0.026344086021505377 0.015751211631663976
17 0.30833333333333335 0.42407108239095315 0.009946236559139785 0.0395799676898223
95 0.2900537634408602 0.06785137318255251 0.011021505376344085 0.04402261712439418
42 0.2021505376344086 0.22253634894991922 0.03333333333333333 0.06058158319870759
30 0.26370967741935486 0.3077544426494346 0.019623655913978494 0.016558966074313407
30 0.24973118279569892 0.32512116316639744 0.01801075268817204 0.018578352180936994
30 0.06586021505376344 0.3255250403877221 0.020967741935483872 0.015751211631663976
46 0.8182795698924731 0.05775444264943457 0.016129032258064516 0.046849757673667204
46 0.7862903225806451 0.4507269789983845 0.01827956989247312 0.0444264943457189
46 0.8483870967741935 0.3647011308562197 0.025806451612903226 0.030694668820678513
46 0.7801075268817205 0.12116316639741519 0.02795698924731183 0.03150242326332795
22 0.7709677419354839 0.018578352180936994 0.01827956989247312 0.03231017770597738
94 0.7443548387096774 0.033117932148626815 0.016129032258064516 0.05654281098546042
42 0.6026881720430107 0.09894991922455573 0.043010752688172046 0.061389337641357025
46 0.9075268817204301 0.39781906300484654 0.011827956989247311 0.03150242326332795
22 0.785752688172043 0.3994345718901454 0.016666666666666666 0.02827140549273021
25 0.6403225806451613 0.18174474959612277 0.04838709677419355 0.06785137318255251
42 0.564247311827957 0.18134087237479807 0.0456989247311828 0.06623586429725363
42 0.5096774193548387 0.18174474959612277 0.04838709677419355 0.07350565428109855
39 0.5096774193548387 0.13206785137318255 0.017204301075268817 0.017770597738287562
39 0.5088709677419355 0.22980613893376414 0.016666666666666666 0.014539579967689823
94 0.7241935483870968 0.08037156704361874 0.008064516129032258 0.05250403877221325
46 0.7346774193548387 0.08723747980613894 0.020967741935483872 0.020193861066235864
102 0.7056451612903226 0.0888529886914378 0.031720430107526884 0.049273021001615507
46 0.4860215053763441 0.4745557350565428 0.020967741935483872 0.024232633279483037
46 0.7293010752688172 0.018578352180936994 0.024731182795698924 0.033925686591276254
39 0.2908602150537634 0.619951534733441 0.013440860215053764 0.011308562197092083
39 0.2911290322580645 0.7366720516962844 0.013440860215053764 0.01050080775444265
39 0.2916666666666667 0.8364297253634895 0.015591397849462365 0.009693053311793215
39 0.29193548387096774 0.975767366720517 0.014516129032258065 0.01050080775444265
93 0.3620967741935484 0.9769789983844911 0.037096774193548385 0.04604200323101777
49 0.6623655913978495 0.6348949919224556 0.054838709677419356 0.0791599353796446
42 0.4435483870967742 0.6147011308562197 0.04516129032258064 0.06462035541195477
42 0.48978494623655916 0.802907915993538 0.021505376344086023 0.03715670436187399
42 0.5612903225806452 0.7504038772213247 0.026881720430107527 0.035541195476575124
42 0.5365591397849462 0.7544426494345718 0.02258064516129032 0.03715670436187399
42 0.5956989247311828 0.6833602584814217 0.04408602150537634 0.06946688206785137
74 0.5075268817204301 0.5735056542810986 0.05591397849462366 0.027463651050080775
1 0.45645161290322583 0.7645395799676898 0.034408602150537634 0.033117932148626815
3 0.5486559139784947 0.6361066235864298 0.020967741935483872 0.04765751211631664
48 0.5685483870967742 0.6001615508885298 0.01935483870967742 0.033117932148626815
96 0.5806451612903226 0.635702746365105 0.017741935483870968 0.023424878836833602