42 0.05728587319243604 0.02211126961483595 0.054505005561735265 0.0442225392296719
42 0.11345939933259176 0.16476462196861627 0.07341490545050056 0.08701854493580599
30 0.21690767519466073 0.014978601997146932 0.020022246941045607 0.029957203994293864
30 0.2374860956618465 0.04065620542082739 0.02224694104560623 0.047075606276747506
42 0.7146829810901001 0.028530670470756064 0.06562847608453838 0.05706134094151213
42 0.7808676307007787 0.029957203994293864 0.05784204671857619 0.05991440798858773
46 0.9221357063403782 0.22182596291012838 0.04671857619577308 0.04850213980028531
46 0.9221357063403782 0.37874465049928674 0.04671857619577308 0.037089871611982884
47 0.9916573971078977 0.22467902995720399 0.01668520578420467 0.03281027104136947
42 0.9771968854282537 0.427246790299572 0.027808676307007785 0.024251069900142655
1 0.9671857619577308 0.2838801711840228 0.04671857619577308 0.10413694721825963
25 0.05005561735261402 0.550641940085592 0.06340378197997776 0.07988587731811697
42 0.036151279199110126 0.7703281027104137 0.058954393770856504 0.07132667617689016
42 0.1557285873192436 0.7724679029957204 0.06451612903225806 0.07845934379457917
42 0.15795328142380421 0.7018544935805991 0.060066740823136816 0.06847360912981455
42 0.22080088987764182 0.644793152639087 0.02335928809788654 0.034236804564907276
42 0.21968854282536152 0.717546362339515 0.02335928809788654 0.03138373751783167
42 0.1446051167964405 0.550641940085592 0.05561735261401557 0.07560627674750357
3 0.08008898776418243 0.7018544935805991 0.03114571746384872 0.05991440798858773
96 0.039488320355951054 0.6990014265335235 0.04560622914349277 0.03138373751783167
22 0.22024471635150167 0.8409415121255349 0.02224694104560623 0.03851640513552068
39 0.3164627363737486 0.4914407988587732 0.026696329254727477 0.024251069900142655
1 0.3604004449388209 0.8402282453637661 0.07452725250278086 0.04850213980028531
48 0.05506117908787542 0.6619115549215406 0.025583982202447165 0.04850213980028531
7 0.5344827586206896 0.9079885877318117 0.030033370411568408 0.07845934379457917
7 0.874860956618465 0.9072753209700428 0.03670745272525028 0.07988587731811697
42 0.9610678531701891 0.949358059914408 0.060066740823136816 0.07560627674750357
22 0.5895439377085651 0.9172610556348074 0.03114571746384872 0.034236804564907276
22 0.8153503893214683 0.9179743223965763 0.026696329254727477 0.03566333808844508
22 0.5300333704115684 0.9835948644793152 0.021134593993325918 0.03281027104136947
22 0.8798665183537263 0.9807417974322397 0.026696329254727477 0.03851640513552068
42 0.6434927697441601 0.9172610556348074 0.030033370411568408 0.039942938659058486
42 0.764182424916574 0.9165477888730386 0.035595105672969966 0.04136947218259629
35 0.8743047830923248 0.4593437945791726 0.05116796440489433 0.039942938659058486