25 0.17302299495232754 0.1909246575342466 0.03645541222658441 0.05051369863013699
25 0.18255748738081884 0.4452054794520548 0.035333707234997194 0.05136986301369863
25 0.39231632080762757 0.2525684931506849 0.03252944475602917 0.04965753424657534
25 0.2700504767246214 0.5111301369863014 0.034212002243409985 0.03767123287671233
49 0.18255748738081884 0.3017979452054795 0.0358945597307908 0.04965753424657534
22 0.21789119461581605 0.20205479452054795 0.014021312394840156 0.02226027397260274
95 0.07851934941110487 0.3976883561643836 0.012338754907459339 0.04195205479452055
17 0.0269209197980931 0.020976027397260275 0.02860347728547392 0.017123287671232876
42 0.00448681996634885 0.023972602739726026 0.0089736399326977 0.023972602739726026
42 0.24733595064498037 0.2512842465753425 0.03701626472237801 0.05051369863013699
42 0.2893998878295008 0.2551369863013699 0.0358945597307908 0.0547945205479452
42 0.1343241727425687 0.3009417808219178 0.04206393718452047 0.052226027397260275
42 0.33482893998878294 0.2577054794520548 0.03701626472237801 0.0547945205479452
42 0.21592821088053843 0.511986301369863 0.03701626472237801 0.03595890410958904
94 0.07908020190689849 0.3968321917808219 0.012338754907459339 0.045376712328767124
39 0.10515984296130118 0.3899828767123288 0.008412787436904094 0.028253424657534245
42 0.029164329781267526 0.003424657534246575 0.020190689848569827 0.00684931506849315
39 0.045429052159282106 0.0029965753424657533 0.0089736399326977 0.0059931506849315065
39 0.2905215928210881 0.18835616438356165 0.010095344924284913 0.015410958904109588
42 0.46578799775659 0.3356164383561644 0.011777902411665733 0.05650684931506849
25 0.17947279865395402 0.598458904109589 0.10095344924284913 0.136986301369863