25 0.5005733944954128 0.23192360163710776 0.0676605504587156 0.08867667121418826
25 0.15997706422018348 0.2551159618008186 0.06880733944954129 0.08594815825375171
25 0.06192660550458716 0.4529331514324693 0.06880733944954129 0.05184174624829468
49 0.35206422018348627 0.2551159618008186 0.06651376146788991 0.08731241473396999
22 0.4856651376146789 0.34106412005457026 0.02981651376146789 0.034106412005457026
95 0.22305045871559634 0.008185538881309686 0.05619266055045872 0.01637107776261937
42 0.4197247706422018 0.41268758526603 0.0676605504587156 0.09004092769440655
42 0.3532110091743119 0.1377899045020464 0.06995412844036697 0.10231923601637108
42 0.06077981651376147 0.33628922237380626 0.0676605504587156 0.09004092769440655
94 0.22419724770642202 0.008867667121418827 0.06077981651376147 0.017735334242837655
39 0.23394495412844038 0.06684856753069578 0.03784403669724771 0.020463847203274217
25 0.8360091743119266 0.03274215552523874 0.07339449541284404 0.06548431105047749
42 0.6897935779816514 0.029331514324693043 0.07224770642201835 0.058663028649386086
42 0.7895642201834863 0.15688949522510232 0.052752293577981654 0.08049113233287858
42 0.7545871559633027 0.35743519781718963 0.03096330275229358 0.04229195088676671
42 0.7551605504587156 0.4740791268758527 0.03784403669724771 0.009549795361527967
1 0.6674311926605505 0.2783083219645293 0.04357798165137615 0.08594815825375171
42 0.6594036697247706 0.1664392905866303 0.0389908256880734 0.08458390177353342
93 0.6594036697247706 0.37448840381991816 0.0389908256880734 0.06957708049113233
22 0.7545871559633027 0.29195088676671216 0.02981651376146789 0.027285129604365622
7 0.7643348623853211 0.23124147339699863 0.051605504587155966 0.05184174624829468
46 0.8354357798165137 0.13915416098226466 0.03669724770642202 0.03137789904502047
42 0.6450688073394495 0.2257844474761255 0.010321100917431193 0.03137789904502047
22 0.7001146788990825 0.22646657571623466 0.02981651376146789 0.02592087312414734
46 0.9833715596330275 0.015688949522510234 0.0194954128440367 0.03137789904502047
95 0.9971330275229358 0.17598908594815826 0.005733944954128441 0.06548431105047749
25 0.5447247706422018 0.7503410641200545 0.06536697247706422 0.08321964529331514
25 0.3021788990825688 0.8219645293315143 0.06880733944954129 0.07366984993178717
42 0.544151376146789 0.8963165075034106 0.058486238532110095 0.06957708049113233
42 0.30045871559633025 0.9392905866302865 0.058486238532110095 0.06684856753069578
42 0.17660550458715596 0.9570259208731241 0.058486238532110095 0.07639836289222374
42 0.11869266055045871 0.9556616643929059 0.05504587155963303 0.07094133697135062
69 0.17947247706422018 0.592087312414734 0.05733944954128441 0.07094133697135062
49 0.1771788990825688 0.713506139154161 0.07110091743119266 0.08458390177353342
42 0.12327981651376146 0.8069577080491133 0.06192660550458716 0.07094133697135062
49 0.4099770642201835 0.9822646657571623 0.0676605504587156 0.03547066848567531
3 0.17545871559633028 0.8601637107776262 0.05045871559633028 0.04365620736698499
42 0.6135321100917431 0.9795361527967258 0.028669724770642203 0.03547066848567531
35 0.614105504587156 0.8410641200545702 0.033256880733944956 0.054570259208731244
35 0.36410550458715596 0.8792633015006821 0.028669724770642203 0.03819918144611187
96 0.1783256880733945 0.8117326057298773 0.02408256880733945 0.04911323328785812
48 0.2098623853211009 0.8274215552523875 0.033256880733944956 0.03274215552523874
42 0.7505733944954128 0.9795361527967258 0.06307339449541284 0.040927694406548434
42 0.650802752293578 0.8894952251023193 0.021788990825688075 0.07639836289222374
42 0.7184633027522935 0.5327421555252387 0.06536697247706422 0.08049113233287858
42 0.783256880733945 0.5989085948158254 0.03669724770642202 0.03819918144611187
42 0.8170871559633027 0.9249658935879945 0.040137614678899085 0.040927694406548434
48 0.8061926605504587 0.4863574351978172 0.02981651376146789 0.015006821282401092
56 0.658256880733945 0.9297407912687585 0.027522935779816515 0.04365620736698499