25 0.2942157953281424 0.4008559201141227 0.06674082313681869 0.0898716119828816
25 0.38876529477196886 0.17760342368045648 0.06674082313681869 0.08701854493580599
49 0.10789766407119021 0.4008559201141227 0.06451612903225806 0.0912981455064194
42 0.042269187986651836 0.23609129814550642 0.06562847608453838 0.09415121255349501
42 0.047274749721913235 0.1291012838801712 0.07119021134593993 0.0912981455064194
42 0.10622914349276974 0.4893009985734665 0.067853170189099 0.039942938659058486
42 0.05005561735261402 0.029957203994293864 0.07119021134593993 0.05991440798858773
42 0.39043381535038935 0.3159771754636234 0.06562847608453838 0.09415121255349501
1 0.8398220244716351 0.19258202567760344 0.04449388209121246 0.09557774607703282
1 0.6546162402669633 0.3209700427960057 0.048943270300333706 0.0884450784593438
1 0.5806451612903226 0.33666191155492153 0.04449388209121246 0.09272467902995721
38 0.6117908787541713 0.20185449358059915 0.03337041156840934 0.039942938659058486
39 0.5984427141268076 0.4921540656205421 0.026696329254727477 0.02710413694721826
39 0.6268075639599555 0.463623395149786 0.01557285873192436 0.042796005706134094
22 0.5517241379310345 0.25320970042796004 0.024471635150166853 0.03851640513552068
46 0.6145717463848721 0.2524964336661912 0.05228031145717464 0.037089871611982884
42 0.6674082313681868 0.1840228245363766 0.05672969966629588 0.08559201141226819
22 0.6946607341490545 0.2524964336661912 0.034482758620689655 0.03281027104136947
42 0.7780867630700778 0.25463623395149787 0.042269187986651836 0.03566333808844508
1 0.9721913236929922 0.33666191155492153 0.05116796440489433 0.09700427960057062
42 0.9627363737486095 0.4514978601997147 0.07452725250278086 0.10413694721825963
42 0.8320355951056729 0.05206847360912981 0.08008898776418243 0.10413694721825963
46 0.11512791991101223 0.6390870185449358 0.03670745272525028 0.05991440798858773
46 0.2374860956618465 0.6390870185449358 0.028921023359288096 0.05991440798858773
47 0.11735261401557286 0.5349500713266762 0.025583982202447165 0.05135520684736091
42 0.28587319243604004 0.5677603423680456 0.04004449388209121 0.03566333808844508
42 0.3314794215795328 0.6212553495007133 0.03670745272525028 0.05420827389443652
42 0.3292547274749722 0.521398002853067 0.035595105672969966 0.024251069900142655
22 0.23526140155728587 0.5135520684736091 0.030033370411568408 0.008559201141226819
1 0.1635150166852058 0.5813124108416547 0.08120133481646273 0.05991440798858773
35 0.7869855394883204 0.9821683309557775 0.03225806451612903 0.03566333808844508
35 0.9243604004449388 0.9835948644793152 0.03337041156840934 0.03281027104136947