25 0.08073229291716687 0.3384401114206128 0.039015606242496996 0.08217270194986072
25 0.31512605042016806 0.4136490250696379 0.03481392557022809 0.03064066852367688
22 0.1287515006002401 0.3565459610027855 0.015006002400960384 0.036211699164345405
42 0.1602641056422569 0.41225626740947074 0.03961584633853541 0.033426183844011144
42 0.20528211284513806 0.4136490250696379 0.03841536614645858 0.03064066852367688
42 0.2539015606242497 0.4157381615598886 0.03961584633853541 0.026462395543175487
39 0.2064825930372149 0.3342618384401114 0.010804321728691477 0.025069637883008356
46 0.5771308523409364 0.09192200557103064 0.017106842737094837 0.027158774373259052
35 0.5435174069627852 0.07172701949860724 0.030312124849939975 0.0201949860724234
42 0.07923169267707082 0.8711699164345403 0.03361344537815126 0.05988857938718663
42 0.25840336134453784 0.6364902506963789 0.02581032412965186 0.06406685236768803
93 0.20918367346938777 0.7263231197771588 0.05162064825930372 0.10167130919220056
1 0.16686674669867949 0.7305013927576601 0.031212484993997598 0.10167130919220056
93 0.030012004801920768 0.8161559888579387 0.04441776710684274 0.10863509749303621
93 0.20018007202881152 0.5473537604456824 0.04441776710684274 0.08635097493036212
7 0.08283313325330131 0.6232590529247911 0.02581032412965186 0.11559888579387187
42 0.0234093637454982 0.5612813370473537 0.0468187274909964 0.116991643454039
22 0.08043217286914765 0.9505571030640668 0.01920768307322929 0.04317548746518106
86 0.125750300120048 0.5396935933147632 0.03481392557022809 0.055710306406685235
87 0.012304921968787515 0.7207520891364902 0.02460984393757503 0.05988857938718663
86 0.15036014405762305 0.9066852367688022 0.03181272509003601 0.06685236768802229
86 0.3172268907563025 0.5431754874651811 0.025210084033613446 0.057103064066852366
86 0.2854141656662665 0.7110027855153204 0.02581032412965186 0.06824512534818941
25 0.4549819927971189 0.4979108635097493 0.04921968787515006 0.11420612813370473
25 0.4534813925570228 0.6873259052924791 0.05102040816326531 0.12116991643454039
25 0.45018007202881155 0.8844011142061281 0.05162064825930372 0.12674094707520892