25 0.037863070539419084 0.24798387096774194 0.06742738589211618 0.059475806451612906
25 0.05549792531120332 0.5473790322580645 0.06535269709543569 0.06048387096774194
25 0.4434647302904564 0.32056451612903225 0.06016597510373444 0.05846774193548387
25 0.21784232365145229 0.6330645161290323 0.06327800829875518 0.06048387096774194
49 0.05549792531120332 0.3785282258064516 0.06639004149377593 0.05846774193548387
22 0.120850622406639 0.2610887096774194 0.025933609958506226 0.02620967741935484
42 0.17531120331950206 0.3190524193548387 0.06846473029045644 0.059475806451612906
42 0.25311203319502074 0.3235887096774194 0.06639004149377593 0.06451612903225806
42 0.33713692946058094 0.32661290322580644 0.06846473029045644 0.06451612903225806
42 0.11721991701244813 0.6345766129032258 0.06846473029045644 0.059475806451612906
39 0.2551867219917012 0.24495967741935484 0.01867219917012448 0.018145161290322582
35 0.18827800829875518 0.7752016129032258 0.054979253112033194 0.04334677419354839
37 0.5601659751037344 0.7721774193548387 0.01867219917012448 0.034274193548387094
46 0.6182572614107884 0.8059475806451613 0.02074688796680498 0.03931451612903226
46 0.6467842323651453 0.8533266129032258 0.03008298755186722 0.021169354838709676
30 0.9118257261410788 0.8407258064516129 0.02074688796680498 0.04435483870967742
30 0.9123443983402489 0.9354838709677419 0.023858921161825725 0.034274193548387094
42 0.966804979253112 0.764616935483871 0.029045643153526972 0.023185483870967742
95 0.6058091286307054 0.8230846774193549 0.06639004149377593 0.019153225806451613