25 0.25 0.2171945701357466 0.066815144766147 0.07126696832579185
25 0.15534521158129175 0.3942307692307692 0.066815144766147 0.06900452488687783
95 0.31124721603563477 0.009615384615384616 0.05456570155902005 0.019230769230769232
42 0.15367483296213807 0.2845022624434389 0.06570155902004454 0.0746606334841629
94 0.3123608017817372 0.010180995475113122 0.05902004454342984 0.020361990950226245
39 0.321826280623608 0.06108597285067873 0.036748329621380846 0.016968325791855202
25 0.4621380846325167 0.31278280542986425 0.060133630289532294 0.06108597285067873
25 0.46325167037861914 0.38009049773755654 0.061247216035634745 0.05995475113122172
42 0.9187082405345212 0.1583710407239819 0.03897550111358575 0.04411764705882353
42 0.888641425389755 0.2002262443438914 0.042316258351893093 0.04072398190045249
42 0.8897550111358574 0.33088235294117646 0.04120267260579064 0.04072398190045249
46 0.8023385300668151 0.06391402714932126 0.030066815144766147 0.026018099547511313
42 0.7711581291759465 0.15610859728506787 0.051224944320712694 0.06447963800904978
46 0.8491091314031181 0.33088235294117646 0.028953229398663696 0.020361990950226245
46 0.8240534521158129 0.4264705882352941 0.02338530066815145 0.03733031674208145
34 0.9020044543429844 0.2839366515837104 0.08797327394209355 0.03959276018099547
65 0.46547884187082406 0.14649321266968326 0.06570155902004454 0.07126696832579185
49 0.4621380846325167 0.4462669683257919 0.06570155902004454 0.05203619909502263
42 0.26169265033407574 0.9247737556561086 0.05790645879732739 0.06334841628959276
42 0.34743875278396436 0.6792986425339367 0.061247216035634745 0.06447963800904978
46 0.3079064587973274 0.6414027149321267 0.025612472160356347 0.0418552036199095
46 0.2878619153674833 0.667420814479638 0.03229398663697105 0.016968325791855202
46 0.28619153674832964 0.7839366515837104 0.031180400890868598 0.026018099547511313
46 0.30846325167037864 0.8076923076923077 0.022271714922048998 0.038461538461538464
22 0.3758351893095768 0.752262443438914 0.0077951002227171495 0.03167420814479638
47 0.3056792873051225 0.7251131221719457 0.028953229398663696 0.048642533936651584
38 0.34743875278396436 0.7251131221719457 0.02338530066815145 0.032805429864253395
47 0.2583518930957684 0.7268099547511312 0.021158129175946547 0.038461538461538464
35 0.11636971046770601 0.8721719457013575 0.031180400890868598 0.03506787330316742
35 0.011692650334075724 0.8699095022624435 0.02338530066815145 0.04072398190045249
42 0.9810690423162584 0.5605203619909502 0.0378619153674833 0.04638009049773756
42 0.8697104677060133 0.668552036199095 0.0378619153674833 0.03506787330316742
42 0.8173719376391982 0.5610859728506787 0.042316258351893093 0.0418552036199095
42 0.6525612472160356 0.5627828054298643 0.0378619153674833 0.03959276018099547
7 0.6865256124721604 0.6357466063348416 0.060133630289532294 0.030542986425339366
42 0.705456570155902 0.668552036199095 0.042316258351893093 0.03619909502262444
79 0.5879732739420935 0.9423076923076923 0.024498886414253896 0.03506787330316742
22 0.5863028953229399 0.9824660633484162 0.02783964365256125 0.016968325791855202
22 0.7511135857461024 0.9813348416289592 0.024498886414253896 0.016968325791855202
79 0.7527839643652561 0.9406108597285068 0.02338530066815145 0.03506787330316742
29 0.5957683741648107 0.5616515837104072 0.042316258351893093 0.033936651583710405
29 0.7616926503340757 0.5622171945701357 0.045657015590200446 0.042986425339366516
29 0.9248329621380846 0.5605203619909502 0.0467706013363029 0.03733031674208145
7 0.9944320712694877 0.6346153846153846 0.011135857461024499 0.029411764705882353
7 0.8474387527839644 0.6368778280542986 0.052338530066815145 0.03167420814479638
79 0.9159242761692651 0.9383484162895928 0.022271714922048998 0.038461538461538464