25 0.1 0.4549483013293944 0.05812807881773399 0.029542097488921712
25 0.3921182266009852 0.4431314623338257 0.059113300492610835 0.053175775480059084
25 0.47635467980295565 0.2326440177252585 0.059113300492610835 0.09010339734121123
49 0.22758620689655173 0.4431314623338257 0.05714285714285714 0.053175775480059084
22 0.11280788177339901 0.3707533234859675 0.02561576354679803 0.03692762186115214
42 0.16945812807881774 0.29320531757754803 0.05812807881773399 0.09748892171344166
42 0.17389162561576355 0.18242245199409157 0.06305418719211822 0.09453471196454949
42 0.1768472906403941 0.06277695716395865 0.06305418719211822 0.09748892171344166
42 0.47783251231527096 0.3759231905465288 0.05812807881773399 0.09748892171344166
39 0.09704433497536946 0.17946824224519942 0.017733990147783252 0.026587887740029542
42 0.8014778325123153 0.22304283604135894 0.035467980295566505 0.05760709010339734
42 0.6546798029556651 0.22378138847858198 0.035467980295566505 0.056129985228951254
42 0.7546798029556651 0.0827178729689808 0.033497536945812804 0.05465288035450517
42 0.9019704433497537 0.08197932053175776 0.0374384236453202 0.056129985228951254
42 0.6133004926108374 0.08197932053175776 0.026600985221674877 0.060561299852289516
3 0.8645320197044335 0.46454948301329396 0.03251231527093596 0.0103397341211226
42 0.9497536945812808 0.21861152141802068 0.03251231527093596 0.053175775480059084
29 0.8517241379310345 0.22304283604135894 0.04433497536945813 0.047267355982274745
29 0.9891625615763546 0.21935007385524372 0.02167487684729064 0.04579025110782865
29 0.7073891625615764 0.22082717872968982 0.04334975369458128 0.04874446085672083
7 0.7763546798029557 0.12186115214180207 0.04039408866995074 0.04283604135893648
7 0.9221674876847291 0.12259970457902511 0.04532019704433497 0.03840472673559823
7 0.6310344827586207 0.1255539143279173 0.05123152709359606 0.0413589364844904
42 0.1270935960591133 0.49926144756277696 0.033497536945812804 0.04874446085672083
42 0.2650246305418719 0.5014771048744461 0.042364532019704436 0.05465288035450517
42 0.40246305418719214 0.5029542097488922 0.030541871921182268 0.053175775480059084
42 0.030541871921182268 0.6351550960118169 0.035467980295566505 0.05760709010339734
42 0.16748768472906403 0.6358936484490398 0.035467980295566505 0.056129985228951254
42 0.3078817733990148 0.6351550960118169 0.035467980295566505 0.051698670605613
42 0.4433497536945813 0.6351550960118169 0.03940886699507389 0.051698670605613
29 0.07881773399014778 0.6351550960118169 0.042364532019704436 0.047267355982274745
29 0.21970443349753693 0.6351550960118169 0.05123152709359606 0.03840472673559823
29 0.35911330049261087 0.6322008862629247 0.04827586206896552 0.04579025110782865
29 0.4945812807881773 0.6322008862629247 0.041379310344827586 0.04431314623338257
7 0.4241379310344828 0.5391432791728212 0.03842364532019704 0.0413589364844904
7 0.14433497536945813 0.5413589364844904 0.04729064039408867 0.03988183161004431
7 0.2827586206896552 0.5413589364844904 0.05024630541871921 0.033973412112259974
7 0.011822660098522168 0.5450516986706057 0.023645320197044337 0.03249630723781388
2 0.5029556650246305 0.9025110782865583 0.024630541871921183 0.04579025110782865
2 0.3650246305418719 0.9239290989660266 0.023645320197044337 0.04431314623338257
2 0.22955665024630542 0.9460856720827179 0.027586206896551724 0.04874446085672083
2 0.08719211822660099 0.9667651403249631 0.023645320197044337 0.0413589364844904
42 0.4482758620689655 0.9881831610044313 0.0374384236453202 0.023633677991137372
42 0.30935960591133005 0.9859675036927622 0.033497536945812804 0.028064992614475627
42 0.170935960591133 0.9874446085672083 0.03251231527093596 0.025110782865583457
42 0.033497536945812804 0.9844903988183161 0.035467980295566505 0.0310192023633678
46 0.06403940886699508 0.9926144756277696 0.023645320197044337 0.014771048744460856
46 0.20394088669950738 0.9918759231905465 0.027586206896551724 0.01624815361890694
46 0.34236453201970446 0.9903988183161004 0.026600985221674877 0.019202363367799114
46 0.48226600985221674 0.9918759231905465 0.022660098522167486 0.01624815361890694
7 0.9133004926108375 0.9741506646971935 0.05517241379310345 0.051698670605613
22 0.9187192118226601 0.9025110782865583 0.029556650246305417 0.051698670605613
42 0.9216748768472907 0.8330871491875923 0.035467980295566505 0.03840472673559823
42 0.9187192118226601 0.7245199409158051 0.029556650246305417 0.053175775480059084
42 0.9507389162561576 0.4918759231905465 0.061083743842364535 0.04431314623338257
1 0.9950738916256158 0.5302806499261448 0.009852216748768473 0.06794682422451995
29 0.9172413793103448 0.5797636632200887 0.060098522167487685 0.05760709010339734
22 0.9201970443349754 0.6528803545051699 0.03645320197044335 0.04579025110782865
25 0.9886699507389163 0.8722304283604135 0.022660098522167486 0.08124076809453472
22 0.9645320197044335 0.983751846381093 0.033497536945812804 0.03249630723781388