25 0.37097477064220186 0.3631757754800591 0.07394495412844039 0.08751846381093058
25 0.3905848623853211 0.8022599704579025 0.07301605504587151 0.088522895125554
25 0.8196330275229358 0.46968980797636634 0.06697247706422028 0.08522895125553921
25 0.5698050458715597 0.9272821270310192 0.0702178899082569 0.08821270310192028
49 0.39064220183486237 0.5543870014771048 0.07314220183486235 0.0858788774002954
22 0.46292431192660555 0.38248153618906944 0.028497706422018376 0.0374741506646972
95 0.1777752293577982 0.719807976366322 0.025837155963302785 0.07327917282127033
17 0.07236238532110091 0.07032496307237814 0.05870412844036696 0.0298522895125554
42 0.023440366972477065 0.0761152141802068 0.02394495412844037 0.04143279172821271
42 0.5229357798165137 0.4675036927621861 0.07568807339449542 0.08714918759231906
42 0.6089449541284404 0.4741506646971935 0.07339449541284404 0.09453471196454949
42 0.2918577981651376 0.553175775480059 0.0860091743119266 0.09010339734121123
42 0.7018348623853211 0.47858197932053176 0.07568807339449542 0.09453471196454949
42 0.45871559633027525 0.9298375184638109 0.07568807339449542 0.08714918759231906
94 0.17889908256880735 0.7186115214180206 0.02522935779816514 0.07828655834564253
39 0.23222477064220184 0.706794682422452 0.017201834862385322 0.04874446085672083
42 0.0768348623853211 0.026587887740029542 0.04128440366972477 0.03840472673559823
39 0.11009174311926606 0.026587887740029542 0.01834862385321101 0.03545051698670606
39 0.6112385321100917 0.35893648449039883 0.020642201834862386 0.026587887740029542