25 0.14559748427672956 0.4658239700374532 0.025157232704402517 0.06694756554307116
25 0.27169811320754716 0.448501872659176 0.02547169811320755 0.0650749063670412
25 0.1761006289308176 0.06179775280898876 0.024528301886792454 0.0599250936329588
25 0.30754716981132074 0.28651685393258425 0.02547169811320755 0.06320224719101124
49 0.20062893081761007 0.448501872659176 0.024528301886792454 0.06601123595505617
22 0.15125786163522012 0.38342696629213485 0.0110062893081761 0.025749063670411985
95 0.2481132075471698 0.6399812734082397 0.020754716981132074 0.02294007490636704
42 0.17547169811320754 0.3291198501872659 0.025157232704402517 0.06835205992509363
42 0.17735849056603772 0.25140449438202245 0.027044025157232705 0.06601123595505617
42 0.20031446540880504 0.5374531835205992 0.02578616352201258 0.07771535580524344
42 0.17861635220125785 0.16807116104868913 0.027044025157232705 0.06835205992509363
42 0.3081761006289308 0.38670411985018727 0.025157232704402517 0.06835205992509363
94 0.24779874213836478 0.6390449438202247 0.02232704402515723 0.02294007490636704
39 0.24433962264150944 0.5908239700374532 0.014150943396226415 0.01544943820224719
39 0.04874213836477988 0.6956928838951311 0.010062893081761006 0.007022471910112359
39 0.14433962264150943 0.2495318352059925 0.007547169811320755 0.018726591760299626
25 0.5842767295597484 0.4147940074906367 0.06257861635220126 0.06694756554307116
46 0.38018867924528305 0.4166666666666667 0.020754716981132074 0.02247191011235955
42 0.6018867924528302 0.13904494382022473 0.05345911949685535 0.06367041198501873
46 0.4185534591194969 0.38717228464419473 0.021069182389937106 0.031835205992509365
30 0.4059748427672956 0.10627340823970037 0.04433962264150943 0.02200374531835206
30 0.5006289308176101 0.10580524344569288 0.03427672955974843 0.025280898876404494
42 0.5842767295597484 0.24391385767790263 0.06257861635220126 0.06928838951310862
95 0.38805031446540883 0.4307116104868914 0.019182389937106917 0.0702247191011236
102 0.2647798742138365 0.9166666666666666 0.03333333333333333 0.047752808988764044
93 0.03427672955974843 0.8057116104868914 0.04654088050314465 0.07771535580524344
93 0.08742138364779874 0.9152621722846442 0.04465408805031446 0.13108614232209737
39 0.1889937106918239 0.9943820224719101 0.02578616352201258 0.011235955056179775
13 0.8713836477987421 0.9723782771535581 0.03773584905660377 0.04400749063670412
39 0.7732704402515723 0.8881086142322098 0.02830188679245283 0.025280898876404494