25 0.21649791542584873 0.273190621814475 0.037224538415723644 0.03924566768603466
25 0.4038117927337701 0.2624872579001019 0.03782013103037522 0.0382262996941896
25 0.26206075044669447 0.03618756371049949 0.036628945801072066 0.035168195718654434
25 0.45741512805241213 0.16819571865443425 0.03782013103037522 0.03669724770642202
49 0.29809410363311495 0.2624872579001019 0.036628945801072066 0.03873598369011213
22 0.22483621203097082 0.22477064220183487 0.016378796902918404 0.01529051987767584
95 0.368671828469327 0.3751274209989806 0.030970815961882073 0.013251783893985729
42 0.2608695652173913 0.1926605504587156 0.037224538415723644 0.039755351681957186
42 0.26384752829064917 0.1472986748216106 0.04020250148898154 0.03873598369011213
42 0.29749851101846336 0.3149847094801223 0.0384157236450268 0.045361875637105
42 0.2656343061346039 0.0983690112130479 0.04020250148898154 0.039755351681957186
42 0.4583085169743895 0.22680937818552496 0.037224538415723644 0.039755351681957186
94 0.3680762358546754 0.3746177370030581 0.03335318642048839 0.013251783893985729
39 0.363013698630137 0.34607543323139656 0.02084574151280524 0.009174311926605505
39 0.07236450268016677 0.4077471967380224 0.015187611673615247 0.004077471967380225
39 0.21471113758189397 0.14627930682976553 0.011316259678379988 0.010703363914373088
88 0.08904109589041095 0.5983690112130479 0.0357355568790947 0.10499490316004077
102 0.1756998213222156 0.5968399592252803 0.10184633710541989 0.11213047910295616
101 0.2858844550327576 0.5948012232415902 0.10363311494937463 0.109072375127421
103 0.38564621798689697 0.5988786952089704 0.08755211435378202 0.10397553516819572
42 0.6235854675402025 0.8521916411824668 0.04586063132817153 0.07747196738022426
93 0.6676593210244193 0.7844036697247706 0.039904705181655745 0.0652395514780836
93 0.841870160810006 0.7844036697247706 0.039309112567004166 0.0652395514780836
93 0.747170935080405 0.6304791029561672 0.03871351995235259 0.06931702344546381
42 0.7013103037522335 0.6957186544342507 0.022632519356759976 0.04281345565749235
42 0.7013103037522335 0.5626911314984709 0.02144133412745682 0.0417940876656473
42 0.8079213817748659 0.4260958205912334 0.019654556283502083 0.0326197757390418
93 0.841870160810006 0.5117227319062182 0.04169148302561048 0.06829765545361875
8 0.6944609886837403 0.43577981651376146 0.043478260869565216 0.040774719673802244
8 0.6959499702203693 0.8425076452599388 0.039309112567004166 0.040774719673802244
42 0.8758189398451459 0.6941896024464832 0.019058963668850508 0.03567787971457696
22 0.701905896366885 0.4872579001019368 0.01786777843954735 0.027522935779816515
22 0.7647409172126266 0.8491335372069317 0.019058963668850508 0.02854230377166157
22 0.7531268612269207 0.4240570846075433 0.014889815366289458 0.02854230377166157
22 0.7016081000595593 0.7629969418960245 0.01846337105419893 0.03058103975535168