25 0.27753544165757904 0.1568421052631579 0.03598691384950927 0.07105263157894737
25 0.3680479825517993 0.2615789473684211 0.03435114503816794 0.06842105263157895
25 0.3574154852780807 0.5815789473684211 0.03544165757906216 0.07421052631578948
42 0.2990730643402399 0.5826315789473684 0.03326063249727372 0.057368421052631575
42 0.05452562704471101 0.6157894736842106 0.030806979280261722 0.06526315789473684
42 0.21210468920392583 0.6752631578947368 0.03189749182115594 0.04894736842105263
42 0.5346237731733915 0.5963157894736842 0.03380588876772083 0.06315789473684211
46 0.05588876772082879 0.16578947368421051 0.02589967284623773 0.03105263157894737
46 0.17066521264994547 0.3357894736842105 0.020719738276990186 0.028421052631578948
95 0.1663031624863686 0.09421052631578947 0.01608505997818975 0.060526315789473685
17 0.061068702290076333 0.22263157894736843 0.015267175572519083 0.05052631578947368
22 0.31679389312977096 0.5068421052631579 0.019629225736095966 0.02736842105263158
46 0.4642857142857143 0.6684210526315789 0.027808069792802616 0.03105263157894737
47 0.5109051254089422 0.671578947368421 0.020719738276990186 0.03
49 0.3792257360959651 0.65 0.04143947655398037 0.06526315789473684
56 0.5501635768811342 0.5715789473684211 0.02480916030534351 0.03315789473684211
42 0.31215921483097053 0.26052631578947366 0.03598691384950927 0.07684210526315789
86 0.01717557251908397 0.18526315789473685 0.015267175572519083 0.03315789473684211
30 0.04661941112322792 0.10105263157894737 0.013086150490730643 0.037894736842105266
95 0.1079607415485278 0.4421052631578947 0.03544165757906216 0.028421052631578948
96 0.32197382769901856 0.6494736842105263 0.015267175572519083 0.03
48 0.30507088331515814 0.6657894736842105 0.01717557251908397 0.03315789473684211