25 0.4872066458982347 0.22416666666666665 0.06320872274143302 0.10111111111111111
25 0.6456593977154724 0.37362745098039213 0.06077881619937692 0.09774509803921567
25 0.6270924195223261 0.8309803921568627 0.06258566978193145 0.10558823529411765
42 0.5249532710280373 0.8322712418300654 0.058203530633437126 0.08171568627450979
42 0.09554517133956386 0.8798202614379086 0.05350986500519211 0.09299019607843141
42 0.37241952232606435 0.9646568627450981 0.0557943925233645 0.07066993464052287
42 0.9384008307372793 0.8518300653594773 0.05917964693665629 0.08910130718954244
46 0.09807892004153687 0.23655228758169936 0.04558670820353064 0.04418300653594775
46 0.2995223260643821 0.4799019607843137 0.03570093457943925 0.040702614379084914
95 0.2919626168224299 0.13498366013071894 0.02836967808930431 0.08612745098039216
17 0.10714434060228453 0.31756535947712417 0.027362409138110066 0.07142156862745094
22 0.5560539979231568 0.723921568627451 0.03474558670820357 0.03851307189542492
46 0.8145171339563863 0.9551797385620916 0.0480269989615784 0.04354575163398708
47 0.8966043613707164 0.9591013071895426 0.03568016614745576 0.04321895424836609
49 0.6656490134994808 0.928921568627451 0.0722014537902388 0.09313725490196079
56 0.9657320872274143 0.8162581699346405 0.0434267912772585 0.046045751633986845
42 0.5480062305295951 0.372843137254902 0.06325025960539982 0.10991830065359474
86 0.030207684319833852 0.26441176470588235 0.026427829698857732 0.04753267973856205
30 0.08212876427829699 0.14483660130718953 0.022658359293873307 0.054967320261437934
95 0.18975077881619937 0.6313071895424837 0.06230529595015576 0.04158496732026151
96 0.5649948078920042 0.9283986928104574 0.02737279335410166 0.04158496732026151
48 0.5352544132917966 0.950686274509804 0.030207684319833828 0.047532679738561956