25 0.2645996387718242 0.3168934240362812 0.03732691149909693 0.0691609977324263
25 0.2095123419626731 0.49036281179138325 0.036122817579771226 0.06575963718820861
25 0.040939193257074055 0.4699546485260771 0.03913305237808549 0.06802721088435375
42 0.0403371462974112 0.35827664399092973 0.030102347983142687 0.06349206349206349
46 0.1703792895845876 0.11224489795918367 0.015051173991571343 0.03968253968253968
95 0.29741119807344973 0.10374149659863946 0.03190848886213125 0.030612244897959183
22 0.08037326911499097 0.3922902494331066 0.014449127031908489 0.03741496598639456
49 0.010836845273931367 0.5113378684807256 0.021673690547862733 0.07936507936507936
42 0.2098133654425045 0.3832199546485261 0.0403371462974112 0.0691609977324263
95 0.11408789885611077 0.013038548752834467 0.015051173991571343 0.026077097505668934
96 0.006321493076459964 0.4013605442176871 0.012642986152919929 0.02947845804988662
48 0.0027092113184828417 0.36904761904761907 0.005418422636965683 0.032879818594104306
42 0.6225165562913907 0.1564625850340136 0.024081878386514148 0.045351473922902494
42 0.5403371462974113 0.2647392290249433 0.049367850692354005 0.10090702947845805
42 0.4316676700782661 0.11678004535147392 0.024081878386514148 0.05668934240362812
42 0.43226971703792894 0.43253968253968256 0.025285972305839857 0.05328798185941043
42 0.6237206502107164 0.564625850340136 0.028898254063816978 0.04195011337868481
22 0.4316676700782661 0.5045351473922902 0.018663455749548464 0.035147392290249435
22 0.4316676700782661 0.36167800453514737 0.021673690547862733 0.03968253968253968
22 0.4316676700782661 0.19727891156462585 0.017459361830222758 0.036281179138321996
29 0.4461167971101746 0.26303854875283444 0.052980132450331126 0.05895691609977324
42 0.4921733895243829 0.37471655328798187 0.051173991571342566 0.08843537414965986
22 0.670680313064419 0.15873015873015872 0.022877784467188442 0.05215419501133787
22 0.6718844069837447 0.5634920634920635 0.02107164358819988 0.04308390022675737
22 0.75105358217941 0.3599773242630385 0.018061408789885613 0.04081632653061224
1 0.7170379289584587 0.25 0.034918723660445516 0.11337868480725624
1 0.7299819385912101 0.022675736961451247 0.0403371462974112 0.045351473922902494
1 0.7197471402769416 0.4790249433106576 0.036122817579771226 0.11224489795918367
95 0.7492474413004214 0.427437641723356 0.018061408789885613 0.07936507936507936
22 0.7332931968693558 0.07653061224489796 0.027694160144491272 0.045351473922902494
42 0.3076459963877182 0.7885487528344671 0.012040939193257074 0.01927437641723356
42 0.3284166164960867 0.8412698412698413 0.015051173991571343 0.034013605442176874
95 0.047561709813365445 0.941609977324263 0.028898254063816978 0.01927437641723356
17 0.3106562311860325 0.8350340136054422 0.010836845273931367 0.048752834467120185
30 0.26189042745334135 0.691609977324263 0.021673690547862733 0.02040816326530612
30 0.24653822998193858 0.7125850340136054 0.019867549668874173 0.022675736961451247
30 0.044551475015051176 0.7131519274376418 0.022877784467188442 0.01927437641723356
42 0.7998193859121011 0.8350340136054422 0.047561709813365445 0.09750566893424037
42 0.7570740517760385 0.9529478458049887 0.048163756773028296 0.08956916099773243
42 0.6965683323299218 0.9472789115646258 0.057796508127633955 0.1054421768707483
39 0.6965683323299218 0.8792517006802721 0.024683925346177003 0.030612244897959183
25 0.8428657435279951 0.949546485260771 0.055388320288982544 0.10090702947845805