25 0.49798711755233493 0.23826458036984352 0.0499194847020934 0.08677098150782361
25 0.4243156199677939 0.441678520625889 0.04830917874396135 0.05547652916073969
25 0.19847020933977455 0.42816500711237554 0.05233494363929147 0.08250355618776671
42 0.19806763285024154 0.2901849217638691 0.040257648953301126 0.07965860597439545
42 0.13285024154589373 0.08108108108108109 0.03462157809983897 0.07681365576102418
22 0.25161030595813205 0.3328591749644381 0.01932367149758454 0.04694167852062589
49 0.1501610305958132 0.45092460881934565 0.04589371980676329 0.03698435277382646
42 0.4247181964573269 0.32147937411095306 0.05394524959742351 0.08677098150782361
96 0.15096618357487923 0.344950213371266 0.020933977455716585 0.03698435277382646
48 0.13969404186795492 0.30440967283072545 0.023349436392914653 0.041251778093883355
1 0.9851046698872786 0.16216216216216217 0.029790660225442835 0.059743954480796585
25 0.1107085346215781 0.5988620199146515 0.04911433172302738 0.08392603129445235
25 0.3643317230273752 0.9473684210526315 0.05636070853462158 0.08819345661450925
42 0.1107085346215781 0.49644381223328593 0.04911433172302738 0.05405405405405406
42 0.3615136876006441 0.581081081081081 0.0499194847020934 0.08108108108108109
42 0.36231884057971014 0.6870554765291608 0.04669887278582931 0.08534850640113797
42 0.36191626409017713 0.7972972972972973 0.04750402576489533 0.08677098150782361
42 0.6235909822866345 0.9907539118065434 0.020128824476650563 0.01849217638691323
39 0.29347826086956524 0.6906116642958748 0.016908212560386472 0.02702702702702703
42 0.8611111111111112 0.48933143669985774 0.06360708534621579 0.03982930298719772
42 0.8039452495974235 0.596728307254623 0.0644122383252818 0.112375533428165
42 0.7234299516908212 0.5938833570412517 0.07729468599033816 0.13940256045519203
39 0.7230273752012882 0.5042674253200569 0.033011272141706925 0.03840682788051209
39 0.7254428341384863 0.6842105263157895 0.0322061191626409 0.02844950213371266
25 0.9190821256038647 0.5938833570412517 0.07407407407407407 0.12944523470839261