25 0.29700352526439483 0.13851351351351351 0.038777908343125736 0.06283783783783783
25 0.39394829612220916 0.23108108108108108 0.03672150411280846 0.060810810810810814
25 0.38249118683901295 0.5141891891891892 0.03789659224441833 0.06554054054054054
42 0.3202115158636898 0.5155405405405405 0.03554641598119859 0.05067567567567568
42 0.058166862514688604 0.5445945945945946 0.03290246768507638 0.057432432432432436
42 0.22708578143360753 0.5972972972972973 0.03407755581668625 0.043243243243243246
42 0.5722679200940071 0.5277027027027027 0.036133960047003526 0.05540540540540541
46 0.05992949471210341 0.14662162162162162 0.02790834312573443 0.02702702702702703
46 0.1827262044653349 0.29662162162162165 0.022032902467685075 0.025
95 0.17802585193889542 0.0831081081081081 0.017038777908343124 0.05337837837837838
17 0.06521739130434782 0.1966216216216216 0.01645123384253819 0.0445945945945946
22 0.3390129259694477 0.44797297297297295 0.020857814336075205 0.024324324324324326
46 0.49676850763807284 0.5912162162162162 0.029670975323149235 0.02702702702702703
47 0.5470035252643948 0.5939189189189189 0.022032902467685075 0.026351351351351353
49 0.40599294947121034 0.575 0.04435957696827262 0.057432432432432436
56 0.5890129259694477 0.5054054054054054 0.02673325499412456 0.029054054054054056
42 0.33401880141010576 0.2304054054054054 0.038777908343125736 0.06756756756756757
86 0.018507638072855465 0.1635135135135135 0.01645123384253819 0.029054054054054056
30 0.0499412455934195 0.0891891891891892 0.013807285546415981 0.03310810810810811
95 0.1154524089306698 0.39054054054054055 0.03789659224441833 0.025
96 0.34459459459459457 0.5743243243243243 0.01645123384253819 0.026351351351351353
48 0.3263807285546416 0.5885135135135136 0.018507638072855465 0.029054054054054056
100 0.6753819036427732 0.6925675675675675 0.05229142185663925 0.08513513513513514
44 0.6750881316098707 0.9243243243243243 0.11750881316098707 0.10540540540540541