25 0.2903869166334264 0.35004775549188155 0.02772237734343837 0.0725883476599809
25 0.24970083765456721 0.5324737344794651 0.02672516952532908 0.06924546322827126
25 0.12465097726366174 0.5109837631327603 0.029118468288791385 0.07163323782234957
42 0.12405265257279617 0.39350525310410694 0.022337455125648185 0.06685768863419293
42 0.08795372955723973 0.21824259789875836 0.019146390107698443 0.06446991404011461
46 0.22058236936577583 0.1346704871060172 0.011168727562824093 0.04154727793696275
95 0.3147187873952932 0.1255969436485196 0.023733546071001196 0.03199617956064948
22 0.15376944555245314 0.42932187201528177 0.010769844435580374 0.039159503342884434
46 0.09034702832070203 0.7134670487106017 0.011966493817311527 0.03199617956064948
49 0.09772636617471081 0.5549188156638013 0.025528520143597924 0.08357211079274117
42 0.24990027921818908 0.4197707736389685 0.029916234543278818 0.0725883476599809
95 0.17889908256880735 0.021967526265520534 0.011168727562824093 0.04393505253104107
96 0.09792580773833266 0.4393505253104107 0.011567610690067811 0.031041069723018146
48 0.09174311926605505 0.4054441260744986 0.012963701635420821 0.034383954154727794
42 0.44654966094934184 0.09742120343839542 0.03310729956122856 0.06303724928366762
42 0.46669325887514956 0.5764087870105062 0.03928998803350618 0.05826170009551098
25 0.46749102512963703 0.6919770773638968 0.043877143996808934 0.07449856733524356
49 0.43637814120462703 0.7163323782234957 0.012764260071798962 0.026743075453677174
42 0.7040287195851616 0.7387774594078319 0.016753091344236137 0.018147086914995225
93 0.4417630634224172 0.8581661891117478 0.023534104507379337 0.06972301814708691
86 0.7096130833665736 0.8242597898758357 0.011966493817311527 0.055396370582617004
39 0.6015157558835261 0.8519579751671442 0.019146390107698443 0.019102196752626553