25 0.11088113542282672 0.2910295616717635 0.03666469544648137 0.06218144750254842
25 0.16499112950916617 0.13506625891946994 0.03548196333530455 0.059123343527013254
25 0.33057362507392074 0.15341488277268095 0.0384387936132466 0.06116207951070336
42 0.33116499112950915 0.25382262996941896 0.02956830277942046 0.05708460754332314
42 0.3790656416321703 0.4036697247706422 0.0254287403903016 0.05504587155963303
46 0.2034299231224128 0.4750254841997961 0.01478415138971023 0.03567787971457696
95 0.07865168539325842 0.48267074413863403 0.03134240094618569 0.027522935779816515
22 0.29183914843287995 0.22324159021406728 0.014192785334121822 0.03363914373088685
49 0.3660555884092253 0.11569826707441386 0.033707865168539325 0.07135575942915393
42 0.16469544648137197 0.23139653414882771 0.039621525724423415 0.06218144750254842
96 0.3657599053814311 0.2145769622833843 0.01537551744529864 0.026503567787971458
48 0.37403903015966883 0.2436289500509684 0.01714961561206387 0.029561671763506627
56 0.12536960378474277 0.8598369011213048 0.023063276167947958 0.04994903160040775
22 0.24541691306918983 0.8934760448521917 0.019515079834417505 0.0326197757390418
29 0.2303370786516854 0.8124362895005097 0.05263157894736842 0.05198776758409786
22 0.24482554701360143 0.7324159021406728 0.019515079834417505 0.034658511722731905
1 0.281785925487877 0.7665647298674821 0.024837374334713187 0.03363914373088685
22 0.30514488468361917 0.8093781855249745 0.023063276167947958 0.03771661569826707
94 0.29243051448846835 0.5963302752293578 0.04671791839148433 0.027522935779816515
42 0.39000591366055587 0.5290519877675841 0.027202838557066823 0.040774719673802244
39 0.42105263157894735 0.5295616717635067 0.012418687167356593 0.03873598369011213
22 0.21525724423418097 0.5050968399592253 0.021289178001182733 0.011213047910295617
42 0.1986989946777055 0.8786952089704383 0.04553518628030751 0.08053007135575943
42 0.14784151389710232 0.8114169215086646 0.044352454169130695 0.07747196738022426
46 0.18923713778829096 0.5417940876656473 0.02188054405677114 0.03058103975535168
46 0.054109994086339444 0.6116207951070336 0.02956830277942046 0.0326197757390418
86 0.1534594914251922 0.5168195718654435 0.023063276167947958 0.034658511722731905
39 0.359846244825547 0.5295616717635067 0.01537551744529864 0.04281345565749235
42 0.30455351862803076 0.5667686034658511 0.02365464222353637 0.034658511722731905
1 0.3252513305736251 0.9357798165137615 0.03075103489059728 0.03567787971457696
86 0.26522767593140156 0.7283384301732926 0.021289178001182733 0.04485219164118247
89 0.5795387344766411 0.5152905198776758 0.06268480189237138 0.03160040774719674