25 0.2336448598130841 0.15203327171903883 0.03063343717549325 0.0688539741219963
25 0.3099688473520249 0.25369685767097966 0.029075804776739357 0.066543438077634
25 0.3011422637590862 0.5642329020332717 0.030114226375908618 0.07208872458410351
42 0.2518172377985462 0.5656192236598891 0.028037383177570093 0.05545286506469501
42 0.04569055036344756 0.5975046210720887 0.02596053997923157 0.0633086876155268
42 0.1786085150571132 0.655268022181146 0.02699896157840083 0.047597042513863215
42 0.4501557632398754 0.5790203327171903 0.028556593977154723 0.06099815157116451
46 0.047248182762201454 0.16081330868761554 0.021806853582554516 0.030036968576709795
46 0.14382139148494288 0.3257855822550832 0.017653167185877467 0.027726432532347505
95 0.14018691588785046 0.09149722735674677 0.013499480789200415 0.05868761552680222
17 0.0514018691588785 0.2158040665434381 0.012980269989615784 0.048983364140480594
22 0.26687435098650053 0.49168207024029575 0.016614745586708203 0.026802218114602587
46 0.3909657320872274 0.6487985212569316 0.02336448598130841 0.030036968576709795
47 0.43042575285565937 0.6515711645101664 0.017653167185877467 0.02865064695009242
49 0.31931464174454827 0.6312384473197782 0.0347871235721703 0.0633086876155268
56 0.46313603322949115 0.5545286506469501 0.020768431983385256 0.03234750462107209
42 0.26272066458982346 0.2532347504621072 0.03063343717549325 0.0743992606284658
86 0.014537902388369679 0.17975970425138632 0.012980269989615784 0.03234750462107209
30 0.03946002076843198 0.09842883548983364 0.010903426791277258 0.03650646950092421
95 0.0908618899273105 0.4288354898336414 0.030114226375908618 0.027726432532347505
96 0.27102803738317754 0.6303142329020333 0.012980269989615784 0.02865064695009242
48 0.2570093457943925 0.6460258780036968 0.014537902388369679 0.03234750462107209
64 0.15628245067497404 0.7435304990757856 0.05088265835929388 0.03234750462107209
42 0.1407061266874351 0.8512014787430684 0.08618899273104881 0.07024029574861368
93 0.05659397715472482 0.8059149722735675 0.0695742471443406 0.06284658040665435
3 0.2201453790238837 0.8567467652495379 0.05088265835929388 0.034195933456561925
3 0.4236760124610592 0.8706099815157117 0.04153686396677051 0.04436229205175601
39 0.12045690550363447 0.7476894639556377 0.012461059190031152 0.027726432532347505
39 0.1921079958463136 0.7476894639556377 0.012461059190031152 0.024029574861367836
42 0.32346832814122534 0.6931608133086876 0.040498442367601244 0.027726432532347505
68 0.26687435098650053 0.8512014787430684 0.018691588785046728 0.027726432532347505
42 0.42782969885773625 0.9782809611829945 0.08307372793354102 0.04343807763401109
68 0.32502596053997923 0.7975970425138632 0.028037383177570093 0.012939001848428836
1 0.7622014537902388 0.9311460258780037 0.06853582554517133 0.034195933456561925
1 0.9916926272066459 0.9320702402957486 0.016614745586708203 0.034195933456561925
42 0.569055036344756 0.9695009242144177 0.03115264797507788 0.029574861367837338
42 0.7528556593977155 0.8807763401109058 0.058151609553478714 0.04805914972273567
42 0.990134994807892 0.8798521256931608 0.01973001038421599 0.04621072088724584
42 0.6474558670820353 0.8613678373382625 0.03426791277258567 0.027726432532347505
42 0.5072689511941848 0.883086876155268 0.055036344755970926 0.04528650646950092
1 0.5186915887850467 0.9357670979667283 0.07476635514018691 0.036044362292051754
42 0.8130841121495327 0.966728280961183 0.02699896157840083 0.029574861367837338
22 0.5664589823468328 0.8960258780036968 0.017653167185877467 0.024029574861367836
22 0.6879543094496365 0.86090573012939 0.023883696780893044 0.02310536044362292
22 0.6048805815160956 0.8590573012939002 0.023883696780893044 0.026802218114602587
22 0.814122533748702 0.8937153419593346 0.023883696780893044 0.02033271719038817
22 0.8561786085150571 0.8590573012939002 0.02284527518172378 0.019408502772643253
22 0.935098650051921 0.8590573012939002 0.023883696780893044 0.01756007393715342
7 0.8172377985462098 0.8535120147874307 0.030114226375908618 0.04713493530499076
7 0.5716510903426791 0.8553604436229205 0.03426791277258567 0.051756007393715345
42 0.8961578400830738 0.8590573012939002 0.03426791277258567 0.026802218114602587