25 0.1361529548088065 0.28602620087336245 0.02694090382387022 0.05458515283842795
25 0.17584009269988413 0.14847161572052403 0.02607184241019699 0.051965065502183404
25 0.29779837775202783 0.1646288209606987 0.028389339513325607 0.053711790393013104
42 0.29837775202781 0.25327510917030566 0.021726535341830822 0.05021834061135371
42 0.33371958285052145 0.3851528384279476 0.018829663962920046 0.04847161572052402
46 0.20422943221320974 0.4480349344978166 0.01100811123986095 0.0314410480349345
95 0.11239860950173812 0.45458515283842793 0.023174971031286212 0.024017467248908297
22 0.2694090382387022 0.2262008733624454 0.010428736964078795 0.029694323144104803
46 0.3308227114716107 0.011790393013100437 0.011877172653534183 0.02314410480349345
49 0.3241599073001159 0.1314410480349345 0.024913093858632676 0.062882096069869
42 0.17584009269988413 0.2331877729257642 0.029258400926998843 0.05458515283842795
95 0.24449594438006952 0.5327510917030568 0.01100811123986095 0.03318777292576419
96 0.3238702201622248 0.2187772925764192 0.011297798377752027 0.02314410480349345
48 0.3299536500579374 0.2441048034934498 0.012746234067207415 0.026200873362445413