25 0.3018539976825029 0.0982532751091703 0.039397450753186555 0.0445414847161572
25 0.4003476245654693 0.16419213973799127 0.037369640787949014 0.04323144104803493
25 0.3887601390498262 0.3650655021834061 0.03852838933951332 0.046724890829694325
42 0.3253186558516802 0.36593886462882097 0.03592120509849363 0.03580786026200873
42 0.05909617612977984 0.3864628820960699 0.03360370799536501 0.04104803493449782
42 0.23059096176129779 0.42358078602620086 0.03476245654692932 0.0314410480349345
42 0.5816917728852838 0.374235807860262 0.03679026651216686 0.039301310043668124
46 0.060834298957126304 0.10393013100436681 0.028389339513325607 0.01921397379912664
46 0.18568945538818077 0.21048034934497817 0.022595596755504054 0.017903930131004366
95 0.18076477404403243 0.059388646288209605 0.01738122827346466 0.037991266375545854
17 0.06633835457705678 0.13973799126637554 0.016801853997682505 0.0314410480349345
22 0.3447276940903824 0.3179039301310044 0.021147161066048668 0.01703056768558952
46 0.5049246813441484 0.4196506550218341 0.030127462340672075 0.01921397379912664
47 0.555909617612978 0.42139737991266374 0.022595596755504054 0.018777292576419215
49 0.41251448435689453 0.4078602620087336 0.04519119351100811 0.04104803493449782
56 0.5987833140208575 0.35851528384279474 0.02694090382387022 0.02096069868995633
42 0.33951332560834296 0.16375545851528384 0.039397450753186555 0.048034934497816595
86 0.01853997682502897 0.11615720524017467 0.016801853997682505 0.02096069868995633
30 0.05098493626882966 0.06331877729257641 0.014194669756662804 0.023580786026200874
95 0.11761297798377753 0.27729257641921395 0.03852838933951332 0.017903930131004366
96 0.35023174971031285 0.4078602620087336 0.016801853997682505 0.018777292576419215
48 0.33198146002317497 0.41790393013100435 0.01853997682502897 0.02096069868995633
62 0.008400926998841252 0.5008733624454148 0.016801853997682505 0.12314410480349346
91 0.006662804171494786 0.6812227074235808 0.013325608342989572 0.1572052401746725
87 0.013904982618771726 0.877292576419214 0.027809965237543453 0.15283842794759825
58 0.5124565469293163 0.5126637554585153 0.09675550405561993 0.13973799126637554
54 0.5110081112398609 0.7135371179039302 0.08980301274623406 0.13449781659388646
57 0.5127462340672074 0.9078602620087336 0.0880648899188876 0.1406113537117904
25 0.8849942062572422 0.6248908296943232 0.03360370799536501 0.05589519650655022
42 0.8835457705677868 0.7148471615720524 0.03186558516801854 0.04978165938864629
42 0.8537079953650057 0.77117903930131 0.028389339513325607 0.045414847161572056
42 0.9061413673232909 0.8091703056768559 0.031286210892236384 0.04192139737991266
42 0.6251448435689455 0.7192139737991267 0.010428736964078795 0.0445414847161572
25 0.8525492468134415 0.8353711790393014 0.03765932792584009 0.05240174672489083
42 0.9229432213209734 0.8458515283842795 0.015063731170336037 0.023580786026200874
22 0.9238122827346466 0.7187772925764192 0.01216685979142526 0.02096069868995633
38 0.9015063731170336 0.7720524017467248 0.013904982618771726 0.026200873362445413
22 0.6477404403244496 0.7331877729257642 0.015063731170336037 0.026200873362445413
22 0.671494785631518 0.7013100436681222 0.015063731170336037 0.02096069868995633
22 0.7123406720741599 0.6991266375545852 0.019119351100811123 0.01834061135371179
42 0.6911935110081112 0.7034934497816594 0.01853997682502897 0.026200873362445413
42 0.6471610660486674 0.8 0.015063731170336037 0.02445414847161572
93 0.6769988412514485 0.8379912663755459 0.028389339513325607 0.04716157205240175
42 0.9243916570104287 0.6537117903930131 0.015643105446118192 0.021834061135371178
7 0.6483198146002318 0.6969432314410481 0.01853997682502897 0.04890829694323144
95 0.918018539976825 0.6794759825327511 0.034183082271147164 0.01572052401746725
38 0.9020857473928158 0.7746724890829695 0.013904982618771726 0.023580786026200874
1 0.6926419466975666 0.9646288209606987 0.02607184241019699 0.05589519650655022
1 0.6309385863267671 0.7668122270742358 0.0220162224797219 0.0314410480349345
42 0.6952491309385863 0.9078602620087336 0.03650057937427578 0.05502183406113537
35 0.9606025492468134 0.9611353711790394 0.017960602549246814 0.02794759825327511
1 0.9507531865585168 0.6930131004366812 0.03476245654692932 0.03668122270742358
1 0.9524913093858632 0.8078602620087336 0.03707995365005794 0.03580786026200873