42 0.22105966162065896 0.08838071693448703 0.03138913624220837 0.0377008652657602
42 0.24287622439893145 0.15451174289245984 0.031834372217275156 0.0315203955500618
42 0.03561887800534283 0.17058096415327564 0.02804986642920748 0.032756489493201486
42 0.17163846838824576 0.24412855377008652 0.015583259127337488 0.018541409147095178
42 0.19100623330365094 0.22126081582200247 0.015138023152270703 0.021013597033374538
42 0.20881567230632236 0.24598269468479605 0.019590382902938557 0.019159456118665017
42 0.35841495992876227 0.0865265760197775 0.014692787177203919 0.022249690976514216
42 0.4000445235975067 0.08714462299134734 0.022484416740872662 0.021013597033374538
42 0.40160284951024044 0.10815822002472188 0.016251113089937666 0.021013597033374538
46 0.33771148708815674 0.13288009888751545 0.011353517364203028 0.021013597033374538
46 0.16540516473731076 0.19406674907292953 0.020035618878005344 0.015451174289245983
46 0.22328584149599287 0.19283065512978986 0.018032056990204808 0.014833127317676144
46 0.2646927871772039 0.19283065512978986 0.020480854853072127 0.014833127317676144
22 0.20436331255565449 0.19406674907292953 0.012243989314336599 0.015451174289245983
22 0.24220837043633126 0.19221260815822003 0.013802315227070348 0.012360939431396786
22 0.041629563668744436 0.03893695920889988 0.015583259127337488 0.012360939431396786
3 0.04652715939447907 0.14029666254635353 0.02292965271593945 0.023485784919653894
49 0.09572573463935886 0.11742892459826947 0.031834372217275156 0.03955500618046971
46 0.017809439002671415 0.3399258343634116 0.020035618878005344 0.01668726823238566
42 0.02894033837934105 0.08034610630407911 0.02404274265360641 0.037082818294190356
47 0.20391807658058772 0.12855377008652658 0.019590382902938557 0.0173053152039555
46 0.16585040071237755 0.1273176761433869 0.019590382902938557 0.01792336217552534
38 0.22150489759572572 0.1699629171817058 0.01714158504007124 0.01668726823238566
25 0.07747105966162066 0.07911001236093942 0.03138913624220837 0.03893695920889988
48 0.033170080142475515 0.1260815822002472 0.014247551202137132 0.0173053152039555
96 0.04786286731967943 0.11433868974042027 0.012243989314336599 0.019159456118665017
42 0.9536954585930543 0.09888751545117429 0.03829029385574354 0.09394313967861558
42 0.872439893143366 0.1699629171817058 0.0182546749777382 0.06180469715698393
22 0.8733303650934996 0.2484548825710754 0.014692787177203919 0.0407911001236094
93 0.897373107747106 0.06551297898640297 0.031611754229741766 0.0865265760197775
1 0.8466162065894924 0.12669962917181707 0.03784505788067676 0.05067985166872682
46 0.897373107747106 0.380716934487021 0.020035618878005344 0.07663782447466007
48 0.9499109528049866 0.011124845488257108 0.020035618878005344 0.022249690976514216
93 0.9770703472840605 0.273176761433869 0.03428317008014248 0.09765142150803462
7 0.8764470169189671 0.01668726823238566 0.022707034728406055 0.03337453646477132
86 0.8256901157613535 0.02781211372064277 0.017364203027604632 0.05067985166872682
86 0.8319234194122885 0.21322620519159455 0.023597506678539625 0.05067985166872682
86 0.924087266251113 0.06983930778739184 0.02226179875333927 0.0580964153275649
86 0.9648263579697239 0.19592088998763907 0.025378450578806767 0.0580964153275649
93 0.06478183437221728 0.4573547589616811 0.040516473731077474 0.048207663782447466
47 0.05810329474621549 0.5642768850432633 0.033615316117542295 0.021631644004944377
42 0.13156723063223508 0.44252163164400493 0.043187889581478185 0.04697156983930779
42 0.2462154942119323 0.43016069221260816 0.04541406945681211 0.022249690976514216
42 0.33904719501335706 0.515451174289246 0.04140694568121104 0.0550061804697157
7 0.3960373998219056 0.4796044499381953 0.027382012466607302 0.0550061804697157
22 0.438780053428317 0.48640296662546356 0.019590382902938557 0.023485784919653894
22 0.3955921638468388 0.5358467243510506 0.018699910952804988 0.023485784919653894
17 0.23552983081032947 0.4789864029666255 0.015583259127337488 0.03893695920889988
42 0.058993766696349065 0.515451174289246 0.020258236865538737 0.02533992583436341
42 0.4764024933214604 0.48825710754017304 0.018032056990204808 0.02533992583436341
1 0.19612644701691898 0.4907292954264524 0.049198575244879784 0.04573547589616811
56 0.8862422083704363 0.984548825710754 0.0182546749777382 0.030902348578491966
42 0.8733303650934996 0.9913473423980222 0.02626892252894034 0.0173053152039555
42 0.7344167408726625 0.9245982694684796 0.022707034728406055 0.059332509270704575
42 0.7591273374888691 0.927070457354759 0.023597506678539625 0.06674907292954264
42 0.7326357969723953 0.7274412855377008 0.023597506678539625 0.06551297898640297
25 0.6130899376669635 0.6433868974042027 0.030276046304541407 0.08034610630407911
25 0.6798753339269813 0.7280593325092707 0.026714158504007122 0.08281829419035847
49 0.6798753339269813 0.8152039555006181 0.031166518254674976 0.08034610630407911
42 0.7804986642920748 0.8572311495673671 0.012466607301869992 0.042027194066749075
49 0.6731967943009796 0.6378244746600742 0.027604630454140695 0.08405438813349815
42 0.9292074799643811 0.7021013597033374 0.022707034728406055 0.07663782447466007
25 0.9692787177203918 0.700247218788628 0.027604630454140695 0.07292954264524104
49 0.9868655387355298 0.7787391841779975 0.02626892252894034 0.0865265760197775
42 0.8864648263579697 0.8238566131025958 0.015583259127337488 0.04449938195302843
42 0.9082813891362422 0.8862793572311496 0.02226179875333927 0.06056860321384425
42 0.9341050756901158 0.8893695920889988 0.024487978628673197 0.06056860321384425
95 0.7758236865538736 0.5661310259579728 0.02715939447907391 0.034610630407911
17 0.6226625111308994 0.4252163164400494 0.021816562778272486 0.012360939431396786
3 0.7241763134461264 0.8603213844252163 0.020035618878005344 0.03584672435105068
3 0.9445681211041852 0.8257107540173053 0.017364203027604632 0.037082818294190356
49 0.7370881567230633 0.8325092707045736 0.01068566340160285 0.02595797280593325
49 0.9307658058771149 0.796044499381953 0.012911843276936777 0.030902348578491966
96 0.7228406055209261 0.8108776266996292 0.01157613535173642 0.032138442521631644
96 0.943900267141585 0.776885043263288 0.01157613535173642 0.032138442521631644