42 0.4253301886792453 0.2101925925925926 0.060905660377358437 0.09020740740740739
42 0.46734905660377357 0.36802962962962965 0.061377358490565984 0.07574814814814819
42 0.0685 0.4075555555555556 0.05343396226415095 0.07860740740740736
42 0.3303018867924528 0.5832 0.029877358490566 0.044711111111111035
42 0.3673584905660377 0.5272592592592592 0.028509433962264175 0.0513481481481481
42 0.40170754716981133 0.5873777777777778 0.03791509433962258 0.04459259259259263
42 0.6896698113207547 0.20654814814814812 0.02893396226415101 0.05330370370370371
42 0.7698584905660377 0.20733333333333331 0.04377358490566046 0.05065185185185185
42 0.7732641509433962 0.2581629629629629 0.03170754716981122 0.05072592592592594
46 0.6498018867924528 0.3174666666666667 0.021971698113207514 0.05080000000000003
46 0.3185566037735849 0.4633037037037037 0.03872641509433958 0.037733333333333376
46 0.42956603773584906 0.4601481481481482 0.034339622641509415 0.03562962962962956
46 0.5094622641509434 0.4604148148148148 0.04048113207547178 0.03616296296296292
22 0.39319811320754716 0.46312592592592594 0.0235943396226415 0.037362962962963
22 0.4659245283018868 0.45940740740740743 0.02619811320754715 0.029925925925925995
22 0.0799811320754717 0.09331851851851852 0.030575471698113206 0.030029629629629625
3 0.08958490566037736 0.33487407407407405 0.04438679245283017 0.05597037037037041
49 0.1844245283018868 0.28029629629629627 0.06157547169811319 0.0949925925925926
46 0.034254716981132076 0.8114814814814815 0.038849056603773593 0.03991111111111119
42 0.05555660377358491 0.19087407407407408 0.04641509433962265 0.0896740740740741
47 0.39249056603773586 0.3064 0.03833962264150942 0.04137777777777779
46 0.31950943396226417 0.30478518518518516 0.03794339622641512 0.04235555555555552
38 0.42625471698113204 0.4052296296296296 0.03309433962264155 0.040088888888888806
25 0.14893396226415095 0.1890074074074074 0.06066981132075472 0.0944148148148148
48 0.06367924528301887 0.30074074074074075 0.027358490566037737 0.04148148148148148
96 0.09198113207547169 0.2733333333333333 0.02358490566037736 0.045925925925925926