42 0.008906481939633844 0.3621700879765396 0.017812963879267688 0.093841642228739
42 0.05541810984661059 0.29765395894428154 0.025235032162295893 0.09530791788856305
42 0.1271647699158832 0.5109970674486803 0.014844136566056407 0.0469208211143695
42 0.10860959920831272 0.4530791788856305 0.01682335477486393 0.045454545454545456
42 0.12864918357248886 0.39956011730205276 0.015338941118258289 0.05865102639296188
46 0.03859475507174666 0.015395894428152493 0.01682335477486393 0.030791788856304986
46 0.08708560118753092 0.5293255131964809 0.012370113805047007 0.060117302052785926
46 0.08609599208312717 0.3563049853372434 0.011875309252845126 0.054252199413489736
46 0.08634339435922811 0.23240469208211142 0.011875309252845126 0.06158357771260997
22 0.08708560118753092 0.41275659824046923 0.012370113805047007 0.036656891495601175
22 0.08584858980702623 0.2998533724340176 0.009896091044037604 0.04105571847507331
47 0.03488372093023256 0.4142228739002933 0.013854527461652647 0.05865102639296188
46 0.03414151410192974 0.5278592375366569 0.014349332013854528 0.05865102639296188
38 0.0677882236516576 0.3614369501466276 0.013359722909450767 0.051319648093841645
42 0.3179119247897081 0.4010263929618768 0.01632855022266205 0.04838709677419355
42 0.4238000989609104 0.36730205278592376 0.0376051459673429 0.04985337243401759
42 0.39856506679861453 0.11290322580645161 0.04032657100445324 0.05498533724340176
42 0.4517565561603167 0.2001466275659824 0.01855517070757051 0.027126099706744868
42 0.3896585848589807 0.4442815249266862 0.01855517070757051 0.026392961876832845
3 0.3698664027709055 0.03812316715542522 0.023255813953488372 0.0373900293255132
93 0.3998020781791192 0.29472140762463345 0.03488372093023256 0.04985337243401759
93 0.41291439881246905 0.19134897360703812 0.03414151410192974 0.0469208211143695
93 0.37803067788223654 0.5153958944281525 0.0363681345868382 0.05278592375366569
47 0.4839188520534389 0.20087976539589442 0.01707075705096487 0.03592375366568915
47 0.3881741712023751 0.39882697947214074 0.027461652647204356 0.020527859237536656
1 0.450519544779812 0.49560117302052786 0.029440870856011877 0.06304985337243402
1 0.4351806036615537 0.03225806451612903 0.030183077684314694 0.05865102639296188
1 0.343146956952004 0.3533724340175953 0.027956457199406235 0.0593841642228739
17 0.5531914893617021 0.44868035190615835 0.013607125185551707 0.04252199413489736
42 0.3659079663532904 0.15835777126099707 0.01979218208807521 0.025659824046920823
42 0.5346363186541316 0.4435483870967742 0.015091538842157347 0.024193548387096774
17 0.33374567046016823 0.31451612903225806 0.027461652647204356 0.020527859237536656
86 0.42726373082632363 0.49780058651026393 0.01583374567046017 0.02346041055718475
42 0.4445818901533894 0.5527859237536656 0.05071746660069273 0.03225806451612903
96 0.34067293419099454 0.03519061583577713 0.02053438891637803 0.030791788856304986
48 0.351311232063335 0.06158357771260997 0.01855517070757051 0.030791788856304986
39 0.5338941118258288 0.4237536656891496 0.01855517070757051 0.01686217008797654
25 0.2805541810984661 0.8585043988269795 0.03859475507174666 0.11436950146627566