42 0.17028301886792452 0.4694267515923567 0.057547169811320756 0.08152866242038216
42 0.27075471698113207 0.41273885350318473 0.048113207547169815 0.08280254777070063
42 0.37169811320754714 0.5331210191082802 0.03207547169811321 0.011464968152866241
42 0.41037735849056606 0.5012738853503185 0.029245283018867925 0.050955414012738856
42 0.16792452830188678 0.11273885350318472 0.033962264150943396 0.03821656050955414
42 0.16792452830188678 0.016560509554140127 0.03207547169811321 0.033121019108280254
42 0.2009433962264151 0.01019108280254777 0.03207547169811321 0.02038216560509554
46 0.23867924528301887 0.1662420382165605 0.03207547169811321 0.02929936305732484
46 0.3292452830188679 0.4636942675159236 0.022641509433962263 0.04713375796178344
46 0.3297169811320755 0.3560509554140127 0.022641509433962263 0.0535031847133758
22 0.3311320754716981 0.5127388535031847 0.02358490566037736 0.03184713375796178
22 0.3287735849056604 0.41464968152866244 0.018867924528301886 0.035668789808917196
47 0.23113207547169812 0.513375796178344 0.026415094339622643 0.050955414012738856
38 0.2943396226415094 0.4681528662420382 0.02547169811320755 0.044585987261146494
35 0.45943396226415095 0.310828025477707 0.031132075471698113 0.050955414012738856
42 0.45849056603773586 0.17452229299363056 0.02547169811320755 0.033121019108280254
25 0.5226415094339623 0.39872611464968155 0.05849056603773585 0.07898089171974522
86 0.5533018867924528 0.5178343949044586 0.026415094339622643 0.03821656050955414
25 0.914622641509434 0.5254777070063694 0.05 0.0267515923566879
42 0.9594339622641509 0.33184713375796177 0.05188679245283019 0.07133757961783439
42 0.9127358490566038 0.19044585987261148 0.05 0.06624203821656051
42 0.964622641509434 0.19171974522292995 0.045283018867924525 0.0751592356687898
42 0.8721698113207547 0.11719745222929936 0.02830188679245283 0.04203821656050955
42 0.9216981132075471 0.11464968152866242 0.02830188679245283 0.03694267515923567
35 0.7325471698113207 0.26560509554140127 0.03207547169811321 0.048407643312101914
49 0.9141509433962264 0.42420382165605097 0.059433962264150944 0.08280254777070063
49 0.6339622641509434 0.14203821656050955 0.05849056603773585 0.07643312101910828
25 0.8089622641509434 0.32101910828025476 0.05849056603773585 0.08535031847133757
42 0.809433962264151 0.2089171974522293 0.052830188679245285 0.0751592356687898
42 0.5278301886792452 0.25414012738853503 0.03773584905660377 0.07133757961783439
39 0.9627358490566038 0.11337579617834395 0.022641509433962263 0.034394904458598725
3 0.9132075471698113 0.2840764331210191 0.03679245283018868 0.035668789808917196
3 0.525 0.01910828025477707 0.027358490566037737 0.03821656050955414
96 0.5632075471698114 0.014012738853503185 0.022641509433962263 0.02802547770700637
96 0.914622641509434 0.33694267515923565 0.02169811320754717 0.035668789808917196
48 0.8849056603773585 0.31210191082802546 0.02547169811320755 0.034394904458598725
48 0.5471698113207547 0.050955414012738856 0.024528301886792454 0.035668789808917196
49 0.4075471698113208 0.6490445859872611 0.04339622641509434 0.08789808917197452
69 0.41037735849056606 0.7713375796178344 0.03773584905660377 0.07261146496815286
25 0.3113207547169811 0.5598726114649681 0.05471698113207547 0.04203821656050955
96 0.41462264150943395 0.5605095541401274 0.016981132075471698 0.034394904458598725
48 0.3872641509433962 0.545859872611465 0.02547169811320755 0.014012738853503185
42 0.6410377358490567 0.9318471337579618 0.05377358490566038 0.07133757961783439
42 0.7990566037735849 0.9267515923566879 0.05188679245283019 0.07133757961783439
42 0.8004716981132075 0.8554140127388535 0.05849056603773585 0.05859872611464968
42 0.7466981132075472 0.7961783439490446 0.033962264150943396 0.030573248407643312
42 0.8188679245283019 0.7961783439490446 0.031132075471698113 0.03184713375796178
47 0.819811320754717 0.7464968152866241 0.033962264150943396 0.030573248407643312
42 0.8679245283018868 0.8719745222929937 0.059433962264150944 0.07133757961783439
93 0.8886792452830189 0.9681528662420382 0.0509433962264151 0.06369426751592357
35 0.684433962264151 0.7121019108280254 0.035849056603773584 0.048407643312101914
25 0.8816037735849057 0.5949044585987261 0.05849056603773585 0.08535031847133757
42 0.8787735849056604 0.7171974522292993 0.052830188679245285 0.07133757961783439
3 0.7462264150943396 0.9598726114649682 0.03018867924528302 0.05605095541401274
96 0.7136792452830188 0.9573248407643312 0.02547169811320755 0.03821656050955414
48 0.7292452830188679 0.9191082802547771 0.026415094339622643 0.035668789808917196
39 0.9900943396226415 0.7585987261146497 0.01981132075471698 0.02929936305732484
1 0.7429245283018868 0.6796178343949044 0.06132075471698113 0.05605095541401274