42 0.19141813755325623 0.26398362892223737 0.03712720632988436 0.08731241473396999
42 0.256238587948874 0.20327421555252387 0.0310407790626902 0.08867667121418826
42 0.3444917833231893 0.4017735334242838 0.018259281801582473 0.04365620736698499
42 0.3216676810712112 0.3478854024556617 0.020693852708460133 0.04229195088676671
42 0.34631771150334756 0.2980900409276944 0.018867924528301886 0.054570259208731244
46 0.2951917224589166 0.41882673942701226 0.015216068167985392 0.05593451568894952
46 0.29397443700547776 0.2578444747612551 0.014607425441265977 0.0504774897680764
46 0.2942787583688375 0.14256480218281037 0.014607425441265977 0.0572987721691678
22 0.2951917224589166 0.31036834924965895 0.015216068167985392 0.034106412005457026
22 0.2936701156421181 0.2053206002728513 0.012172854534388313 0.03819918144611187
47 0.23097991479001825 0.3117326057298772 0.01704199634814364 0.054570259208731244
46 0.23006695069993913 0.417462482946794 0.017650639074863056 0.054570259208731244
38 0.2714546561168594 0.2626193724420191 0.016433353621424222 0.047748976807639835
25 0.32410225197808884 0.6732605729877217 0.03712720632988436 0.09686221009549795
42 0.2796713329275715 0.8901773533424284 0.03530127814972611 0.0791268758526603
56 0.23189287888009738 0.6364256480218281 0.013390139987827145 0.04365620736698499
42 0.248934875228241 0.6773533424283765 0.03225806451612903 0.0791268758526603
42 0.10559951308581862 0.8922237380627558 0.02799756542909312 0.08049113233287858
42 0.1241631162507608 0.6916780354706685 0.016433353621424222 0.04229195088676671
42 0.12355447352404139 0.5572987721691678 0.02008520998174072 0.04365620736698499
42 0.3408399269628728 0.9590723055934516 0.01582471089470481 0.03956343792633015
42 0.3536214242239805 0.7612551159618008 0.012172854534388313 0.0927694406548431
1 0.2738892270237371 0.9870395634379263 0.023128423615337797 0.02592087312414734
1 0.1704199634814364 0.7708049113233287 0.023128423615337797 0.08594815825375171
1 0.17102860620815583 0.48908594815825374 0.023128423615337797 0.08049113233287858
42 0.18015824710894704 0.8819918144611187 0.03225806451612903 0.08458390177353342
93 0.17985392574558734 0.67462482946794 0.0310407790626902 0.06957708049113233
22 0.1241631162507608 0.757162346521146 0.015216068167985392 0.0286493860845839
22 0.12294583079732198 0.48908594815825374 0.01278149726110773 0.03274215552523874
22 0.2172854534388314 0.9542974079126876 0.016433353621424222 0.0286493860845839
42 0.19506999391357274 0.9542974079126876 0.019476567255021303 0.03819918144611187
7 0.11898965307364577 0.8178717598908595 0.027388922702373707 0.05184174624829468
46 0.08125380401704199 0.9099590723055935 0.019476567255021303 0.03137789904502047
46 0.2486305538648813 0.9549795361527967 0.024954351795496044 0.03819918144611187
38 0.248934875228241 0.902455661664393 0.019476567255021303 0.027285129604365622
42 0.18807060255629945 0.8226466575716235 0.01704199634814364 0.03137789904502047
22 0.15307364576993304 0.8226466575716235 0.01582471089470481 0.02592087312414734
42 0.5693852708460134 0.5218281036834925 0.032866707242848445 0.09549795361527967
42 0.6399878271454656 0.4761255115961801 0.03225806451612903 0.054570259208731244
42 0.7279367011564212 0.6725784447476125 0.018867924528301886 0.05184174624829468
42 0.7045039561777237 0.616643929058663 0.018259281801582473 0.04365620736698499
42 0.7285453438831406 0.5661664392905866 0.02008520998174072 0.058663028649386086
46 0.6774193548387096 0.6875852660300137 0.018259281801582473 0.0723055934515689
46 0.6104686548995739 0.6882673942701227 0.017650639074863056 0.05593451568894952
1 0.6345100426049909 0.626193724420191 0.035909920876445525 0.06002728512960437
1 0.6965916007303713 0.46043656207366984 0.035909920876445525 0.023192360163710776
22 0.674984783931832 0.5750341064120055 0.016433353621424222 0.036834924965893585
22 0.6755934266585514 0.46521145975443384 0.014607425441265977 0.03137789904502047
49 0.5888618381010347 0.9433833560709414 0.03956177723676202 0.08458390177353342
47 0.6080340839926963 0.5811732605729877 0.01399878271454656 0.06412005457025921
47 0.6518563603164942 0.5416098226466576 0.0006086427267194157 0.001364256480218281
29 0.6649421789409616 0.5231923601637107 0.03530127814972611 0.061391541609822645
25 0.55203895313451 0.9809004092769441 0.04017041996348144 0.03819918144611187
56 0.5553864881314668 0.48567530695770805 0.01582471089470481 0.0504774897680764