42 0.1391509433962264 0.016402714932126698 0.031132075471698113 0.032805429864253395
46 0.016037735849056604 0.05938914027149321 0.02169811320754717 0.038461538461538464
42 0.5202830188679245 0.09276018099547512 0.0330188679245283 0.038461538461538464
3 0.3839622641509434 0.005656108597285068 0.03207547169811321 0.011312217194570135
3 0.4009433962264151 0.16402714932126697 0.03490566037735849 0.029411764705882353
7 0.5811320754716981 0.0582579185520362 0.024528301886792454 0.06108597285067873
42 0.6084905660377359 0.03902714932126697 0.03018867924528302 0.04411764705882353
79 0.8367924528301887 0.1583710407239819 0.02830188679245283 0.024886877828054297
86 0.9240566037735849 0.3376696832579186 0.027358490566037737 0.030542986425339366
22 0.8702830188679245 0.1600678733031674 0.014150943396226415 0.02828054298642534
29 0.5193396226415095 0.1504524886877828 0.02830188679245283 0.042986425339366516
73 0.9551886792452831 0.3936651583710407 0.08962264150943396 0.042986425339366516
73 0.9570754716981132 0.15667420814479638 0.08584905660377358 0.04411764705882353
73 0.9570754716981132 0.006221719457013574 0.08584905660377358 0.012443438914027148
65 0.9386792452830188 0.06900452488687783 0.05849056603773585 0.06787330316742081
42 0.20424528301886793 0.9903846153846154 0.04622641509433962 0.019230769230769232
42 0.5132075471698113 0.5294117647058824 0.05849056603773585 0.06900452488687783
93 0.48254716981132073 0.4451357466063348 0.048113207547169815 0.030542986425339366