42 0.2971014492753623 0.0749063670411985 0.05152979066022544 0.05711610486891386
42 0.3329307568438003 0.17462546816479402 0.05233494363929147 0.047752808988764044
42 0.007648953301127214 0.1989700374531835 0.015297906602254429 0.04962546816479401
42 0.21578099838969403 0.3103932584269663 0.02576489533011272 0.028089887640449437
42 0.24758454106280192 0.2752808988764045 0.0249597423510467 0.031835205992509365
42 0.27697262479871176 0.31320224719101125 0.0322061191626409 0.02902621722846442
42 0.5225442834138486 0.07256554307116105 0.024154589371980676 0.033707865168539325
42 0.5909822866344605 0.07303370786516854 0.037037037037037035 0.031835205992509365
42 0.5938003220611916 0.10533707865168539 0.026570048309178744 0.031835205992509365
46 0.4887278582930757 0.14279026217228463 0.018518518518518517 0.031835205992509365
46 0.20571658615136876 0.2345505617977528 0.033011272141706925 0.023408239700374533
46 0.3007246376811594 0.23267790262172286 0.029790660225442835 0.02247191011235955
46 0.3687600644122383 0.23314606741573032 0.033816425120772944 0.02247191011235955
22 0.26972624798711753 0.2345505617977528 0.020128824476650563 0.023408239700374533
22 0.33172302737520126 0.23220973782771537 0.02254428341384863 0.018726591760299626
22 0.007648953301127214 0.005149812734082397 0.015297906602254429 0.010299625468164793
3 0.014492753623188406 0.15355805243445692 0.028985507246376812 0.035580524344569285
49 0.09138486312399356 0.11891385767790262 0.05233494363929147 0.0599250936329588
47 0.2689210950080515 0.13576779026217228 0.0322061191626409 0.026217228464419477
46 0.20652173913043478 0.1343632958801498 0.0322061191626409 0.027153558052434457
38 0.29790660225442833 0.19803370786516855 0.02818035426731079 0.025280898876404494
25 0.061191626409017714 0.06132958801498127 0.05152979066022544 0.05898876404494382
96 0.01247987117552335 0.11470037453183521 0.020128824476650563 0.02902621722846442
42 0.8590982286634461 0.07771535580524344 0.06924315619967794 0.07397003745318352
42 0.9428341384863124 0.1441947565543071 0.06360708534621579 0.0749063670411985
42 0.9412238325281803 0.23782771535580524 0.07890499194847021 0.0898876404494382
39 0.8904991948470209 0.23829588014981273 0.021739130434782608 0.03838951310861423
39 0.9919484702093397 0.2350187265917603 0.01610305958132045 0.03745318352059925
25 0.9408212560386473 0.026685393258426966 0.07326892109500806 0.05337078651685393
25 0.08977455716586151 0.5140449438202247 0.07648953301127215 0.04868913857677903
1 0.8405797101449275 0.5117041198501873 0.03542673107890499 0.04400749063670412
1 0.750402576489533 0.7284644194756554 0.05475040257648953 0.03277153558052434
1 0.7069243156199678 0.8019662921348315 0.014492753623188406 0.040262172284644196
1 0.7133655394524959 0.8370786516853933 0.027375201288244767 0.06367041198501873
1 0.8156199677938808 0.7743445692883895 0.05636070853462158 0.035580524344569285
1 0.7745571658615137 0.8361423220973783 0.033011272141706925 0.06179775280898876
1 0.8768115942028986 0.7556179775280899 0.05475040257648953 0.040262172284644196
1 0.9033816425120773 0.822565543071161 0.033816425120772944 0.06179775280898876
1 0.7137681159420289 0.600187265917603 0.02818035426731079 0.0599250936329588
1 0.751610305958132 0.6404494382022472 0.050724637681159424 0.03745318352059925
1 0.7737520128824477 0.5430711610486891 0.03462157809983897 0.056179775280898875
25 0.9702093397745571 0.6722846441947565 0.04830917874396135 0.06367041198501873
25 0.7286634460547504 0.971441947565543 0.0499194847020934 0.05711610486891386
1 0.8393719806763285 0.9658239700374532 0.033011272141706925 0.060861423220973786
1 0.9017713365539453 0.5884831460674157 0.033011272141706925 0.06367041198501873
1 0.8784219001610306 0.6282771535580525 0.050724637681159424 0.03745318352059925
1 0.8123993558776168 0.5842696629213483 0.05475040257648953 0.04119850187265917
42 0.7202093397745571 0.6825842696629213 0.04106280193236715 0.05805243445692884
42 0.7777777777777778 0.6839887640449438 0.05152979066022544 0.0552434456928839
42 0.9074074074074074 0.6722846441947565 0.05314009661835749 0.052434456928838954