42 0.20821256038647343 0.2962962962962963 0.038003220611916265 0.04518518518518518
42 0.2745571658615137 0.2644444444444444 0.03172302737520129 0.045925925925925926
42 0.3647342995169082 0.36814814814814817 0.01867954911433172 0.022962962962962963
42 0.34154589371980676 0.34 0.02109500805152979 0.022222222222222223
42 0.36666666666666664 0.31407407407407406 0.01932367149758454 0.028148148148148148
42 0.20676328502415459 0.09703703703703703 0.022383252818035427 0.02148148148148148
42 0.2069243156199678 0.0362962962962963 0.02109500805152979 0.03259259259259259
42 0.2285024154589372 0.034074074074074076 0.02109500805152979 0.023703703703703703
46 0.2533011272141707 0.12666666666666668 0.02109500805152979 0.016296296296296295
46 0.3143317230273752 0.37703703703703706 0.015619967793880838 0.028888888888888888
46 0.3132045088566828 0.29333333333333333 0.01497584541062802 0.02666666666666667
46 0.3135265700483092 0.2325925925925926 0.01497584541062802 0.02962962962962963
22 0.3143317230273752 0.32 0.015619967793880838 0.017777777777777778
22 0.31288244766505635 0.2659259259259259 0.012399355877616747 0.02
49 0.23703703703703705 0.4666666666666667 0.03993558776167472 0.02666666666666667
47 0.24863123993558775 0.3207407407407407 0.017391304347826087 0.028148148148148148
46 0.24782608695652175 0.3762962962962963 0.018035426731078906 0.028148148148148148
38 0.29017713365539455 0.29555555555555557 0.01674718196457327 0.025185185185185185
46 0.3074074074074074 0.5096296296296297 0.017391304347826087 0.02074074074074074