42 0.13546056592414207 0.12301587301587301 0.01926550270921132 0.034013605442176874
42 0.1592414208308248 0.08049886621315193 0.018663455749548464 0.03854875283446712
42 0.18121613485851895 0.1264172335600907 0.024081878386514148 0.035147392290249435
46 0.12793497892835642 0.031179138321995464 0.024683925346177003 0.02834467120181406
46 0.19897652016857315 0.02891156462585034 0.022275737507525588 0.027210884353741496
46 0.2498494882600843 0.02947845804988662 0.025285972305839857 0.027210884353741496
22 0.17579771222155327 0.031179138321995464 0.015051173991571343 0.02834467120181406
22 0.22215532811559302 0.02834467120181406 0.016857314870559904 0.022675736961451247
42 0.534617700180614 0.1473922902494331 0.022877784467188442 0.047619047619047616
42 0.4909692956050572 0.08900226757369614 0.022275737507525588 0.04195011337868481
42 0.6670680313064419 0.013038548752834467 0.026490066225165563 0.026077097505668934
42 0.7886815171583383 0.01020408163265306 0.024081878386514148 0.02040816326530612
42 0.8464780252859723 0.15192743764172337 0.05358217940999398 0.09297052154195011
42 0.5981336544250452 0.3554421768707483 0.027694160144491272 0.04421768707482993
42 0.7679108970499698 0.3565759637188209 0.030102347983142687 0.046485260770975055
42 0.9355809753160746 0.3554421768707483 0.028296207104154123 0.048752834467120185
22 0.9738109572546658 0.3565759637188209 0.018663455749548464 0.035147392290249435
22 0.8982540638169777 0.3565759637188209 0.02107164358819988 0.04081632653061224
22 0.810957254665864 0.3565759637188209 0.01926550270921132 0.032879818594104306
29 0.8452739313666466 0.3287981859410431 0.031306441902468396 0.09977324263038549
42 0.9048765803732691 0.24263038548752835 0.04695966285370259 0.0963718820861678
42 0.3082480433473811 0.41950113378684806 0.034918723660445516 0.048752834467120185
46 0.21222155328115594 0.38492063492063494 0.024683925346177003 0.01020408163265306
47 0.2582781456953642 0.38378684807256236 0.021673690547862733 0.007936507936507936
1 0.2408187838651415 0.4036281179138322 0.015051173991571343 0.03571428571428571
46 0.21222155328115594 0.48356009070294786 0.023178807947019868 0.02891156462585034
42 0.24292594822396146 0.5238095238095238 0.018061408789885613 0.027777777777777776
29 0.2865743527995184 0.463718820861678 0.018663455749548464 0.06065759637188209
42 0.21944611679711018 0.564625850340136 0.023178807947019868 0.023809523809523808
42 0.26610475617098134 0.562358276643991 0.01926550270921132 0.026077097505668934
22 0.26158940397350994 0.47959183673469385 0.013847080072245636 0.024943310657596373
22 0.3094521372667068 0.4824263038548753 0.013847080072245636 0.023809523809523808
46 0.33804936785069234 0.4801587301587302 0.023178807947019868 0.026077097505668934
1 0.32028898254063815 0.5068027210884354 0.014449127031908489 0.032879818594104306