42 0.22580645161290322 0.08256880733944955 0.06813125695216908 0.03771661569826707
42 0.4549499443826474 0.03720693170234455 0.02586206896551724 0.018858307849133536
42 0.44438264738598443 0.22477064220183487 0.06924360400444939 0.04128440366972477
42 0.1757508342602892 0.1636085626911315 0.07063403781979978 0.04332313965341488
17 0.47525027808676307 0.03058103975535168 0.02224694104560623 0.030071355759429153
46 0.13431590656284761 0.19164118246687054 0.04588431590656285 0.01834862385321101
46 0.16268075639599555 0.20591233435270132 0.018631813125695215 0.022935779816513763
46 0.2903225806451613 0.2074413863404689 0.02836484983314794 0.021916411824668705
46 0.31618464961067855 0.19164118246687054 0.04199110122358176 0.01580020387359837
46 0.027808676307007785 0.10754332313965341 0.023637374860956618 0.0290519877675841
22 0.2555617352614016 0.1381243628950051 0.03476084538375973 0.01580020387359837
47 0.22580645161290322 0.19317023445463813 0.05311457174638487 0.020387359836901122
38 0.22580645161290322 0.1636085626911315 0.03587319243604004 0.016819571865443424
39 0.32619577308120135 0.11213047910295616 0.027252502780867632 0.008664627930682976
47 0.22775305895439377 0.22680937818552496 0.04199110122358176 0.014780835881753314
25 0.4510567296996663 0.08205912334352701 0.0753615127919911 0.045871559633027525
35 0.3868186874304783 0.32772680937818555 0.03837597330367074 0.021916411824668705
35 0.38487208008898777 0.4036697247706422 0.04449388209121246 0.021406727828746176
35 0.38542825361512795 0.44801223241590216 0.04338153503893215 0.021406727828746176
1 0.31618464961067855 0.07237512742099898 0.05311457174638487 0.04485219164118247
19 0.5614571746384872 0.09276248725790011 0.023915461624026697 0.0672782874617737
47 0.5620133481646273 0.26605504587155965 0.02502780867630701 0.05708460754332314
13 0.5600667408231368 0.44036697247706424 0.021134593993325918 0.07747196738022426
9 0.703559510567297 0.5438328236493374 0.08342602892102335 0.12945973496432212
56 0.7043937708565072 0.7145769622833843 0.042269187986651836 0.07951070336391437
98 0.6610122358175751 0.9821610601427115 0.046162402669632924 0.03567787971457696