42 0.23841354723707664 0.08758620689655172 0.07185828877005347 0.040344827586206895
42 0.4800579322638146 0.039310344827586205 0.027406417112299464 0.02
42 0.46891711229946526 0.23896551724137932 0.0731951871657754 0.04379310344827586
42 0.1854946524064171 0.17413793103448275 0.07442067736185383 0.046206896551724136
17 0.5015597147950089 0.032758620689655175 0.023507130124777183 0.03206896551724138
46 0.14171122994652408 0.20413793103448277 0.04835115864527629 0.019310344827586208
46 0.17179144385026737 0.2193103448275862 0.0196078431372549 0.024482758620689656
46 0.30637254901960786 0.2203448275862069 0.030080213903743314 0.023448275862068966
46 0.33377896613190733 0.20344827586206896 0.04445187165775401 0.01689655172413793
46 0.029411764705882353 0.11413793103448276 0.02484402852049911 0.03103448275862069
22 0.2697192513368984 0.14689655172413793 0.036541889483065956 0.01689655172413793
47 0.23841354723707664 0.20586206896551723 0.05614973262032086 0.021724137931034483
38 0.23841354723707664 0.17413793103448275 0.03787878787878788 0.017586206896551725
39 0.3442513368983957 0.1193103448275862 0.02874331550802139 0.009310344827586206
47 0.24030748663101603 0.2413793103448276 0.04445187165775401 0.015862068965517243
25 0.4761586452762923 0.08724137931034483 0.07965686274509803 0.04862068965517241
35 0.40819964349376114 0.3482758620689655 0.04044117647058824 0.023448275862068966
35 0.40630570409982175 0.42931034482758623 0.047014260249554365 0.022758620689655173
35 0.4068627450980392 0.476551724137931 0.04567736185383244 0.022758620689655173
1 0.33377896613190733 0.07724137931034483 0.05614973262032086 0.04793103448275862