42 0.24236641221374045 0.0703125 0.07306434023991276 0.03236607142857143
42 0.4882769901853871 0.03180803571428571 0.027808069792802616 0.016183035714285716
42 0.4770992366412214 0.19196428571428573 0.07442748091603053 0.03515625
42 0.18865866957470012 0.14006696428571427 0.0757906215921483 0.037388392857142856
17 0.5103598691384951 0.026227678571428572 0.023991275899672846 0.025669642857142856
46 0.14422028353326063 0.1640625 0.04907306434023991 0.015625
46 0.1747546346782988 0.17633928571428573 0.01990185387131952 0.01953125
46 0.31161395856052343 0.17689732142857142 0.030534351145038167 0.018973214285714284
46 0.3394220283533261 0.16350446428571427 0.04525627044711014 0.013392857142857142
46 0.029989094874591057 0.09151785714285714 0.02535441657579062 0.025111607142857144
22 0.2742639040348964 0.11830357142857142 0.03707742639040349 0.013392857142857142
47 0.24236641221374045 0.16517857142857142 0.05725190839694656 0.017299107142857144
38 0.24236641221374045 0.14006696428571427 0.03844056706652126 0.013950892857142858
39 0.3500545256270447 0.09598214285714286 0.02917121046892039 0.007254464285714286
47 0.24454743729552889 0.19419642857142858 0.04525627044711014 0.012834821428571428
25 0.48446019629225734 0.0703125 0.08097055616139585 0.0390625
35 0.41521264994547435 0.28013392857142855 0.04116684841875681 0.018973214285714284
35 0.4133042529989095 0.34542410714285715 0.04770992366412214 0.018415178571428572
35 0.4138495092693566 0.3828125 0.04661941112322792 0.018415178571428572
1 0.3394220283533261 0.06194196428571429 0.05725190839694656 0.03850446428571429
46 0.09732824427480916 0.49386160714285715 0.025081788440567066 0.026785714285714284
93 0.1341330425299891 0.8130580357142857 0.03925845147219193 0.0859375
25 0.02535441657579062 0.8610491071428571 0.04743729552889858 0.10602678571428571
42 0.026172300981461286 0.9793526785714286 0.05234460196292257 0.041294642857142856
86 0.5378953107960741 0.8275669642857143 0.021264994547437296 0.041294642857142856
22 0.5826063249727372 0.9224330357142857 0.014721919302071973 0.036830357142857144
93 0.5062704471101418 0.9447544642857143 0.04525627044711014 0.08370535714285714
56 0.23364231188658668 0.89453125 0.025081788440567066 0.041294642857142856
42 0.20719738276990185 0.9352678571428571 0.04198473282442748 0.09040178571428571
42 0.712649945474373 0.5731026785714286 0.05234460196292257 0.1015625
46 0.6404034896401308 0.4603794642857143 0.027262813522355506 0.08370535714285714
22 0.8121592148309705 0.4720982142857143 0.021264994547437296 0.046875
22 0.8255179934569248 0.8376116071428571 0.023991275899672846 0.05022321428571429
22 0.9918211559432933 0.9737723214285714 0.016357688113413305 0.05022321428571429
93 0.8557797164667393 0.68359375 0.04089422028353326 0.09486607142857142
93 0.9487459105779716 0.8604910714285714 0.04907306434023991 0.0859375
93 0.8743184296619411 0.5479910714285714 0.04252998909487459 0.08035714285714286
46 0.8544165757906216 0.9637276785714286 0.021264994547437296 0.06919642857142858
42 0.9910032715376227 0.9107142857142857 0.017993456924754635 0.04017857142857143
42 0.8233369683751364 0.76953125 0.021810250817884406 0.04017857142857143
1 0.7919847328244275 0.7243303571428571 0.0376226826608506 0.044642857142857144
7 0.9918211559432933 0.7137276785714286 0.016357688113413305 0.09486607142857142
7 0.8268811341330425 0.5959821428571429 0.024536532170119956 0.09821428571428571
42 0.9141221374045801 0.6043526785714286 0.022355507088331516 0.041294642857142856
42 0.9242093784078517 0.703125 0.04580152671755725 0.08705357142857142
86 0.886041439476554 0.6646205357142857 0.021264994547437296 0.03459821428571429
86 0.7649945474372956 0.7979910714285714 0.021810250817884406 0.05022321428571429
86 0.7641766630316249 0.6395089285714286 0.027808069792802616 0.04017857142857143
86 0.9348418756815703 0.7918526785714286 0.021810250817884406 0.049107142857142856
86 0.8778625954198473 0.49776785714285715 0.018538713195201745 0.04241071428571429
86 0.8721374045801527 0.43080357142857145 0.027808069792802616 0.04241071428571429
42 0.8086150490730644 0.4174107142857143 0.020719738276990186 0.015625