42 0.029083431257344302 0.2926997245179063 0.058166862514688604 0.046831955922865015
42 0.25146886016451236 0.14256198347107438 0.06433607520564043 0.048209366391184574
42 0.15599294947121034 0.3278236914600551 0.0681551116333725 0.048898071625344354
46 0.2000587544065805 0.35674931129476584 0.028495887191539365 0.03168044077134986
46 0.22238542890716803 0.3367768595041322 0.035840188014101056 0.013085399449035813
46 0.22414806110458285 0.24862258953168045 0.03466509988249119 0.01997245179063361
46 0.19947121034077556 0.23071625344352617 0.024676850763807285 0.028925619834710745
46 0.06756756756756757 0.43044077134986225 0.045828437132784956 0.01652892561983471
22 0.11574618096357227 0.2727272727272727 0.024676850763807285 0.024104683195592287
47 0.20240893066980023 0.29338842975206614 0.03231492361927144 0.03650137741046832
38 0.15599294947121034 0.29338842975206614 0.026145710928319625 0.024793388429752067
39 0.07491186839012925 0.2238292011019284 0.013513513513513514 0.01859504132231405
47 0.25528789659224443 0.29201101928374656 0.023501762632197415 0.028925619834710745
25 0.03172737955346651 0.13705234159779614 0.06316098707403055 0.05234159779614325
35 0.41304347826086957 0.1825068870523416 0.03466509988249119 0.026859504132231406
35 0.532608695652174 0.18319559228650137 0.033490011750881316 0.030991735537190084
1 0.02408930669800235 0.23071625344352617 0.0481786133960047 0.03650137741046832
83 0.6016451233842538 0.29201101928374656 0.06286721504112809 0.15702479338842976
86 0.6927144535840188 0.29132231404958675 0.06756756756756757 0.1790633608815427
42 0.7438307873090482 0.581267217630854 0.0199764982373678 0.045454545454545456
42 0.8260869565217391 0.5833333333333334 0.02526439482961222 0.05096418732782369
42 0.9080493537015276 0.5847107438016529 0.018213866039952998 0.049586776859504134
42 0.6577555816686251 0.5833333333333334 0.019388954171562868 0.049586776859504134
42 0.6862514688601645 0.7079889807162535 0.021151586368977675 0.05371900826446281
42 0.7679200940070505 0.7086776859504132 0.021151586368977675 0.05234159779614325
42 0.8516451233842538 0.7079889807162535 0.021151586368977675 0.048209366391184574
42 0.9324324324324325 0.7079889807162535 0.023501762632197415 0.048209366391184574
29 0.7150411280846063 0.7079889807162535 0.02526439482961222 0.0440771349862259
29 0.799059929494712 0.7079889807162535 0.03055229142185664 0.03581267217630854
29 0.8821974148061105 0.7052341597796143 0.028789659224441832 0.04269972451790634
29 0.9629847238542891 0.7052341597796143 0.02408930669800235 0.04269972451790634
7 0.9209753231492362 0.6184573002754821 0.022914218566392478 0.03856749311294766
7 0.7541128084606346 0.6205234159779615 0.0282021151586369 0.0371900826446281
7 0.836662749706228 0.6205234159779615 0.029964747356051705 0.03168044077134986
7 0.6665687426556992 0.6239669421487604 0.03172737955346651 0.030303030303030304
2 0.967978848413631 0.9573002754820936 0.014688601645123384 0.04269972451790634
2 0.88572267920094 0.9772727272727273 0.01410105757931845 0.04132231404958678
2 0.8049353701527615 0.987603305785124 0.01645123384253819 0.024793388429752067