42 0.20944380069524912 0.11703056768558952 0.06315179606025492 0.053711790393013104
42 0.42207415990730013 0.05240174672489083 0.024044032444959444 0.027074235807860263
42 0.41222479721900346 0.3183406113537118 0.06431054461181923 0.058078602620087336
42 0.1630938586326767 0.23231441048034934 0.06546929316338354 0.06157205240174673
17 0.44090382387022015 0.043668122270742356 0.020567786790266513 0.042358078602620086
46 0.12456546929316338 0.2720524017467249 0.04258400926998841 0.02576419213973799
46 0.15092699884125144 0.29213973799126636 0.017091541135573582 0.032314410480349345
46 0.2694090382387022 0.2938864628820961 0.026361529548088066 0.0314410480349345
46 0.29345307068366167 0.27161572052401745 0.03910776361529548 0.0222707423580786
46 0.025782155272305908 0.15240174672489082 0.021726535341830822 0.04148471615720524
22 0.23725376593279257 0.1960698689956332 0.032155272305909616 0.0222707423580786
47 0.20944380069524912 0.274235807860262 0.0492468134414832 0.02925764192139738
38 0.20944380069524912 0.23231441048034934 0.033314020857473925 0.023580786026200874
39 0.30272305909617614 0.1589519650655022 0.025202780996523753 0.01222707423580786
47 0.2111819235225956 0.32183406113537116 0.03910776361529548 0.021397379912663755
25 0.4185979142526072 0.1165938864628821 0.07010428736964079 0.06506550218340611
35 0.3589223638470452 0.4646288209606987 0.03563151796060255 0.0314410480349345
35 0.3571842410196987 0.5724890829694324 0.0414252607184241 0.030131004366812226
35 0.3577636152954809 0.6353711790393013 0.040266512166859794 0.030131004366812226
1 0.29345307068366167 0.10305676855895196 0.0492468134414832 0.06375545851528384
25 0.7305909617612978 0.04192139737991266 0.03070683661645423 0.0462882096069869
25 0.9212050984936269 0.042358078602620086 0.031286210892236384 0.04279475982532751
25 0.955388180764774 0.04279475982532751 0.026651216685979143 0.043668122270742356
42 0.7598493626882966 0.5135371179039301 0.028389339513325607 0.04192139737991266
42 0.6923522595596755 0.6135371179039302 0.027809965237543453 0.04104803493449782
49 0.7920046349942063 0.04323144104803493 0.028968713789107765 0.0445414847161572
57 0.4183082271147161 0.7524017467248908 0.0880648899188876 0.1406113537117904
26 0.41888760139049824 0.9410480349344978 0.09617612977983778 0.11790393013100436
25 0.8626882966396292 0.7052401746724891 0.03360370799536501 0.05152838427947598
25 0.8522595596755504 0.9497816593886463 0.03476245654692932 0.056768558951965066
42 0.7951911935110081 0.9506550218340611 0.03244495944380069 0.043668122270742356
42 0.555619930475087 0.9755458515283842 0.030127462340672075 0.04890829694323144
46 0.6694669756662804 0.7620087336244541 0.020278099652375436 0.021834061135371178
17 0.5619930475086906 0.6868995633187773 0.015063731170336037 0.014847161572052401
22 0.8125724217844728 0.8925764192139738 0.019119351100811123 0.02096069868995633
49 0.8736964078794901 0.988646288209607 0.04055619930475087 0.022707423580786028
42 0.8079374275782155 0.7065502183406114 0.03534183082271147 0.05414847161572053
95 0.608053302433372 0.8432314410480349 0.03476245654692932 0.021834061135371178
96 0.8174971031286211 0.9951965065502183 0.015063731170336037 0.00960698689956332