42 0.410518018018018 0.17255354200988465 0.12459459459459458 0.0789785831960461
42 0.8276126126126125 0.07749588138385502 0.04747747747747757 0.04095551894563427
42 0.808626126126126 0.4685831960461285 0.12731981981981977 0.08556836902800649
42 0.31930180180180184 0.34196046128500823 0.1292567567567567 0.09172981878088964
17 0.8654054054054054 0.06466227347611203 0.03988738738738747 0.06342668863261944
46 0.2449099099099099 0.40046128500823724 0.08441441441441438 0.03803953871499172
46 0.29592342342342337 0.42958813838550247 0.03531531531531533 0.048171334431630984
46 0.5282882882882883 0.43224052718286654 0.052229729729729724 0.04581548599670506
46 0.5752252252252252 0.39934102141680394 0.07617117117117116 0.032652388797364075
46 0.051148648648648654 0.2242009884678748 0.043220720720720716 0.06105436573311368
22 0.4648423423423423 0.2882042833607908 0.06344594594594598 0.032767710049423374
47 0.41094594594594597 0.40372322899505764 0.09770270270270269 0.04263591433278418
38 0.4108783783783784 0.34200988467874793 0.06639639639639644 0.033673805601317955
39 0.593018018018018 0.23354200988467874 0.04950450450450455 0.01846787479406916
47 0.41414414414414413 0.4737232289950577 0.07639639639639643 0.032471169686985234
25 0.8207657657657658 0.17100494233937394 0.13770270270270268 0.09616144975288302
35 0.7038738738738738 0.6835420098846788 0.07027027027027037 0.04658978583196042
35 0.7006306306306306 0.8427512355848435 0.08108108108108109 0.045864909390444866
35 0.7019594594594595 0.9349588138385502 0.08029279279279274 0.045057660626029505
1 0.5755405405405406 0.15120263591433278 0.09772522522522525 0.09456342668863263