42 0.23406766325727774 0.06891271056661562 0.07041699449252557 0.03139356814701378
42 0.471675845790716 0.030627871362940276 0.02675059008654603 0.016079632465543645
42 0.46066089693154993 0.18759571209800918 0.07199055861526357 0.03445635528330781
42 0.18214004720692367 0.1362940275650842 0.07317073170731707 0.03598774885145482
17 0.4925255704169945 0.026033690658499236 0.023210070810385522 0.02526799387442573
46 0.13926042486231313 0.16003062787136293 0.04760031471282455 0.015313935681470138
46 0.16876475216365067 0.17151607963246554 0.01927616050354052 0.01914241960183767
46 0.3009441384736428 0.17304747320061256 0.029504327301337528 0.018376722817764167
46 0.32769472856018883 0.16003062787136293 0.04366640440597954 0.013016845329249618
46 0.028717545239968528 0.08958652373660031 0.024390243902439025 0.02450229709035222
22 0.2647521636506688 0.11485451761102604 0.035798583792289534 0.013016845329249618
47 0.23406766325727774 0.16156202143950996 0.05507474429583006 0.016845329249617153
38 0.23406766325727774 0.1362940275650842 0.037372147915027534 0.013782542113323124
39 0.33792289535798586 0.09341500765696784 0.02832415420928403 0.006891271056661562
47 0.23603461841070023 0.1891271056661562 0.04366640440597954 0.01225114854517611
25 0.46774193548387094 0.0681470137825421 0.07828481510621557 0.03828483920367534
35 0.4008654602675059 0.27335375191424194 0.03973249409913454 0.018376722817764167
35 0.3988985051140834 0.33690658499234305 0.04602675059008655 0.01761102603369066
35 0.3996852871754524 0.37366003062787134 0.044846577498033044 0.01761102603369066
1 0.32769472856018883 0.06049004594180704 0.05507474429583006 0.03751914241960184
42 0.5771046420141621 0.2105666156202144 0.014948859166011016 0.11791730474732007
35 0.5853658536585366 0.3330781010719755 0.03147128245476003 0.05666156202143951
25 0.2867820613690008 0.4318529862174579 0.04956726986624705 0.06125574272588055
1 0.15696302124311565 0.5130168453292496 0.050747442958300554 0.04134762633996937
1 0.08143194335169159 0.55895865237366 0.053107789142407553 0.039816232771822356
22 0.12706530291109364 0.4058192955589586 0.01809598741148702 0.01225114854517611
42 0.12667191188040913 0.44180704441041346 0.021636506687647522 0.032924961715160794
42 0.23800157356412274 0.503062787136294 0.05704169944925256 0.06125574272588055
42 0.04445318646734855 0.4946401225114854 0.05546813532651455 0.06125574272588055
42 0.7277734067663257 0.47549770290964777 0.03068450039339103 0.05359877488514548
42 0.7572777340676633 0.5168453292496171 0.02832415420928403 0.05819295558958652
42 0.8481510621557828 0.5153139356814701 0.02832415420928403 0.05666156202143951
46 0.5826121164437451 0.6049004594180705 0.025963808025177025 0.030627871362940276
46 0.6624704956726987 0.6355283307810107 0.01809598741148702 0.04134762633996937
42 0.7265932336742722 0.678407350689127 0.044846577498033044 0.07044410413476264
46 0.8481510621557828 0.5712098009188361 0.014162077104642014 0.039816232771822356
46 0.9146341463414634 0.6056661562021439 0.025963808025177025 0.03215926493108729
34 0.8154996066089694 0.498468606431853 0.02753737214791503 0.12098009188361408