42 0.6056419113413932 0.22098214285714285 0.06764536557282672 0.04631696428571429
42 0.3471502590673575 0.36941964285714285 0.07484168105929764 0.046875
42 0.4579735175590098 0.1875 0.07915947035118019 0.04799107142857143
46 0.40702360391479564 0.15904017857142858 0.033103051237766266 0.03125
46 0.38111686816350027 0.17857142857142858 0.04173862982153138 0.012834821428571428
46 0.3788140472078296 0.2650669642857143 0.04029936672423719 0.01953125
46 0.4075993091537133 0.28236607142857145 0.028785261945883708 0.028459821428571428
46 0.5610247553252734 0.08705357142857142 0.05325273459988486 0.016183035714285716
22 0.5048934945308002 0.24162946428571427 0.028785261945883708 0.0234375
47 0.40414507772020725 0.22154017857142858 0.03742084052964882 0.03627232142857143
38 0.4579735175590098 0.22154017857142858 0.030224525043177894 0.024553571428571428
39 0.5523891767415083 0.2890625 0.01583189407023604 0.018415178571428572
47 0.34283246977547494 0.22265625 0.02734599884858952 0.028459821428571428
25 0.6021876799078871 0.37332589285714285 0.07484168105929764 0.05133928571428571
35 0.1591824985607369 0.33035714285714285 0.04029936672423719 0.026227678571428572
35 0.020149683362118594 0.32924107142857145 0.038860103626943004 0.030133928571428572
1 0.6113989637305699 0.28236607142857145 0.05613126079447323 0.03627232142857143
56 0.7089810017271158 0.021763392857142856 0.021301093839953943 0.04352678571428571
42 0.8146229130685089 0.6646205357142857 0.024179620034542316 0.04575892857142857
46 0.7682786413356362 0.6930803571428571 0.014968336211859529 0.03794642857142857
42 0.9536557282671272 0.8180803571428571 0.02360391479562464 0.049107142857142856
42 0.8016695451928613 0.9698660714285714 0.02936096718480138 0.04241071428571429
46 0.7838226827864133 0.9380580357142857 0.014392630972941854 0.036830357142857144
46 0.8223949337938975 0.9408482142857143 0.016119746689694875 0.03125
46 0.8681635002878526 0.6936383928571429 0.00978698906160046 0.03125