42 0.21747967479674796 0.07229402261712439 0.06544715447154471 0.033117932148626815
42 0.43821138211382116 0.03231017770597738 0.025203252032520326 0.016558966074313407
42 0.42804878048780487 0.19668820678513732 0.06666666666666667 0.03594507269789984
42 0.16910569105691056 0.14337641357027464 0.06788617886178862 0.03796445880452343
17 0.45772357723577234 0.02705977382875606 0.021544715447154472 0.026252019386106624
46 0.12926829268292683 0.1680129240710824 0.04390243902439024 0.015751211631663976
46 0.15691056910569107 0.1801292407108239 0.01788617886178862 0.020193861066235864
46 0.27967479674796747 0.18134087237479807 0.02723577235772358 0.01938610662358643
46 0.30447154471544713 0.16760904684975766 0.04065040650406504 0.013731825525040387
46 0.026829268292682926 0.09410339256865913 0.022764227642276424 0.02544426494345719
22 0.24634146341463414 0.12075928917609047 0.03333333333333333 0.013731825525040387
47 0.21747967479674796 0.16922455573505654 0.05121951219512195 0.017770597738287562
38 0.21747967479674796 0.14337641357027464 0.034552845528455285 0.014539579967689823
39 0.31422764227642275 0.0981421647819063 0.026422764227642278 0.007673667205169628
47 0.21951219512195122 0.1987075928917609 0.04065040650406504 0.012924071082390954
25 0.4345528455284553 0.07189014539579967 0.07276422764227643 0.03998384491114701
35 0.3723577235772358 0.2867528271405493 0.03699186991869919 0.01938610662358643
35 0.37073170731707317 0.3533925686591276 0.043089430894308944 0.018578352180936994
35 0.37113821138211384 0.39176090468497576 0.04186991869918699 0.018578352180936994
1 0.30447154471544713 0.06340872374798061 0.05121951219512195 0.03917609046849758
42 0.6601626016260163 0.2407108239095315 0.04390243902439024 0.0420032310177706
42 0.8467479674796748 0.24151857835218093 0.041463414634146344 0.046849757673667204
42 0.7670731707317073 0.22172859450726978 0.01869918699186992 0.021809369951534735
42 0.9524390243902439 0.22334410339256866 0.027642276422764227 0.022617124394184167
42 0.5808943089430895 0.22132471728594508 0.01869918699186992 0.025848142164781908
42 0.8910569105691057 0.31381260096930536 0.01951219512195122 0.021809369951534735
42 0.7052845528455285 0.31462035541195477 0.023577235772357725 0.021809369951534735
93 0.9317073170731708 0.34773828756058156 0.03902439024390244 0.03877221324717286
22 0.7378048780487805 0.22172859450726978 0.025203252032520326 0.018578352180936994
22 0.552439024390244 0.22132471728594508 0.023577235772357725 0.012924071082390954
22 0.6130081300813008 0.22132471728594508 0.022764227642276424 0.017770597738287562
22 0.8926829268292683 0.25323101777059775 0.016260162601626018 0.021809369951534735
22 0.9239837398373983 0.22172859450726978 0.01707317073170732 0.020193861066235864
22 0.983739837398374 0.22172859450726978 0.016260162601626018 0.020193861066235864
22 0.7060975609756097 0.2520193861066236 0.02032520325203252 0.0210016155088853
7 0.5333333333333333 0.21324717285945072 0.008130081300813009 0.046849757673667204
7 0.8955284552845528 0.21809369951534732 0.023577235772357725 0.045234248788368334
22 0.7955284552845528 0.22172859450726978 0.02195121951219512 0.018578352180936994
7 0.7089430894308943 0.21607431340872374 0.022764227642276424 0.0444264943457189
1 0.8556910569105691 0.28473344103392567 0.04959349593495935 0.02827140549273021
1 0.6699186991869919 0.284329563812601 0.055284552845528454 0.02988691437802908
42 0.9605691056910569 0.40387722132471726 0.05934959349593496 0.030694668820678513
49 0.2788617886178862 0.7980613893376414 0.07967479674796749 0.08239095315024232
25 0.15934959349593497 0.8263327948303716 0.06829268292682927 0.07754442649434572
42 0.16341463414634147 0.9402261712439418 0.06666666666666667 0.06623586429725363
42 0.3951219512195122 0.9499192245557351 0.03577235772357724 0.04038772213247173
42 0.3991869918699187 0.9850565428109854 0.03739837398373984 0.02988691437802908
42 0.3276422764227642 0.8982229402261712 0.06991869918699187 0.06623586429725363
56 0.07073170731707316 0.8481421647819063 0.03739837398373984 0.027463651050080775
42 0.03536585365853658 0.8780290791599353 0.06422764227642276 0.0630048465266559
86 0.012601626016260163 0.6704361873990307 0.025203252032520326 0.027463651050080775
93 0.027642276422764227 0.7144588045234249 0.055284552845528454 0.05573505654281099
3 0.28008130081300814 0.9689014539579968 0.04796747967479675 0.03150242326332795
48 0.24390243902439024 0.9390145395799677 0.03333333333333333 0.029079159935379646
96 0.27967479674796747 0.9208400646203554 0.023577235772357725 0.02665589660743134