42 0.04112903225806452 0.29225023342670403 0.08225806451612903 0.04668534080298786
42 0.3564516129032258 0.14239028944911297 0.0913978494623656 0.0480859010270775
42 0.22123655913978493 0.32819794584500467 0.09650537634408603 0.04855275443510738
46 0.28360215053763443 0.3566760037348273 0.04032258064516129 0.031746031746031744
46 0.3150537634408602 0.3370681605975724 0.050806451612903224 0.012605042016806723
46 0.317741935483871 0.2488328664799253 0.049193548387096775 0.0196078431372549
46 0.28279569892473116 0.23109243697478993 0.03521505376344086 0.028944911297852476
46 0.0956989247311828 0.42997198879551823 0.06505376344086021 0.016339869281045753
22 0.164247311827957 0.2726423902894491 0.03521505376344086 0.023809523809523808
47 0.2870967741935484 0.2931839402427638 0.0456989247311828 0.03688141923436041
38 0.22123655913978493 0.2931839402427638 0.03682795698924731 0.024743230625583566
39 0.10618279569892473 0.22408963585434175 0.01935483870967742 0.018674136321195144
47 0.36155913978494625 0.29225023342670403 0.03333333333333333 0.028944911297852476
25 0.04489247311827957 0.13725490196078433 0.08951612903225807 0.05228758169934641
35 0.5854838709677419 0.18207282913165265 0.049193548387096775 0.02661064425770308
35 0.7551075268817204 0.18347338935574228 0.047311827956989246 0.03081232492997199
1 0.03413978494623656 0.23015873015873015 0.06827956989247312 0.036414565826330535
39 0.899731182795699 0.9705882352941176 0.013978494623655914 0.009337068160597572
39 0.9 0.8968253968253969 0.013440860215053764 0.013071895424836602
39 0.899731182795699 0.7619047619047619 0.013440860215053764 0.012138188608776844
39 0.8991935483870968 0.6465919701213819 0.015591397849462365 0.011204481792717087