25 0.16077636152954808 0.05589519650655022 0.04171494785631518 0.046724890829694325
25 0.07531865585168018 0.36375545851528385 0.040266512166859794 0.04323144104803493
93 0.23174971031286212 0.4262008733624454 0.03157589803012746 0.03537117903930131
93 0.07792584009269989 0.17467248908296942 0.03360370799536501 0.036244541484716154
1 0.3261877172653534 0.4148471615720524 0.03968713789107764 0.02794759825327511
42 0.07560834298957127 0.4104803493449782 0.03563151796060255 0.03842794759825328
42 0.14049826187717265 0.3358078602620087 0.035052143684820396 0.039301310043668124
42 0.17091541135573582 0.43624454148471614 0.016801853997682505 0.019650655021834062
42 0.23261877172653533 0.359825327510917 0.01825028968713789 0.021834061135371178
42 0.2951911935110081 0.35807860262008734 0.01477404403244496 0.019650655021834062
42 0.35834298957126304 0.4344978165938865 0.016801853997682505 0.016593886462882096
42 0.38789107763615294 0.34366812227074234 0.03707995365005794 0.039301310043668124
1 0.0776361529548088 0.1296943231441048 0.016801853997682505 0.03711790393013101
46 0.13702201622247973 0.2694323144104803 0.01825028968713789 0.03275109170305677
46 0.07155272305909617 0.29519650655021834 0.02346465816917729 0.013537117903930132
46 0.13093858632676708 0.388646288209607 0.010139049826187718 0.021834061135371178
1 0.19669756662804172 0.4165938864628821 0.038238702201622246 0.02794759825327511
22 0.3241599073001159 0.35851528384279474 0.0194090382387022 0.013537117903930132
22 0.35834298957126304 0.39388646288209606 0.014194669756662804 0.018777292576419215
22 0.20307068366164543 0.35807860262008734 0.01477404403244496 0.013537117903930132
22 0.17207415990730013 0.39344978165938865 0.01477404403244496 0.01834061135371179
22 0.1100811123986095 0.4580786026200873 0.013325608342989572 0.01572052401746725
7 0.3548667439165701 0.35414847161572055 0.021436848203939745 0.04323144104803493
7 0.17526071842410196 0.3519650655021834 0.02085747392815759 0.045414847161572056
95 0.246234067207416 0.18820960698689956 0.01477404403244496 0.03406113537117904
42 0.1100811123986095 0.4344978165938865 0.01825028968713789 0.021397379912663755
42 0.1436848203939745 0.4344978165938865 0.034183082271147164 0.04017467248908297
42 0.07560834298957127 0.056768558951965066 0.042294322132097335 0.05283842794759825
35 0.3589223638470452 0.15502183406113537 0.02694090382387022 0.021397379912663755
35 0.3571842410196987 0.1903930131004367 0.020278099652375436 0.023580786026200874
35 0.060544611819235226 0.24934497816593887 0.021436848203939745 0.021834061135371178
69 0.7896871378910776 0.049344978165938864 0.08690614136732329 0.09868995633187773
58 0.7882387022016223 0.23231441048034934 0.09675550405561993 0.13973799126637554
54 0.7865005793742758 0.41790393013100435 0.08980301274623406 0.10393013100436681
1 0.3595017381228273 0.4903930131004367 0.024913093858632676 0.04104803493449782
1 0.11355735805330243 0.4882096069868996 0.04519119351100811 0.03668122270742358