25 0.175 0.07376283846872082 0.04543010752688172 0.06209150326797386
25 0.08198924731182795 0.4803921568627451 0.04381720430107527 0.05695611577964519
93 0.2521505376344086 0.5620915032679739 0.034408602150537634 0.04715219421101774
93 0.08494623655913978 0.23062558356676005 0.03655913978494624 0.0480859010270775
1 0.3551075268817204 0.5476190476190477 0.04327956989247312 0.03688141923436041
42 0.08225806451612903 0.5415499533146592 0.03870967741935484 0.05088702147525677
42 0.15295698924731183 0.4430438842203548 0.038172043010752686 0.05182072829131653
42 0.1860215053763441 0.5756302521008403 0.01827956989247312 0.026143790849673203
42 0.2532258064516129 0.47478991596638653 0.01989247311827957 0.028944911297852476
42 0.32150537634408605 0.47245564892623715 0.016129032258064516 0.026143790849673203
42 0.3897849462365591 0.572829131652661 0.01827956989247312 0.021942110177404293
42 0.4220430107526882 0.45331465919701214 0.04032258064516129 0.05182072829131653
1 0.0846774193548387 0.17133520074696545 0.01827956989247312 0.049019607843137254
46 0.1489247311827957 0.35527544351073764 0.01989247311827957 0.04295051353874883
46 0.07795698924731183 0.38935574229691877 0.025537634408602152 0.017740429505135387
46 0.1424731182795699 0.5126050420168067 0.011021505376344085 0.028944911297852476
1 0.21424731182795698 0.5494864612511672 0.041666666666666664 0.03688141923436041
22 0.35295698924731184 0.4733893557422969 0.021236559139784946 0.017740429505135387
22 0.3897849462365591 0.5196078431372549 0.01532258064516129 0.024743230625583566
22 0.22096774193548388 0.47245564892623715 0.016129032258064516 0.017740429505135387
22 0.18736559139784947 0.5191409897292251 0.016129032258064516 0.023809523809523808
22 0.1196236559139785 0.6045751633986928 0.014516129032258065 0.02100840336134454
7 0.38629032258064516 0.4673202614379085 0.02338709677419355 0.05695611577964519
7 0.19059139784946236 0.46405228758169936 0.02258064516129032 0.059757236227824466
95 0.26801075268817204 0.24789915966386555 0.016129032258064516 0.04481792717086835
42 0.1196236559139785 0.572829131652661 0.01989247311827957 0.028011204481792718
42 0.15618279569892474 0.572829131652661 0.037365591397849465 0.052754435107376284
42 0.08225806451612903 0.07469654528478058 0.046236559139784944 0.0700280112044818
35 0.39059139784946234 0.20448179271708683 0.029301075268817204 0.028011204481792718
35 0.38870967741935486 0.2511671335200747 0.02204301075268817 0.03081232492997199
35 0.06586021505376344 0.3291316526610644 0.02338709677419355 0.028944911297852476
46 0.6338709677419355 0.5686274509803921 0.016129032258064516 0.04855275443510738
46 0.7260752688172043 0.5681605975723623 0.013440860215053764 0.04855275443510738
39 0.6341397849462366 0.6185807656395892 0.01989247311827957 0.0028011204481792717
39 0.7258064516129032 0.6181139122315593 0.01827956989247312 0.003734827264239029