25 0.12567004169148302 0.05116959064327485 0.03692674210839786 0.09064327485380116
93 0.052412150089338895 0.2807017543859649 0.029779630732578916 0.07017543859649122
42 0.10780226325193568 0.5818713450292398 0.030970815961882073 0.05555555555555555
1 0.0521143537820131 0.19371345029239767 0.014889815366289458 0.07163742690058479
46 0.104526503871352 0.46345029239766083 0.016081000595592615 0.06286549707602339
46 0.046754020250148895 0.5131578947368421 0.02084574151280524 0.02631578947368421
7 0.13847528290649197 0.5942982456140351 0.01846337105419893 0.03070175438596491
95 0.20131030375223347 0.30628654970760233 0.013103037522334724 0.06578947368421052
42 0.050327575938058366 0.05263157894736842 0.03752233472304944 0.1023391812865497
35 0.2942227516378797 0.24269005847953215 0.01072066706372841 0.04093567251461988
35 0.2951161405598571 0.31067251461988304 0.008933889219773675 0.04532163742690058
35 0.03692674210839786 0.4247076023391813 0.019058963668850508 0.04239766081871345
25 0.5065515187611673 0.14912280701754385 0.06491959499702203 0.062134502923976605
25 0.3088147706968434 0.5599415204678363 0.01846337105419893 0.05847953216374269
93 0.627159023228112 0.0577485380116959 0.05270994639666468 0.04824561403508772
42 0.564919594997022 0.577485380116959 0.06491959499702203 0.05116959064327485
46 0.3138773079213818 0.402046783625731 0.02858844550327576 0.02046783625730994
30 0.5985705777248362 0.39108187134502925 0.022334723049434187 0.04239766081871345
30 0.598868374032162 0.48099415204678364 0.025908278737343658 0.03289473684210526
42 0.6578320428826683 0.31871345029239767 0.03126861226920786 0.021929824561403508
42 0.6316259678379988 0.1513157894736842 0.07296009529481834 0.056286549707602336
42 0.4577129243597379 0.560672514619883 0.07057772483621202 0.05921052631578947