25 0.22371064969859344 0.06191950464396285 0.0579370395177495 0.05185758513931889
25 0.10482250502344273 0.40170278637770895 0.05626255860683188 0.04721362229102167
93 0.32250502344273274 0.4698142414860681 0.04387139986604153 0.039473684210526314
93 0.10850636302746149 0.19272445820433437 0.04688546550569324 0.04024767801857585
1 0.45411922304085733 0.4582043343653251 0.055257870060281315 0.030959752321981424
42 0.10549229738780978 0.45278637770897834 0.04956463496316142 0.04256965944272446
42 0.1955793703951775 0.37074303405572756 0.04855994641661085 0.043343653250773995
42 0.2377762893503014 0.48142414860681115 0.02344273275284662 0.021671826625386997
42 0.3241795043536504 0.39705882352941174 0.025452109845947757 0.023993808049535603
42 0.4112525117213664 0.39473684210526316 0.020763563295378432 0.021671826625386997
42 0.4986604152712659 0.4791021671826625 0.02344273275284662 0.018575851393188854
42 0.5398526456798393 0.37925696594427244 0.05157401205626256 0.043343653250773995
1 0.10817146684527797 0.14318885448916407 0.02344273275284662 0.04102167182662539
46 0.19055592766242466 0.29721362229102166 0.025452109845947757 0.03560371517027864
46 0.09979906229068988 0.3258513931888545 0.03281982585398526 0.014705882352941176
46 0.18218352310783656 0.42879256965944273 0.01406563965170797 0.023993808049535603
1 0.2739450770261219 0.45975232198142413 0.05324849296718017 0.030959752321981424
22 0.4514400535833891 0.3955108359133127 0.02712659075686537 0.014705882352941176
22 0.4986604152712659 0.43498452012383904 0.019758874748827863 0.02089783281733746
22 0.282987273945077 0.39473684210526316 0.020763563295378432 0.014705882352941176
22 0.23978566644340255 0.4342105263157895 0.020763563295378432 0.020123839009287926
22 0.15304755525787006 0.5054179566563467 0.018754186202277295 0.01780185758513932
7 0.4939718687206966 0.3908668730650155 0.029805760214333555 0.04721362229102167
7 0.24380442062960483 0.38854489164086686 0.02913596784996651 0.05030959752321981
95 0.34293369055592765 0.20743034055727555 0.020763563295378432 0.037925696594427245
42 0.15304755525787006 0.4791021671826625 0.025452109845947757 0.02321981424148607
42 0.19993302076356329 0.4791021671826625 0.047890154052243804 0.04411764705882353
42 0.10549229738780978 0.06269349845201239 0.058941728064300064 0.058823529411764705
35 0.4996651038178165 0.17105263157894737 0.03750837240455459 0.02321981424148607
35 0.4973208305425318 0.20975232198142416 0.02813127930341594 0.025541795665634675
35 0.08439383791024782 0.27476780185758515 0.029805760214333555 0.023993808049535603
42 0.6795043536503684 0.2770897832817337 0.03549899531145345 0.08513931888544891
42 0.7049564634963161 0.5085139318885449 0.036838580040187544 0.020123839009287926
42 0.8938379102478232 0.47832817337461303 0.04085733422638982 0.0804953560371517
42 0.9872739450770261 0.44659442724458204 0.025452109845947757 0.08513931888544891
42 0.9320160750167448 0.23452012383900928 0.03884795713328868 0.08978328173374613
42 0.7990622906898861 0.22136222910216719 0.016075016744809108 0.04643962848297214
42 0.6483590087073008 0.25386996904024767 0.016744809109176157 0.04643962848297214
42 0.6486939048894843 0.46362229102167185 0.01808439383791025 0.04179566563467492
3 0.948760884125921 0.41873065015479877 0.027461486939048894 0.05263157894736842
93 0.7585398526456798 0.48297213622291024 0.036838580040187544 0.07120743034055728
93 0.8352310783657066 0.49767801857585137 0.034829202947086406 0.04179566563467492
49 0.9909578030810449 0.35526315789473684 0.01808439383791025 0.08823529411764706
47 0.8004018754186202 0.07120743034055728 0.01406563965170797 0.06501547987616099
47 0.6818486269256531 0.4605263157894737 0.015405224380442064 0.06191950464396285
1 0.7153382451440053 0.35835913312693496 0.04420629604822505 0.06346749226006192
42 0.8600133958472873 0.4102167182662539 0.018754186202277295 0.043343653250773995
25 0.9906229068988613 0.23839009287925697 0.018754186202277295 0.1021671826625387
17 0.7444742129939719 0.33746130030959753 0.015405224380442064 0.06191950464396285
35 0.674815807099799 0.16873065015479877 0.02478231748158071 0.05263157894736842
39 0.8616878767582049 0.22523219814241485 0.01808439383791025 0.03560371517027864
96 0.9511051574012056 0.35294117647058826 0.02277294038847957 0.04643962848297214
48 0.9316811788345613 0.37693498452012386 0.02277294038847957 0.04179566563467492
23 0.644675150703282 0.739938080495356 0.010046885465505693 0.04024767801857585
42 0.9132618888144675 0.5356037151702786 0.027461486939048894 0.034055727554179564
1 0.9578030810448761 0.6462848297213623 0.06296048225050234 0.08513931888544891
39 0.6868720696584059 0.7383900928792569 0.01406563965170797 0.05263157894736842