25 0.3498389458272328 0.1190499194847021 0.09005856515373352 0.10049919484702093
25 0.16393850658857978 0.7744283413848632 0.08830161054172768 0.09161030595813202
93 0.504524158125915 0.9063446054750403 0.06934114202049782 0.07587761674718178
93 0.1697510980966325 0.37209339774557165 0.07330893118594435 0.07665056360708539
1 0.7097510980966325 0.8835909822866346 0.08579795021961928 0.06025764895330125
42 0.1649926793557833 0.8734782608695651 0.07710102489019031 0.08130434782608698
42 0.30592972181551975 0.7151529790660226 0.07677891654465592 0.08349436392914658
42 0.37219619326500736 0.9285185185185185 0.03629575402635435 0.04178743961352664
42 0.5063836017569546 0.7655233494363929 0.03959004392386525 0.04665056360708539
42 0.643103953147877 0.7615136876006441 0.03238653001464129 0.041561996779387995
42 0.7793557833089311 0.9239774557165861 0.0360322108345533 0.035619967793880665
42 0.8440263543191802 0.7310305958132045 0.0801610541727672 0.08458937198067629
1 0.16898975109809666 0.2761996779388084 0.03715959004392388 0.07808373590982289
46 0.2976866764275256 0.5733977455716586 0.039004392386529994 0.06933977455716596
46 0.1557393850658858 0.6280193236714976 0.050585651537335304 0.029694041867955
46 0.28464128843338216 0.8266988727858293 0.020907759882869654 0.046022544283413826
1 0.4282430453879942 0.8861191626409017 0.08449487554904837 0.05945249597423522
22 0.7053440702781845 0.762914653784219 0.042401171303074726 0.029694041867955
22 0.779502196193265 0.8381320450885669 0.030995607613470092 0.039613526570048255
22 0.44181551976573935 0.7613365539452497 0.031786237188872676 0.02946859903381635
22 0.37478770131771594 0.8374718196457328 0.030819912152269417 0.038276972624798684
22 0.23951683748169839 0.975072463768116 0.02915080527086387 0.03536231884057977
7 0.7725622254758419 0.7532367149758454 0.04638360175695462 0.09233494363929151
7 0.3814055636896047 0.7485990338164251 0.0467203513909224 0.0976811594202898
95 0.5356076134699853 0.4005314009661835 0.033030746705710025 0.07202898550724636
42 0.23932650073206443 0.9244766505636072 0.04062957540263543 0.04462157809983903
42 0.31250366032210836 0.9240257648953302 0.07395314787701317 0.08550724637681145
42 0.16440702781844804 0.12040257648953301 0.09188872620790631 0.11196457326892109
35 0.7812152269399708 0.33022544283413846 0.058389458272328124 0.045603864734299504
35 0.7776866764275255 0.40500805152979064 0.043323572474377625 0.048792270531400936
35 0.1314787701317716 0.5307407407407407 0.04733528550512447 0.045523349436392885