25 0.14285714285714285 0.07894736842105263 0.06609808102345416 0.09064327485380116
93 0.019189765458422176 0.3084795321637427 0.03837953091684435 0.07017543859649122
1 0.012260127931769723 0.22149122807017543 0.024520255863539446 0.07163742690058479
46 0.10501066098081023 0.49122807017543857 0.028784648187633263 0.06286549707602339
46 0.010127931769722815 0.5409356725146199 0.02025586353944563 0.02631578947368421
95 0.27825159914712155 0.3340643274853801 0.023454157782515993 0.06578947368421052
42 0.020788912579957356 0.0804093567251462 0.04157782515991471 0.1023391812865497
35 0.4568230277185501 0.27046783625730997 0.042643923240938165 0.04093567251461988
35 0.4541577825159915 0.33845029239766083 0.031982942430703626 0.04532163742690058
42 0.5922174840085288 0.3055555555555556 0.04157782515991471 0.05263157894736842
42 0.591684434968017 0.08771929824561403 0.04051172707889126 0.05263157894736842
42 0.6934968017057569 0.2361111111111111 0.039445628997867806 0.049707602339181284
42 0.6940298507462687 0.4546783625730994 0.04051172707889126 0.05555555555555555
42 0.6934968017057569 0.023391812865497075 0.04371002132196162 0.04678362573099415
79 0.9493603411513859 0.39473684210526316 0.03091684434968017 0.03654970760233918
79 0.9450959488272921 0.17982456140350878 0.03731343283582089 0.033625730994152045
22 0.9866737739872068 0.17543859649122806 0.022388059701492536 0.04239766081871345
22 0.9888059701492538 0.3925438596491228 0.017057569296375266 0.03216374269005848
42 0.5954157782515992 0.5255847953216374 0.03731343283582089 0.04824561403508772
29 0.5922174840085288 0.38011695906432746 0.035181236673773986 0.06578947368421052
29 0.593816631130064 0.16593567251461988 0.035181236673773986 0.06432748538011696
7 0.6652452025586354 0.2682748538011696 0.03091684434968017 0.059941520467836254
7 0.6647121535181236 0.48464912280701755 0.02771855010660981 0.06725146198830409
7 0.6625799573560768 0.05263157894736842 0.029850746268656716 0.07602339181286549
42 0.11034115138592751 0.8230994152046783 0.04371002132196162 0.06140350877192982
46 0.13752665245202558 0.9407894736842105 0.03624733475479744 0.038011695906432746
42 0.40191897654584224 0.8559941520467836 0.04051172707889126 0.07456140350877193
46 0.3715351812366738 0.9013157894736842 0.035181236673773986 0.03654970760233918
46 0.3742004264392324 0.8033625730994152 0.029850746268656716 0.04093567251461988
46 0.13805970149253732 0.6871345029239766 0.029850746268656716 0.024853801169590642
49 0.6918976545842217 0.9597953216374269 0.06823027718550106 0.0804093567251462
25 0.6753731343283582 0.7997076023391813 0.06929637526652452 0.0847953216374269
42 0.5911513859275054 0.9612573099415205 0.06929637526652452 0.07748538011695906
42 0.8150319829424307 0.8830409356725146 0.060767590618336885 0.09064327485380116
42 0.894456289978678 0.881578947368421 0.06396588486140725 0.0847953216374269
42 0.9722814498933902 0.8823099415204678 0.05543710021321962 0.08625730994152046
39 0.8971215351812367 0.9956140350877193 0.02025586353944563 0.008771929824561403