25 0.2413178984861977 0.03917609046849758 0.06255565449688334 0.0327140549273021
25 0.11308993766696349 0.2552504038772213 0.060552092609082814 0.030290791599353797
93 0.34795191451469276 0.2988691437802908 0.047417631344612646 0.025040387722132473
93 0.11709706144256456 0.12277867528271405 0.050534283170080144 0.02544426494345719
1 0.4897595725734639 0.2911954765751212 0.05966162065894924 0.01978998384491115
42 0.11353517364203028 0.2879644588045234 0.053428317008014245 0.02705977382875606
42 0.21104185218165628 0.23546042003231019 0.05253784505788068 0.027463651050080775
42 0.25645592163846836 0.3061389337641357 0.025155832591273374 0.013731825525040387
42 0.34928762243989314 0.2524232633279483 0.02715939447907391 0.015347334410339256
42 0.4432324131789849 0.25121163166397414 0.02226179875333927 0.013731825525040387
42 0.5376224398931434 0.3045234248788368 0.025155832591273374 0.011712439418416801
42 0.582146037399822 0.24111470113085623 0.05543187889581478 0.027463651050080775
1 0.11665182546749778 0.09087237479806139 0.025155832591273374 0.025848142164781908
46 0.20547640249332147 0.1890145395799677 0.02715939447907391 0.023021001615508886
46 0.10752448797862868 0.20678513731825526 0.03539626001780944 0.009693053311793215
46 0.19634906500445237 0.2726171243941842 0.015138023152270703 0.015347334410339256
1 0.2954140694568121 0.2920032310177706 0.057658058771148706 0.01978998384491115
22 0.4866429207479964 0.2516155088852989 0.029385574354407838 0.009693053311793215
22 0.5376224398931434 0.2762520193861066 0.021148708815672306 0.01332794830371567
22 0.304986642920748 0.25121163166397414 0.02226179875333927 0.009693053311793215
22 0.2584594835262689 0.27584814216478193 0.02226179875333927 0.012924071082390954
22 0.1651825467497774 0.32148626817447495 0.020258236865538737 0.011308562197092083
7 0.5327248441674087 0.24838449111470112 0.03227960819234194 0.030290791599353797
7 0.26313446126447015 0.24676898222940227 0.03138913624220837 0.031906300484652664
95 0.3695458593054319 0.13206785137318255 0.02226179875333927 0.02382875605815832
42 0.1651825467497774 0.3045234248788368 0.02715939447907391 0.01494345718901454
42 0.21549421193232413 0.3045234248788368 0.051424755120213717 0.02827140549273021
42 0.11353517364203028 0.03998384491114701 0.06366874443455031 0.03715670436187399
35 0.5387355298308103 0.10864297253634896 0.04029385574354408 0.01494345718901454
35 0.536286731967943 0.1332794830371567 0.030276046304541407 0.016558966074313407
35 0.09082813891362422 0.17487883683360259 0.03227960819234194 0.015347334410339256
42 0.3566340160284951 0.3647011308562197 0.0396260017809439 0.049273021001615507
42 0.4298753339269813 0.4058966074313409 0.04363312555654497 0.04563812600969305
25 0.354853072128228 0.4345718901453958 0.05253784505788068 0.05694668820678514
42 0.45325022261798753 0.4458804523424879 0.021148708815672306 0.02544426494345719
38 0.42341941228851293 0.36550888529886916 0.019367764915405164 0.028675282714054926
22 0.06856634016028496 0.33360258481421645 0.0213713268032057 0.008077544426494346
42 0.06789848619768478 0.39579967689822293 0.021148708815672306 0.02665589660743134
93 0.1097506678539626 0.43739903069466884 0.0396260017809439 0.051292407108239096
38 0.4240872662511131 0.3683360258481422 0.019367764915405164 0.02544426494345719
1 0.13156723063223508 0.5751211631663974 0.0365093499554764 0.06058158319870759
1 0.03406055209260908 0.3598546042003231 0.053428317008014245 0.034329563812600966
42 0.13512911843276937 0.5133279483037156 0.05097951914514693 0.05977382875605816
35 0.5060106856634016 0.5710823909531503 0.025155832591273374 0.030290791599353797
35 0.07658058771148708 0.6288368336025848 0.033170080142475515 0.028675282714054926
39 0.16228851291184326 0.6437802907915994 0.021816562778272486 0.0210016155088853
1 0.4946571682991986 0.40468497576736673 0.051869991095280496 0.03877221324717286
49 0.8014247551202137 0.7649434571890146 0.04363312555654497 0.08239095315024232
25 0.7359750667853963 0.7932148626817448 0.037399821905609976 0.07754442649434572
42 0.7382012466607302 0.907108239095315 0.0365093499554764 0.06623586429725363
42 0.865093499554764 0.9168012924071083 0.019590382902938557 0.04038772213247173
42 0.8673196794300979 0.9539579967689822 0.020480854853072127 0.033925686591276254
42 0.8281389136242209 0.8651050080775444 0.03829029385574354 0.06623586429725363
56 0.6936776491540516 0.8150242326332795 0.008014247551202136 0.027463651050080775
74 0.7640249332146037 0.9773828756058158 0.02226179875333927 0.045234248788368334
3 0.8020926090828139 0.93578352180937 0.02626892252894034 0.03150242326332795
48 0.782279608192342 0.9058966074313409 0.0182546749777382 0.02988691437802908
96 0.8018699910952805 0.8877221324717286 0.013357079252003561 0.025848142164781908