25 0.17145156962704589 0.05618686868686869 0.04453984437885699 0.04671717171717172
25 0.08035953850281728 0.36363636363636365 0.043064126643412935 0.04292929292929293
93 0.2471156426079957 0.42613636363636365 0.033673195599678026 0.03535353535353535
93 0.08317681781593775 0.17487373737373738 0.03581969412396029 0.036616161616161616
1 0.3478669170914945 0.4147727272727273 0.04225918969680709 0.027777777777777776
42 0.08076200697612021 0.41035353535353536 0.03796619264824255 0.03851010101010101
42 0.14998658438422324 0.33585858585858586 0.03729541185940435 0.039141414141414144
42 0.1821840622484572 0.43623737373737376 0.017976925140863964 0.019570707070707072
42 0.24818889187013685 0.35984848484848486 0.01931848671854038 0.022095959595959596
42 0.31486450228065466 0.35795454545454547 0.0158304266165817 0.019570707070707072
42 0.38194258116447544 0.43434343434343436 0.017976925140863964 0.016414141414141416
42 0.41360343439763886 0.3434343434343434 0.039441910383686614 0.039141414141414144
1 0.08290850550040246 0.1294191919191919 0.017976925140863964 0.037247474747474744
46 0.145961899651194 0.26957070707070707 0.01931848671854038 0.03282828282828283
46 0.07633485376978803 0.2948232323232323 0.025087201502548968 0.013888888888888888
46 0.1395224040783472 0.38825757575757575 0.010732492621411323 0.022095959595959596
1 0.20982023074859135 0.4166666666666667 0.04091762811913067 0.027777777777777776
22 0.34572041856721225 0.35858585858585856 0.020794204453984437 0.013888888888888888
22 0.38194258116447544 0.3939393939393939 0.015025489669975852 0.01893939393939394
22 0.21666219479474108 0.35795454545454547 0.0158304266165817 0.013888888888888888
22 0.18365977998390126 0.39330808080808083 0.0158304266165817 0.018308080808080808
22 0.11725248188891871 0.4577020202020202 0.014354708881137644 0.015782828282828284
7 0.37845452106251676 0.3541666666666667 0.022940702978266704 0.04292929292929293
7 0.18687952777032465 0.35164141414141414 0.022269922189428495 0.045454545454545456
95 0.2625436007512745 0.18813131313131312 0.0158304266165817 0.03409090909090909
42 0.11725248188891871 0.43434343434343436 0.01931848671854038 0.021464646464646464
42 0.15320633217064664 0.43434343434343436 0.03662463107056614 0.03977272727272727
42 0.08076200697612021 0.056818181818181816 0.045210625167695195 0.05303030303030303
35 0.3827475181110813 0.1553030303030303 0.02870941776227529 0.021464646464646464
35 0.3808693319023343 0.1900252525252525 0.021464985242822646 0.02335858585858586
35 0.06452911188623559 0.24936868686868688 0.022940702978266704 0.022095959595959596
38 0.09779983901261068 0.4753787878787879 0.014757177354440569 0.011363636363636364
42 0.7735444056882211 0.6736111111111112 0.022001609873893213 0.10227272727272728
42 0.8219747786423397 0.9015151515151515 0.011537429568017172 0.05303030303030303
42 0.8321706466326805 0.47853535353535354 0.009927555674805473 0.017676767676767676
42 0.8875771397907164 0.7184343434343434 0.011805741883552455 0.05808080808080808
93 0.9158840890796888 0.9804292929292929 0.02012342366514623 0.039141414141414144
93 0.863026562919238 0.6597222222222222 0.0174403005097934 0.07449494949494949
93 0.8532331634022001 0.8131313131313131 0.020391735980681513 0.09343434343434344
42 0.9040783471961363 0.8238636363636364 0.022269922189428495 0.10732323232323232
8 0.8235846525355514 0.7083333333333334 0.012610678830158305 0.09595959595959595
22 0.832707271263751 0.5378787878787878 0.009390931043734908 0.04040404040404041
46 0.7624094445935068 0.5208333333333334 0.01046418030587604 0.0845959595959596
22 0.8223772471156426 0.9741161616161617 0.00965924335927019 0.04924242424242424
93 0.9922189428494768 0.7834595959595959 0.015562114301046419 0.08712121212121213
1 0.978669170914945 0.9305555555555556 0.012074054199087738 0.09090909090909091
7 0.9404346659511672 0.8333333333333334 0.012342366514623022 0.11363636363636363
1 0.8056077273946874 0.8547979797979798 0.02092836061175208 0.05303030303030303
86 0.7895089884625704 0.9501262626262627 0.013415615776764154 0.06313131313131314
86 0.9095787496646096 0.9185606060606061 0.010732492621411323 0.07575757575757576
86 0.9712905822377247 0.7651515151515151 0.016098738932116986 0.054292929292929296
86 0.8471961363026563 0.6325757575757576 0.014757177354440569 0.07323232323232323
86 0.8658438422323584 0.48863636363636365 0.021464985242822646 0.03787878787878788
86 0.8690635900187819 0.7941919191919192 0.01663536356318755 0.07828282828282829