25 0.05963302752293578 0.5627769571639586 0.06880733944954129 0.08419497784342689
93 0.06422018348623854 0.1935007385524372 0.05733944954128441 0.07090103397341212
42 0.17087155963302753 0.5081240768094535 0.05963302752293578 0.07680945347119646
42 0.32798165137614677 0.5546528803545052 0.03096330275229358 0.04283604135893648
42 0.43463302752293576 0.55096011816839 0.02522935779816514 0.03840472673559823
42 0.5900229357798165 0.5228951255539144 0.058486238532110095 0.07680945347119646
1 0.06364678899082568 0.10561299852289513 0.028669724770642203 0.0723781388478582
46 0.16456422018348624 0.37813884785819796 0.03096330275229358 0.06351550960118169
46 0.053325688073394495 0.42836041358936483 0.040137614678899085 0.026587887740029542
46 0.15424311926605505 0.604135893648449 0.017201834862385322 0.029542097488921712
22 0.48394495412844035 0.552437223042836 0.033256880733944956 0.026587887740029542
22 0.5418577981651376 0.6107828655834564 0.02408256880733945 0.01624815361890694
22 0.2775229357798165 0.55096011816839 0.02522935779816514 0.026587887740029542
22 0.22477064220183487 0.6107828655834564 0.02522935779816514 0.01624815361890694
7 0.5361238532110092 0.5435745937961596 0.03669724770642202 0.08419497784342689
7 0.22993119266055045 0.5391432791728212 0.03555045871559633 0.08862629246676514
95 0.35091743119266056 0.21935007385524372 0.02522935779816514 0.06646971935007386
35 0.5430045871559633 0.155096011816839 0.045871559633027525 0.0413589364844904
35 0.5401376146788991 0.22378138847858198 0.034403669724770644 0.04579025110782865
35 0.034403669724770644 0.33899556868537667 0.03669724770642202 0.04283604135893648
47 0.6456422018348624 0.49261447562776955 0.02522935779816514 0.056129985228951254
48 0.6892201834862385 0.5657311669128509 0.05619266055045872 0.07385524372230429
42 0.6473623853211009 0.3227474150664697 0.05619266055045872 0.07533234859675036
93 0.7614678899082569 0.518463810930576 0.051605504587155966 0.07090103397341212
93 0.9076834862385321 0.5391432791728212 0.05733944954128441 0.07090103397341212
47 0.8469036697247706 0.13220088626292467 0.0194954128440367 0.05465288035450517
42 0.9850917431192661 0.5132939438700148 0.02981651376146789 0.07828655834564253
39 0.9495412844036697 0.275480059084195 0.02981651376146789 0.025110782865583457
17 0.7540137614678899 0.37813884785819796 0.0194954128440367 0.05465288035450517
42 0.9501146788990825 0.44165435745937964 0.026376146788990827 0.03840472673559823
42 0.8469036697247706 0.2717872968980798 0.03096330275229358 0.03840472673559823
42 0.8950688073394495 0.6115214180206795 0.033256880733944956 0.014771048744460856
1 0.7035550458715596 0.39807976366322007 0.07224770642201835 0.051698670605613
36 0.6381880733944955 0.22304283604135894 0.03784403669724771 0.04431314623338257
25 0.05217889908256881 0.8124076809453471 0.07224770642201835 0.08862629246676514
25 0.231651376146789 0.9379615952732644 0.06995412844036697 0.08862629246676514
42 0.12041284403669725 0.9401772525849336 0.07568807339449542 0.08714918759231906
42 0.6708715596330275 0.8161004431314623 0.03211009174311927 0.04283604135893648
42 0.7436926605504587 0.7562776957163959 0.05619266055045872 0.07976366322008863
42 0.8635321100917431 0.7245199409158051 0.05733944954128441 0.08124076809453472
56 0.9403669724770642 0.9320531757754801 0.034403669724770644 0.03692762186115214
42 0.9053899082568807 0.9630723781388478 0.06077981651376147 0.07385524372230429
42 0.9403669724770642 0.7392909896602659 0.03211009174311927 0.04579025110782865