25 0.47375201288244767 0.15710616438356165 0.05088566827697263 0.04666095890410959
25 0.14009661835748793 0.061215753424657536 0.04669887278582931 0.045376712328767124
93 0.07294685990338164 0.2367294520547945 0.038486312399355876 0.03553082191780822
93 0.3450885668276973 0.0642123287671233 0.0392914653784219 0.03767123287671233
1 0.08486312399355878 0.3428938356164384 0.030273752012882446 0.04452054794520548
42 0.0896940418679549 0.06164383561643835 0.04186795491143317 0.04023972602739726
42 0.17053140096618358 0.1344178082191781 0.0426731078904992 0.039383561643835614
42 0.06183574879227053 0.16866438356164384 0.021256038647342997 0.018835616438356163
42 0.14460547504025764 0.238013698630137 0.02383252818035427 0.02054794520547945
42 0.1466988727858293 0.3082191780821918 0.021256038647342997 0.016695205479452056
42 0.0639291465378422 0.3788527397260274 0.018035426731078906 0.018835616438356163
42 0.16231884057971013 0.4122431506849315 0.0426731078904992 0.041523972602739725
1 0.39371980676328505 0.06378424657534247 0.04009661835748792 0.018835616438356163
46 0.242512077294686 0.13013698630136986 0.035265700483091786 0.02054794520547945
46 0.2146537842190016 0.056934931506849314 0.014814814814814815 0.026541095890410957
46 0.11352657004830918 0.12371575342465753 0.02383252818035427 0.01113013698630137
1 0.08325281803542674 0.19777397260273974 0.030273752012882446 0.04323630136986301
22 0.14589371980676327 0.3407534246575342 0.014814814814814815 0.02183219178082192
22 0.10772946859903382 0.3788527397260274 0.020450885668276974 0.015839041095890412
22 0.1466988727858293 0.2046232876712329 0.014814814814814815 0.016695205479452056
22 0.10821256038647344 0.1699486301369863 0.01964573268921095 0.016695205479452056
22 0.03816425120772947 0.10017123287671233 0.017230273752012883 0.014982876712328766
7 0.15072463768115943 0.375 0.04669887278582931 0.023972602739726026
7 0.1533011272141707 0.1733732876712329 0.04911433172302738 0.023544520547945206
95 0.33075684380032205 0.2529965753424658 0.03687600644122383 0.016695205479452056
42 0.0639291465378422 0.10017123287671233 0.023027375201288246 0.02054794520547945
42 0.0639291465378422 0.13784246575342465 0.043478260869565216 0.038527397260273974
42 0.47294685990338164 0.06164383561643835 0.05732689210950081 0.047517123287671235
35 0.3663446054750403 0.379708904109589 0.023027375201288246 0.030393835616438356
35 0.3281803542673108 0.3775684931506849 0.025442834138486314 0.022688356164383562
35 0.2642512077294686 0.04452054794520548 0.02383252818035427 0.023972602739726026
25 0.8916264090177134 0.7983732876712328 0.06312399355877617 0.1541095890410959