25 0.33406593406593404 0.04375 0.03571428571428571 0.03375
25 0.5563186813186813 0.044375 0.03653846153846154 0.03125
25 0.5964285714285714 0.044375 0.031043956043956045 0.031875
25 0.039285714285714285 0.34875 0.035164835164835165 0.0325
25 0.039285714285714285 0.3925 0.03461538461538462 0.0325
42 0.36813186813186816 0.388125 0.03324175824175824 0.030625
42 0.2892857142857143 0.46125 0.03241758241758242 0.03
49 0.02967032967032967 0.46 0.035164835164835165 0.031875
65 0.03406593406593406 0.264375 0.04807692307692308 0.034375
49 0.40576923076923077 0.045 0.03379120879120879 0.0325
42 0.7879120879120879 0.24375 0.027472527472527472 0.0625
42 0.7914835164835164 0.08625 0.01703296703296703 0.03875
42 0.8107142857142857 0.120625 0.018131868131868133 0.04125
42 0.8700549450549451 0.12125 0.018131868131868133 0.04375
34 0.8478021978021978 0.105625 0.01978021978021978 0.09375
46 0.8706043956043956 0.165 0.008241758241758242 0.0325
46 0.9142857142857143 0.1875 0.013186813186813187 0.02125
46 0.7464285714285714 0.21375 0.010439560439560439 0.03625
46 0.6953296703296703 0.19 0.01703296703296703 0.02375
42 0.3618131868131868 0.640625 0.02142857142857143 0.0575
42 0.3291208791208791 0.874375 0.02197802197802198 0.05375
93 0.4771978021978022 0.609375 0.04230769230769231 0.0925
42 0.5491758241758242 0.725 0.025274725274725275 0.04875
95 0.6096153846153847 0.795625 0.04065934065934066 0.03875
39 0.4318681318681319 0.6825 0.01978021978021978 0.0375
86 0.36730769230769234 0.840625 0.01868131868131868 0.05125
49 0.7975274725274726 0.66 0.03791208791208791 0.0825
69 0.7447802197802198 0.658125 0.03131868131868132 0.06375
42 0.8376373626373627 0.715625 0.02857142857142857 0.06875
25 0.8423076923076923 0.5325 0.03076923076923077 0.045
96 0.835989010989011 0.65625 0.014835164835164835 0.0225
48 0.8456043956043956 0.62 0.013186813186813187 0.03375
3 0.8587912087912087 0.659375 0.016483516483516484 0.04375
42 0.8906593406593407 0.530625 0.02857142857142857 0.04125
42 0.8989010989010989 0.72375 0.02912087912087912 0.06125
42 0.8983516483516484 0.656875 0.02912087912087912 0.07125
42 0.9282967032967033 0.60125 0.015384615384615385 0.04
42 0.9296703296703297 0.670625 0.014835164835164835 0.04375
39 0.9318681318681319 0.7225 0.017582417582417582 0.0275
42 0.9777472527472527 0.69875 0.018131868131868133 0.04375
42 0.9774725274725274 0.799375 0.015934065934065933 0.03625
39 0.9771978021978022 0.55875 0.014285714285714285 0.0175
22 0.9934065934065934 0.746875 0.013186813186813187 0.02875
35 0.9302197802197802 0.975 0.019230769230769232 0.04
22 0.9315934065934066 0.781875 0.013736263736263736 0.03