25 0.26298861949529934 0.05172413793103448 0.028203859475507173 0.03960857409133271
25 0.43814943097476494 0.0521901211556384 0.028698664027709056 0.03681267474370923
25 0.46956952003958435 0.05265610438024231 0.024492825333993072 0.03727865796831314
25 0.030925284512617515 0.40959925442684064 0.027709054923305294 0.03821062441752097
25 0.030925284512617515 0.4608574091332712 0.027214250371103414 0.03821062441752097
42 0.28995546759030183 0.45619757688723206 0.025977238990598714 0.0358807082945014
42 0.22785749628896587 0.5419384902143523 0.025482434438396834 0.035414725069897485
49 0.023503216229589313 0.5410065237651445 0.027709054923305294 0.03727865796831314
65 0.026966848095002473 0.3108108108108108 0.03785254824344384 0.04054054054054054
49 0.3193963384463137 0.05265610438024231 0.026719445818901535 0.03821062441752097
35 0.6660069272637308 0.4683131407269338 0.025729836714497772 0.03075489282385834
42 0.6937159821870361 0.38024231127679403 0.03908955962394854 0.07082945013979497
46 0.7033646709549728 0.4701770736253495 0.029688273132112815 0.028890959925442685
25 0.8485898070262247 0.1700838769804287 0.03859475507174666 0.07269338303821063
42 0.8072736269173676 0.3238583410997204 0.042058386937159825 0.07735321528424977
42 0.8777832756061356 0.39002795899347625 0.03859475507174666 0.0717614165890028
42 0.8483424047501237 0.32199440820130476 0.04354280059376546 0.07269338303821063
46 0.7788223651657595 0.4659832246039143 0.029688273132112815 0.035414725069897485
47 0.739980207817912 0.5316868592730661 0.026719445818901535 0.02982292637465051
47 0.9156358238495794 0.5298229263746506 0.027709054923305294 0.027958993476234855
46 0.9524987629886195 0.4678471575023299 0.029688273132112815 0.03168685927306617
46 0.8785254824344384 0.4664492078285182 0.028203859475507173 0.034482758620689655
46 0.8085106382978723 0.41425908667287975 0.013359722909450767 0.0521901211556384
46 0.8476001979218208 0.4170549860205033 0.013854527461652647 0.05312208760484623
87 0.7409698169223157 0.43988816402609504 0.0326571004453241 0.08014911463187326
87 0.917367639782286 0.4412861136999068 0.03414151410192974 0.08294501397949673