42 0.03483606557377049 0.4369959677419355 0.04918032786885246 0.04939516129032258
42 0.5686475409836066 0.1063508064516129 0.040983606557377046 0.05040322580645161
42 0.514344262295082 0.4274193548387097 0.08299180327868852 0.08568548387096774
42 0.4400614754098361 0.5246975806451613 0.08094262295081968 0.06955645161290322
42 0.36219262295081966 0.5221774193548387 0.04610655737704918 0.07459677419354839
46 0.8529713114754098 0.19657258064516128 0.05122950819672131 0.04133064516129032
46 0.9262295081967213 0.2746975806451613 0.035860655737704916 0.056451612903225805
46 0.9282786885245902 0.3780241935483871 0.0389344262295082 0.057459677419354836
46 0.8524590163934426 0.4536290322580645 0.055327868852459015 0.04133064516129032
94 0.7838114754098361 0.3477822580645161 0.027663934426229508 0.07762096774193548
22 0.8360655737704918 0.32610887096774194 0.040983606557377046 0.03125
94 0.7474385245901639 0.40826612903225806 0.0194672131147541 0.07963709677419355
25 0.586577868852459 0.5206653225806451 0.08913934426229508 0.07762096774193548
102 0.7090163934426229 0.4158266129032258 0.05737704918032787 0.059475806451612906
39 0.34938524590163933 0.46673387096774194 0.020491803278688523 0.024193548387096774
46 0.7566598360655737 0.32711693548387094 0.05122950819672131 0.04536290322580645
37 0.9595286885245902 0.7464717741935484 0.03483606557377049 0.037298387096774195
46 0.6460040983606558 0.719758064516129 0.039959016393442626 0.03024193548387097
46 0.4052254098360656 0.719758064516129 0.0471311475409836 0.024193548387096774
39 0.5973360655737705 0.8145161290322581 0.036885245901639344 0.028225806451612902
39 0.45235655737704916 0.8145161290322581 0.03790983606557377 0.03024193548387097
42 0.5261270491803278 0.717741935483871 0.0932377049180328 0.09879032258064516