42 0.1682769726247987 0.085625 0.03864734299516908 0.06125
42 0.2604669887278583 0.23125 0.03784219001610306 0.06
42 0.3498389694041868 0.284375 0.020128824476650563 0.02875
25 0.5221417069243156 0.280625 0.05998389694041868 0.0325
93 0.427536231884058 0.2225 0.04790660225442834 0.025625
47 0.4428341384863124 0.15625 0.03784219001610306 0.011875
48 0.4923510466988728 0.13625 0.0499194847020934 0.02625
42 0.3466183574879227 0.15625 0.013687600644122383 0.0275
93 0.4601449275362319 0.1025 0.04790660225442834 0.02375
93 0.4742351046698873 0.034375 0.04790660225442834 0.026875
47 0.5789049919484702 0.04 0.023752012882447666 0.01875
17 0.36553945249597425 0.10625 0.037037037037037035 0.00875
39 0.5052334943639292 0.19125 0.026972624798711754 0.00625
42 0.4082125603864734 0.015 0.02576489533011272 0.0125
42 0.44363929146537845 0.1825 0.022946859903381644 0.01625
42 0.5305958132045089 0.040625 0.0249597423510467 0.015625
42 0.5217391304347826 0.221875 0.06763285024154589 0.034375
1 0.3788244766505636 0.129375 0.035829307568438 0.033125
42 0.11151368760064412 0.733125 0.06360708534621579 0.1075
42 0.16867954911433172 0.603125 0.0644122383252818 0.09875
42 0.24919484702093397 0.605625 0.07729468599033816 0.1225
39 0.249597423510467 0.684375 0.033011272141706925 0.03375
39 0.2471819645732689 0.52625 0.0322061191626409 0.025
25 0.0535426731078905 0.605625 0.07407407407407407 0.11375
25 0.5535426731078905 0.610625 0.05152979066022544 0.0725
42 0.6364734299516909 0.61375 0.04589371980676329 0.06875
42 0.6884057971014492 0.678125 0.04186795491143317 0.06125
42 0.7234299516908212 0.565 0.03864734299516908 0.0675
25 0.7475845410628019 0.680625 0.04830917874396135 0.08125
42 0.7572463768115942 0.52875 0.021739130434782608 0.0325
22 0.6400966183574879 0.526875 0.01932367149758454 0.02625
38 0.6892109500805152 0.575 0.024154589371980676 0.03
22 0.6215780998389694 0.98125 0.01610305958132045 0.0375
42 0.5801127214170693 0.525625 0.020128824476650563 0.03375
95 0.6038647342995169 0.539375 0.014492753623188406 0.07375
38 0.6916264090177133 0.57375 0.021739130434782608 0.03
42 0.8144122383252818 0.99 0.050724637681159424 0.02
35 0.8635265700483091 0.4475 0.02576489533011272 0.03875
39 0.9251207729468599 0.978125 0.018518518518518517 0.03375
1 0.6163446054750402 0.46875 0.033816425120772944 0.075
1 0.7222222222222222 0.465 0.033011272141706925 0.08