42 0.22847682119205298 0.32596371882086167 0.029500301023479832 0.046485260770975055
42 0.5036122817579771 0.15589569160997732 0.030102347983142687 0.046485260770975055
42 0.6712823600240819 0.15476190476190477 0.028296207104154123 0.048752834467120185
42 0.8037326911499096 0.015873015873015872 0.024081878386514148 0.031746031746031744
42 0.9939795304033715 0.2653061224489796 0.012040939193257074 0.045351473922902494
93 0.7772426249247442 0.286281179138322 0.042745334136062615 0.08390022675736962
22 0.7095123419626731 0.15589569160997732 0.018663455749548464 0.035147392290249435
22 0.633955448524985 0.15589569160997732 0.02107164358819988 0.04081632653061224
22 0.5466586393738712 0.15589569160997732 0.01926550270921132 0.032879818594104306
42 0.4683925346177002 0.2743764172335601 0.030102347983142687 0.047619047619047616
86 0.5857916917519567 0.2562358276643991 0.02107164358819988 0.05102040816326531
46 0.5833835039133053 0.31519274376417233 0.036122817579771226 0.05102040816326531
46 0.6493076459963877 0.21315192743764172 0.026490066225165563 0.05102040816326531
1 0.7266706803130644 0.25510204081632654 0.03552077062010837 0.10317460317460317
39 0.9473208910295003 0.2165532879818594 0.026490066225165563 0.013605442176870748
29 0.5809753160746538 0.12811791383219956 0.031306441902468396 0.09977324263038549
42 0.6405779650812763 0.04478458049886622 0.04695966285370259 0.08956916099773243
22 0.010836845273931367 0.5861678004535147 0.013245033112582781 0.024943310657596373
22 0.24413004214328718 0.608843537414966 0.01625526791089705 0.027210884353741496
42 0.24382901866345574 0.778344671201814 0.014449127031908489 0.035147392290249435
42 0.20168573148705599 0.604875283446712 0.0325105358217941 0.060090702947845805
42 0.24382901866345574 0.5170068027210885 0.012642986152919929 0.026077097505668934
42 0.22335942203491874 0.7273242630385488 0.031306441902468396 0.05782312925170068
56 0.18392534617700182 0.6541950113378685 0.01625526791089705 0.022675736961451247
42 0.16646598434677906 0.6819727891156463 0.0325105358217941 0.05782312925170068
25 0.16676700782661047 0.7692743764172335 0.03431667670078266 0.06235827664399093
1 0.2733293196869356 0.7278911564625851 0.03913305237808549 0.04421768707482993
1 0.2733293196869356 0.5742630385487528 0.037928958458759786 0.03854875283446712
95 0.2354003612281758 0.5538548752834467 0.0325105358217941 0.021541950113378686
38 0.2197471402769416 0.6819727891156463 0.012642986152919929 0.034013605442176874
25 0.20168573148705599 0.485827664399093 0.037928958458759786 0.05782312925170068
35 0.28537025888019263 0.9359410430839002 0.022275737507525588 0.03854875283446712
1 0.0033112582781456954 0.9421768707482994 0.006622516556291391 0.07709750566893424
42 0.006622516556291391 0.8656462585034014 0.013245033112582781 0.07142857142857142
46 0.24352799518362434 0.6836734693877551 0.011438892233594221 0.04195011337868481