25 0.32879490150637314 0.042358078602620086 0.03534183082271147 0.032314410480349345
25 0.5477983777520278 0.042358078602620086 0.03592120509849363 0.030131004366812226
25 0.5869061413673233 0.04279475982532751 0.03070683661645423 0.03056768558951965
25 0.03852838933951332 0.3349344978165939 0.03447276940903824 0.0314410480349345
25 0.03852838933951332 0.37685589519650653 0.033893395133256086 0.0314410480349345
42 0.36239860950173813 0.37292576419213974 0.03273464658169177 0.02925764192139738
42 0.28476245654692933 0.4432314410480349 0.03186558516801854 0.028820960698689956
49 0.029258400926998843 0.4423580786026201 0.03447276940903824 0.03056768558951965
65 0.03360370799536501 0.2541484716157205 0.047219003476245656 0.03318777292576419
49 0.39918887601390496 0.04323144104803493 0.033314020857473925 0.0314410480349345
58 0.34675550405561995 0.5973799126637555 0.09675550405561993 0.13973799126637554
54 0.34530706836616454 0.7982532751091703 0.08980301274623406 0.13449781659388646
57 0.347045191193511 0.9611353711790394 0.0880648899188876 0.0777292576419214
25 0.8829663962920047 0.6061135371179039 0.03534183082271147 0.05414847161572053
25 0.9716106604866744 0.6860262008733624 0.03360370799536501 0.05240174672489083
25 0.9611819235225956 0.9305676855895196 0.03476245654692932 0.056768558951965066
42 0.9041135573580533 0.9314410480349345 0.03244495944380069 0.043668122270742356
42 0.6645422943221321 0.9567685589519651 0.030127462340672075 0.04978165938864629
42 0.8186558516801854 0.991703056768559 0.031286210892236384 0.016593886462882096
46 0.6659907300115875 0.6131004366812227 0.02549246813441483 0.023580786026200874
46 0.7783893395133256 0.7427947598253275 0.020278099652375436 0.021834061135371178
95 0.7740440324449595 0.5585152838427948 0.015643105446118192 0.0462882096069869
17 0.6709154113557358 0.6563318777292576 0.015063731170336037 0.03842794759825328
22 0.921494785631518 0.8733624454148472 0.019119351100811123 0.02096069868995633
49 0.9811703360370799 0.9790393013100437 0.03765932792584009 0.04192139737991266
42 0.9168597914252608 0.6855895196506551 0.03534183082271147 0.05851528384279476
30 0.657010428736964 0.5637554585152839 0.012746234067207415 0.029694323144104803
95 0.7169756662804172 0.8240174672489083 0.03476245654692932 0.021834061135371178
96 0.9264194669756662 0.982532751091703 0.015063731170336037 0.021834061135371178
48 0.9099073001158748 0.990829694323144 0.016801853997682505 0.01834061135371179