49 0.023076923076923078 0.04971181556195965 0.04065934065934066 0.03818443804034582
42 0.2357142857142857 0.27017291066282423 0.03571428571428571 0.03818443804034582
46 0.25769230769230766 0.34365994236311237 0.029395604395604395 0.02377521613832853
42 0.35494505494505496 0.04899135446685879 0.03818681318681319 0.037463976945244955
42 0.4728021978021978 0.2903458213256484 0.03296703296703297 0.0468299711815562
46 0.4480769230769231 0.319164265129683 0.02857142857142857 0.023054755043227664
46 0.4502747252747253 0.25720461095100866 0.024175824175824177 0.025936599423631124
46 0.25824175824175827 0.1844380403458213 0.024175824175824177 0.01585014409221902
93 0.6217032967032967 0.11311239193083573 0.04230769230769231 0.10662824207492795
42 0.6936813186813187 0.24639769452449567 0.025274725274725275 0.056195965417867436
46 0.8494505494505494 0.2219020172910663 0.03131868131868132 0.06051873198847262
42 0.8769230769230769 0.44020172910662825 0.016483516483516484 0.0792507204610951
95 0.9101648351648352 0.32132564841498557 0.043406593406593405 0.040345821325648415
46 0.9587912087912088 0.16210374639769454 0.01978021978021978 0.07636887608069164
46 0.9587912087912088 0.29394812680115273 0.01868131868131868 0.069164265129683
42 0.9912087912087912 0.4755043227665706 0.017582417582417582 0.06051873198847262
95 0.7541208791208791 0.32780979827089335 0.04065934065934066 0.0446685878962536
39 0.582967032967033 0.19740634005763688 0.006593406593406593 0.043227665706051875