42 0.21166892808683854 0.31053459119496857 0.05698778833107191 0.06446540880503145
46 0.10244233378561737 0.35062893081761004 0.035278154681139755 0.05345911949685535
46 0.3378561736770692 0.35141509433962265 0.023066485753052916 0.0440251572327044
42 0.9050203527815468 0.40172955974842767 0.0773405698778833 0.0880503144654088
1 0.8175033921302578 0.3742138364779874 0.054274084124830396 0.10062893081761007
7 0.9443690637720489 0.27908805031446543 0.06648575305291723 0.040880503144654086
22 0.9369063772048847 0.1957547169811321 0.0407055630936228 0.031446540880503145
42 0.9382632293080054 0.12028301886792453 0.033921302578018994 0.04874213836477988
42 0.7510176390773405 0.2861635220125786 0.03934871099050204 0.03459119496855346
25 0.41926729986431477 0.6320754716981132 0.0773405698778833 0.0959119496855346
25 0.1322930800542741 0.714622641509434 0.0814111261872456 0.08490566037735849
42 0.4185888738127544 0.800314465408805 0.06919945725915876 0.08018867924528301
42 0.45793758480325647 0.9677672955974843 0.06919945725915876 0.06446540880503145
42 0.13025780189959293 0.8498427672955975 0.06919945725915876 0.0770440251572327
42 0.008819538670284939 0.8694968553459119 0.017639077340569877 0.0880503144654088
49 0.012890094979647219 0.589622641509434 0.025780189959294438 0.09748427672955975
49 0.26051560379918587 0.9316037735849056 0.07869742198100407 0.10534591194968554
3 0.006105834464043419 0.7578616352201258 0.012211668928086838 0.050314465408805034
42 0.04206241519674356 0.9567610062893082 0.037991858887381276 0.03773584905660377
42 0.49118046132971505 0.8962264150943396 0.016282225237449117 0.040880503144654086
35 0.49050203527815467 0.7358490566037735 0.017639077340569877 0.06289308176100629
35 0.20556309362279512 0.7806603773584906 0.033921302578018994 0.0440251572327044
48 0.023066485753052916 0.7209119496855346 0.03934871099050204 0.03773584905660377
42 0.7476255088195387 0.7759433962264151 0.07055630936227951 0.0880503144654088
46 0.7774762550881954 0.5801886792452831 0.037991858887381276 0.036163522012578615
46 0.8046132971506106 0.6132075471698113 0.027137042062415198 0.05345911949685535
22 0.8955223880597015 0.5487421383647799 0.027137042062415198 0.018867924528301886
39 0.9409769335142469 0.6257861635220126 0.014925373134328358 0.03459119496855346
25 0.9762550881953868 0.7838050314465409 0.04748982360922659 0.0959119496855346
35 0.5705563093622795 0.7028301886792453 0.037991858887381276 0.04874213836477988
1 0.9850746268656716 0.6124213836477987 0.029850746268656716 0.06761006289308176