49 0.013219741480611046 0.0747172859450727 0.023207990599294948 0.05815831987075929
42 0.13396004700352526 0.40831987075928916 0.02027027027027027 0.05815831987075929
46 0.14659224441833138 0.5197899838449112 0.016745005875440658 0.03594507269789984
42 0.2018213866039953 0.07390953150242327 0.021739130434782608 0.05694668820678514
42 0.2688014101057579 0.4394184168012924 0.01880141010575793 0.07067851373182553
46 0.25499412455934195 0.48263327948303714 0.01615746180963572 0.034733441033925685
46 0.25616921269095183 0.3897415185783522 0.013807285546415981 0.03877221324717286
46 0.14688601645123384 0.27948303715670436 0.013807285546415981 0.023424878836833602
49 0.6474735605170387 0.4911147011308562 0.057579318448883664 0.08239095315024232
25 0.5611045828437132 0.5193861066235864 0.04935370152761457 0.07754442649434572
42 0.564042303172738 0.6332794830371568 0.0481786133960047 0.06623586429725363
42 0.7696827262044653 0.7504038772213247 0.02702702702702703 0.03231017770597738
42 0.7314923619271445 0.6429725363489499 0.025851938895417155 0.04038772213247173
42 0.7344300822561692 0.6801292407108239 0.02702702702702703 0.033925686591276254
42 0.6827262044653349 0.5912762520193862 0.05052878965922444 0.06623586429725363
56 0.4970622796709753 0.5411954765751211 0.02702702702702703 0.02665589660743134
42 0.4715041128084606 0.5710823909531503 0.046415981198589897 0.0630048465266559
86 0.45299647473560517 0.36348949919224555 0.022326674500587545 0.02665589660743134
93 0.46474735605170386 0.40751211631663975 0.04289071680376028 0.05573505654281099
29 0.4715041128084606 0.7302100161550888 0.0282021151586369 0.06946688206785137
74 0.5981198589894242 0.7233441033925686 0.02937720329024677 0.0840064620355412
3 0.6483548766157462 0.6619547657512116 0.03466509988249119 0.03150242326332795
48 0.6222091656874266 0.6320678513731826 0.02408930669800235 0.029079159935379646
96 0.6480611045828437 0.6138933764135702 0.017038777908343124 0.02665589660743134
83 0.2579318448883666 0.8820678513731826 0.06698002350176263 0.0864297253634895
86 0.25851938895417154 0.9802100161550888 0.07638072855464159 0.0395799676898223