49 0.017045454545454544 0.03983940704138357 0.030113636363636363 0.030883261272390366
42 0.1747159090909091 0.21741815935762818 0.026420454545454546 0.030883261272390366
46 0.19090909090909092 0.27671402100061765 0.021875 0.019147621988882025
42 0.2630681818181818 0.03953057442865967 0.028409090909090908 0.030265596046942556
42 0.35056818181818183 0.23378628783199507 0.024431818181818183 0.03767757875231625
46 0.3321022727272727 0.25663990117356394 0.02130681818181818 0.01852995676343422
46 0.3338068181818182 0.20722668313773934 0.017897727272727273 0.020691785052501546
46 0.19119318181818182 0.14885731933292157 0.017897727272727273 0.01266213712168005
25 0.48977272727272725 0.054045707226683136 0.040625 0.034898085237801114
42 0.4440340909090909 0.14175416924027176 0.028977272727272727 0.033971587399629403
42 0.43920454545454546 0.053736874613959235 0.019318181818181818 0.034589252625077206
49 0.5190340909090909 0.08863495985176034 0.04517045454545455 0.036751080914144536
3 0.45454545454545453 0.11241507103150093 0.02727272727272727 0.02347127856701668
48 0.4400568181818182 0.09882643607164916 0.021022727272727273 0.013588634959851761
96 0.45397727272727273 0.08956145768993205 0.014488636363636363 0.02038295243977764
102 0.271875 0.5592958616429895 0.016477272727272726 0.034589252625077206
39 0.36477272727272725 0.4734403953057443 0.004829545454545454 0.025015441630636195
102 0.38693181818181815 0.557442865966646 0.013352272727272727 0.042001235330450894
21 0.49460227272727275 0.525633106856084 0.13011363636363638 0.150710315009265
34 0.4903409090909091 0.8678196417541693 0.1215909090909091 0.26436071649166154