49 0.017106001121704992 0.04280821917808219 0.03028603477285474 0.03339041095890411
42 0.17470555243970837 0.2328767123287671 0.026360067302299495 0.03339041095890411
46 0.19097027481772294 0.2966609589041096 0.021873247335950644 0.02054794520547945
42 0.2630398205272014 0.04238013698630137 0.028323051037577117 0.032534246575342464
42 0.35053280987100394 0.2508561643835616 0.024397083567021874 0.04023972602739726
46 0.3323051037577117 0.2752568493150685 0.02131239484015704 0.019691780821917807
46 0.33370723499719573 0.2221746575342466 0.0179472798653954 0.02226027397260274
46 0.19125070106561975 0.1596746575342466 0.0179472798653954 0.013270547945205479
47 0.3042624789680314 0.5111301369863014 0.034212002243409985 0.012842465753424657
42 0.39904655075715084 0.5308219178082192 0.02131239484015704 0.016267123287671232
25 0.5025238362310712 0.5299657534246576 0.044026920919798096 0.05565068493150685