49 0.023036988968202467 0.039968652037617555 0.040882543802725504 0.030564263322884012
42 0.23556132381570408 0.2170846394984326 0.035691109669046074 0.030564263322884012
46 0.25762491888384165 0.27664576802507834 0.029526281635301754 0.018808777429467086
42 0.3549643088903309 0.03918495297805643 0.038286826735885786 0.029780564263322883
42 0.472744970798183 0.2335423197492163 0.03309539260220636 0.03761755485893417
46 0.4480856586632057 0.256269592476489 0.02855288773523686 0.018025078369905956
46 0.45035691109669046 0.20689655172413793 0.024334847501622323 0.02037617554858934
46 0.25794938351719665 0.14890282131661442 0.024334847501622323 0.012539184952978056
42 0.6752109020116808 0.0877742946708464 0.025308241401687217 0.05642633228840126
42 0.6735885788449059 0.31739811912225707 0.025957170668397145 0.05642633228840126
79 0.8900064892926671 0.17398119122257052 0.026606099935107073 0.045454545454545456
79 0.8919532770927969 0.3981191222570533 0.024010382868267358 0.0219435736677116
22 0.9162881245944192 0.17711598746081506 0.010382868267358857 0.03605015673981191
23 0.9149902660609993 0.40203761755485895 0.015574302401038288 0.014106583072100314
65 0.9623621025308241 0.052507836990595615 0.048020765736534715 0.10501567398119123
65 0.963335496430889 0.2907523510971787 0.043478260869565216 0.10344827586206896
73 0.9698247890979883 0.1778996865203762 0.06035042180402336 0.07993730407523511
73 0.9711226476314082 0.3887147335423197 0.057754704737183644 0.04075235109717868
29 0.6758598312783907 0.3871473354231975 0.021414665801427646 0.0438871473354232
29 0.6745619727449708 0.164576802507837 0.022063595068137574 0.05956112852664577
42 0.7362102530824141 0.014106583072100314 0.021414665801427646 0.02821316614420063
42 0.7375081116158339 0.24608150470219436 0.0227125243348475 0.05172413793103448
7 0.7164179104477612 0.03213166144200627 0.018170019467878003 0.06426332288401254
7 0.7193380921479559 0.2797805642633229 0.016223231667748216 0.06896551724137931
93 0.13562621674237507 0.43573667711598746 0.040558079169370535 0.047021943573667714
42 0.3319273199221285 0.4670846394984326 0.018494484101232965 0.0274294670846395
42 0.07981829980532122 0.46786833855799376 0.022388059701492536 0.024294670846394983
1 0.036015574302401036 0.42476489028213166 0.04737183646982479 0.03134796238244514
1 0.3750811161583387 0.42398119122257055 0.048020765736534715 0.029780564263322883
42 0.5889033095392602 0.8197492163009404 0.01881894873458793 0.06896551724137931
42 0.6917585983127839 0.5885579937304075 0.02855288773523686 0.0768025078369906
42 0.8228423101881895 0.9882445141065831 0.031148604802076575 0.023510971786833857
93 0.6229720960415315 0.6896551724137931 0.05191434133679429 0.12225705329153605
93 0.7696301103179753 0.9412225705329154 0.04672290720311486 0.11755485893416928
42 0.7611940298507462 0.6590909090909091 0.055807916937053864 0.13009404388714735
93 0.9630110317975341 0.8573667711598746 0.04931862426995458 0.11285266457680251
93 0.9691758598312784 0.6504702194357367 0.04672290720311486 0.11285266457680251
22 0.591174561972745 0.9106583072100314 0.02336145360155743 0.06269592476489028
1 0.9169370538611291 0.8659874608150471 0.03504218040233614 0.1238244514106583
7 0.8306294613887086 0.7390282131661442 0.036340038935756006 0.15203761755485892
93 0.645684620376379 0.5062695924764891 0.04282933160285529 0.10031347962382445
7 0.5937702790395847 0.5689655172413793 0.02855288773523686 0.13793103448275862
86 0.7121998702141467 0.6935736677115988 0.031148604802076575 0.07523510971786834
86 0.9941596365996106 0.8706896551724138 0.011680726800778715 0.06426332288401254
86 0.8747566515249838 0.6520376175548589 0.030499675535366644 0.08463949843260188