42 0.18964865885908574 0.14733969986357434 0.025122780506233473 0.02796725784447476
46 0.1414809217982622 0.16439290586630287 0.015489233094068758 0.023192360163710776
42 0.3341518700415565 0.2407912687585266 0.02455610124669437 0.030013642564802184
42 0.17623724971666038 0.33356070941336974 0.03060068001511145 0.02592087312414734
46 0.15772572723838307 0.31377899045020463 0.014922553834529657 0.022510231923601638
46 0.1977710615791462 0.31582537517053205 0.01681148469965999 0.019099590723055934
46 0.2453721193804307 0.165075034106412 0.010200226671703816 0.019099590723055934
25 0.44465432565168117 0.054570259208731244 0.054590102002266716 0.034788540245566164
42 0.4144314318095958 0.10504774897680765 0.029467321496033247 0.030013642564802184
42 0.41140914242538723 0.30763983628922237 0.02342274272761617 0.0286493860845839
7 0.4059312429165093 0.2810368349249659 0.012466943709860219 0.013642564802182811
7 0.40479788439743103 0.13369713506139155 0.010200226671703816 0.019099590723055934
46 0.443898753305629 0.09959072305593451 0.02720060445787684 0.011596180081855388
17 0.4070646014355875 0.030013642564802184 0.014733660748016623 0.02455661664392906
46 0.5542123158292407 0.0504774897680764 0.014544767661503588 0.01637107776261937
46 0.5833018511522479 0.10368349249658936 0.03324518322629392 0.01296043656207367
35 0.5969021533811862 0.040927694406548434 0.00680015111446921 0.022510231923601638
95 0.5683792973177182 0.11323328785811733 0.012844729882886286 0.02455661664392906
22 0.28749527767283717 0.4256480218281037 0.014355874574990555 0.040927694406548434
46 0.26709482432942955 0.39972714870395637 0.024178315073668303 0.040927694406548434
86 0.252738949754439 0.5572987721691678 0.013978088401964487 0.06275579809004093
29 0.297695504344541 0.548431105047749 0.03702304495655459 0.09140518417462483
56 0.3751416698148848 0.611869031377899 0.012089157536834151 0.06957708049113233
42 0.3602191159803551 0.5497953615279673 0.03060068001511145 0.11186903137789904
42 0.32772950510011334 0.6766712141882674 0.029845107669059314 0.1077762619372442
22 0.28617302606724593 0.665075034106412 0.012844729882886286 0.04638472032742155
46 0.2676615035889686 0.7060027285129604 0.022289384208537967 0.04911323328785812
42 0.28636191915375897 0.7503410641200545 0.015867019267094825 0.06002728512960437