42 0.31303236797274275 0.2402506963788301 0.04131175468483816 0.04596100278551532
46 0.23339011925042588 0.26880222841225626 0.02555366269165247 0.037604456824512536
42 0.551107325383305 0.3934540389972145 0.04045996592844974 0.04874651810584958
42 0.29045996592844975 0.5452646239554317 0.05025553662691652 0.04247910863509749
46 0.260221465076661 0.5132311977715878 0.024701873935264053 0.03690807799442897
46 0.3262350936967632 0.516016713091922 0.02768313458262351 0.031337047353760444
46 0.4045996592844974 0.2694986072423398 0.016609880749574105 0.031337047353760444
42 0.7904599659284497 0.5243732590529248 0.048551959114139696 0.07799442896935933
1 0.735519591141397 0.5 0.034071550255536626 0.08913649025069638
93 0.7227427597955707 0.08008356545961003 0.039182282793867124 0.07381615598885793
7 0.8138841567291312 0.0020891364902506965 0.05025553662691652 0.004178272980501393
7 0.8151618398637138 0.4157381615598886 0.041737649063032366 0.036211699164345405
22 0.8104770017035775 0.34192200557103064 0.02555366269165247 0.027855153203342618
42 0.811328790459966 0.27506963788300837 0.02129471890971039 0.04317548746518106
22 0.8109028960817717 0.05988857938718663 0.019591141396933562 0.026462395543175487
42 0.811328790459966 0.12674094707520892 0.020442930153321975 0.037604456824512536
42 0.6937819420783645 0.4220055710306407 0.024701873935264053 0.03064066852367688