42 0.2773892773892774 0.061664190193164936 0.05827505827505827 0.07578008915304606
42 0.28438228438228436 0.4561664190193165 0.039627039627039624 0.04903417533432392
42 0.32284382284382285 0.4918276374442793 0.039627039627039624 0.03566121842496285
42 0.45104895104895104 0.49257057949479943 0.04428904428904429 0.03417533432392273
34 0.40384615384615385 0.46285289747399705 0.04079254079254079 0.09361069836552749
22 0.8391608391608392 0.13967310549777118 0.027972027972027972 0.03863298662704309
46 0.8951048951048951 0.41233283803863297 0.023310023310023312 0.05794947994056464
46 0.9271561771561772 0.4821693907875186 0.0337995337995338 0.031203566121842496
95 0.8811188811188811 0.437592867756315 0.07459207459207459 0.02823179791976226
47 0.3525641025641026 0.712481426448737 0.06177156177156177 0.04011887072808321
42 0.5180652680652681 0.7674591381872214 0.027972027972027972 0.05052005943536404
42 0.594988344988345 0.712481426448737 0.05244755244755245 0.0549777117384844
42 0.6596736596736597 0.6701337295690936 0.02097902097902098 0.05646359583952452
42 0.7773892773892774 0.6708766716196136 0.04195804195804196 0.04309063893016345
46 0.8822843822843823 0.7555720653789004 0.03496503496503497 0.031203566121842496
46 0.9941724941724942 0.7555720653789004 0.011655011655011656 0.03417533432392273
46 0.9947552447552448 0.862555720653789 0.01048951048951049 0.03417533432392273
34 0.7301864801864801 0.6508172362555721 0.04312354312354312 0.11738484398216939
46 0.7797202797202797 0.7243684992570579 0.019813519813519812 0.04011887072808321