42 0.29202871174914996 0.15239043824701196 0.03702304495655459 0.035358565737051796
42 0.41386475255005667 0.15587649402390438 0.025311673592746504 0.025398406374501994
42 0.39421987155270116 0.18127490039840638 0.022478277295051002 0.0249003984063745
42 0.45806573479410656 0.46215139442231074 0.025311673592746504 0.027888446215139442
42 0.09935776350585569 0.15637450199203187 0.02398942198715527 0.02440239043824701
42 0.07914620324896109 0.1802788844621514 0.022478277295051002 0.02440239043824701
42 0.07876841707593502 0.2584661354581673 0.022478277295051002 0.026892430278884463
42 0.39421987155270116 0.25647410358565736 0.025311673592746504 0.025398406374501994
46 0.3562523611635814 0.03286852589641434 0.017378163959199094 0.02041832669322709
46 0.35587457499055536 0.3152390438247012 0.015300340007555724 0.021912350597609563
46 0.3554967888175293 0.3884462151394422 0.015867019267094825 0.022908366533864542
46 0.3551190026445032 0.4546812749003984 0.01152247827729505 0.02041832669322709
46 0.30544012089157535 0.4546812749003984 0.01303362296939932 0.021912350597609563
46 0.30657347941065355 0.3889442231075697 0.01662259161314696 0.02440239043824701
46 0.42840952021156026 0.4721115537848606 0.018133736305251228 0.011454183266932271
46 0.34132980732905177 0.11354581673306773 0.01662259161314696 0.013446215139442231
34 0.40196448809973556 0.2290836653386454 0.056667925953910084 0.03137450199203187
34 0.08745749905553457 0.2295816733067729 0.06309029089535323 0.0249003984063745
56 0.4826218360408009 0.4855577689243028 0.029089535323007176 0.012948207171314742
42 0.8007177937287495 0.7420318725099602 0.02871174914998111 0.07669322709163347
42 0.9848885530789573 0.7599601593625498 0.03022289384208538 0.07569721115537849
42 0.9610880241783151 0.825199203187251 0.028333962976955042 0.07569721115537849
42 0.9395542123158293 0.6414342629482072 0.015489233094068758 0.035856573705179286
39 0.9178315073668304 0.5527888446215139 0.00831129580657348 0.0249003984063745
42 0.798073290517567 0.8819721115537849 0.03475632791839819 0.09561752988047809
95 0.7289384208537968 0.5313745019920318 0.012466943709860219 0.07768924302788845
95 0.9748772194937665 0.9910358565737052 0.01095579901775595 0.017928286852589643
39 0.9185870797128826 0.9880478087649402 0.008689081979599547 0.02390438247011952
30 0.938043067623725 0.7604581673306773 0.01095579901775595 0.04880478087649402
30 0.9335096335474121 0.8247011952191236 0.010200226671703816 0.05079681274900399
23 0.8449187759727994 0.4910358565737052 0.012466943709860219 0.02390438247011952
23 0.8955421231582924 0.5697211155378487 0.011711371363808084 0.0398406374501992
23 0.8553078957310163 0.5682270916334662 0.012466943709860219 0.030876494023904383
23 0.7533056290139781 0.4900398406374502 0.009822440498677748 0.021912350597609563
23 0.7767283717415943 0.6987051792828686 0.011711371363808084 0.026892430278884463
23 0.7710615791462032 0.8431274900398407 0.011333585190782017 0.030876494023904383
23 0.7646392142047601 0.9551792828685259 0.01360030222893842 0.030876494023904383
23 0.82565168114847 0.6957171314741036 0.012466943709860219 0.026892430278884463
23 0.8252738949754439 0.8396414342629482 0.012844729882886286 0.029880478087649404