42 0.1698002350176263 0.2706422018348624 0.02937720329024677 0.05198776758409786
42 0.172737955346651 0.09938837920489296 0.021151586368977675 0.03567787971457696
42 0.1935957696827262 0.12691131498470948 0.020564042303172738 0.03160040774719674
42 0.42567567567567566 0.03720693170234455 0.022914218566392478 0.03567787971457696
42 0.25558166862514686 0.12691131498470948 0.021151586368977675 0.03567787971457696
46 0.07109283196239718 0.18042813455657492 0.017038777908343124 0.024464831804281346
46 0.30434782608695654 0.18093781855249746 0.018213866039952998 0.021406727828746176
46 0.36486486486486486 0.18144750254842 0.01880141010575793 0.022426095820591234
46 0.4192126909518214 0.1819571865443425 0.017038777908343124 0.0163098878695209
46 0.4195064629847238 0.25178389398572887 0.018213866039952998 0.01834862385321101
46 0.36515863689776734 0.2502548419979613 0.0199764982373678 0.023445463812436288
46 0.4474148061104583 0.0800203873598369 0.0099882491186839 0.03567787971457696
46 0.4336075205640423 0.07900101936799185 0.009400705052878966 0.0254841997961264
46 0.13777908343125733 0.20132517838939856 0.011163337250293772 0.023445463812436288
34 0.23325499412455933 0.1162079510703364 0.025851938895417155 0.07951070336391437
70 0.4991186839012926 0.08664627930682976 0.03936545240893067 0.06116207951070336
64 0.5014688601645123 0.25076452599388377 0.04406580493537015 0.07747196738022426
31 0.4994124559341951 0.40214067278287463 0.0399529964747356 0.05402650356778797
44 0.9788484136310224 0.2599388379204893 0.04230317273795535 0.07951070336391437
42 0.12162162162162163 0.6804281345565749 0.04465334900117509 0.07849133537206932
93 0.16039952996474735 0.755861365953109 0.03760282021151586 0.06829765545361875
93 0.2491186839012926 0.891946992864424 0.0399529964747356 0.06625891946992865
42 0.4007050528789659 0.8654434250764526 0.04524089306698002 0.07951070336391437
42 0.21151586368977673 0.8134556574923547 0.024676850763807285 0.03873598369011213
42 0.2881903642773208 0.8134556574923547 0.02408930669800235 0.03669724770642202
42 0.36780258519388953 0.9892966360856269 0.021151586368977675 0.021406727828746176
8 0.36133960047003527 0.8017329255861366 0.023501762632197415 0.0744138634046891
8 0.12690951821386603 0.8042813455657493 0.023501762632197415 0.0672782874617737
22 0.33137485311398357 0.8144750254841998 0.015863689776733254 0.03058103975535168
22 0.12309048178613397 0.9220183486238532 0.01645123384253819 0.0326197757390418
22 0.3683901292596945 0.9021406727828746 0.017038777908343124 0.0254841997961264
22 0.172737955346651 0.8139653414882773 0.01762632197414806 0.03160040774719674
42 0.7015276145710928 0.49949031600407745 0.03760282021151586 0.06218144750254842
42 0.7276733254994124 0.608053007135576 0.038190364277320796 0.05198776758409786
42 0.48766157461809634 0.6345565749235474 0.01645123384253819 0.05402650356778797
42 0.6421856639247944 0.755861365953109 0.01880141010575793 0.03058103975535168
42 0.6653936545240893 0.7176350662589195 0.018213866039952998 0.034658511722731905
42 0.6868390129259695 0.7589194699286442 0.023501762632197415 0.03160040774719674
42 0.8660399529964747 0.4969418960244648 0.01762632197414806 0.03669724770642202
42 0.9159811985898942 0.49745158002038736 0.02702702702702703 0.034658511722731905
42 0.9180376028202115 0.5326197757390418 0.019388954171562868 0.034658511722731905
46 0.8413631022326674 0.573394495412844 0.013513513513513514 0.034658511722731905
46 0.6348413631022327 0.6732925586136596 0.02408930669800235 0.0254841997961264
46 0.704171562867215 0.6712538226299695 0.021739130434782608 0.024464831804281346
46 0.7538190364277321 0.6717635066258919 0.024676850763807285 0.024464831804281346
22 0.681551116333725 0.6732925586136596 0.014688601645123384 0.0254841997961264
22 0.7267920094007051 0.6707441386340469 0.01645123384253819 0.020387359836901122
3 0.4926556991774383 0.5851172273190621 0.026439482961222092 0.03873598369011213
49 0.5514101057579318 0.5474006116207951 0.038190364277320796 0.0652395514780836
42 0.48237367802585196 0.4857288481141692 0.005875440658049354 0.06218144750254842
47 0.6809635722679201 0.5657492354740061 0.02408930669800235 0.02854230377166157
46 0.6354289071680376 0.5642201834862385 0.023501762632197415 0.029561671763506627
38 0.7021151586368978 0.6335372069317023 0.020564042303172738 0.027522935779816515
25 0.5293772032902467 0.4847094801223242 0.03760282021151586 0.0652395514780836
48 0.4820799059929495 0.5616717635066258 0.005287896592244419 0.02854230377166157
96 0.49383078730904817 0.5428134556574924 0.014688601645123384 0.03160040774719674