42 0.22388059701492538 0.16603535353535354 0.053304904051172705 0.06439393939393939
42 0.3795309168443497 0.005050505050505051 0.03837953091684435 0.010101010101010102
46 0.04477611940298507 0.054292929292929296 0.03091684434968017 0.030303030303030304
46 0.1657782515991471 0.08017676767676768 0.02025586353944563 0.02904040404040404
34 0.3390191897654584 0.011994949494949494 0.046908315565031986 0.023989898989898988
42 0.4557569296375267 0.06691919191919192 0.011727078891257996 0.045454545454545456
42 0.5421108742004265 0.013888888888888888 0.039445628997867806 0.027777777777777776
42 0.5426439232409381 0.19570707070707072 0.04051172707889126 0.047979797979797977
42 0.5426439232409381 0.3806818181818182 0.031982942430703626 0.036616161616161616
65 0.9131130063965884 0.03977272727272727 0.06929637526652452 0.06944444444444445
65 0.9131130063965884 0.22537878787878787 0.07142857142857142 0.07575757575757576
65 0.914179104477612 0.3869949494949495 0.06716417910447761 0.023989898989898988
73 0.9392324093816631 0.1388888888888889 0.12153518123667377 0.05808080808080808
73 0.9418976545842217 0.3282828282828283 0.1140724946695096 0.05555555555555555
79 0.7979744136460555 0.14393939393939395 0.03091684434968017 0.03156565656565657
79 0.7969083155650319 0.3282828282828283 0.03304904051172708 0.025252525252525252
22 0.8374200426439232 0.14204545454545456 0.017057569296375266 0.027777777777777776
22 0.8363539445628998 0.32765151515151514 0.021321961620469083 0.039141414141414144
42 0.4562899786780384 0.2569444444444444 0.01279317697228145 0.041666666666666664
29 0.45362473347547977 0.13068181818181818 0.007462686567164179 0.056818181818181816
29 0.4546908315565032 0.3226010101010101 0.009594882729211088 0.059343434343434344
7 0.5138592750533049 0.034722222222222224 0.03091684434968017 0.05176767676767677
7 0.5133262260127932 0.2215909090909091 0.02771855010660981 0.05808080808080808
7 0.5127931769722814 0.38952020202020204 0.02771855010660981 0.01893939393939394
25 0.4211087420042644 0.577020202020202 0.057569296375266525 0.08080808080808081
42 0.4205756929637527 0.7077020202020202 0.05863539445628998 0.07196969696969698
42 0.3662046908315565 0.7891414141414141 0.05223880597014925 0.06565656565656566
42 0.44189765458422176 0.8434343434343434 0.015991471215351813 0.06060606060606061
25 0.3640724946695096 0.8819444444444444 0.06929637526652452 0.07575757575757576
38 0.44562899786780386 0.7904040404040404 0.008528784648187633 0.03787878787878788
22 0.03091684434968017 0.6881313131313131 0.02771855010660981 0.030303030303030304
22 0.10607675906183368 0.6849747474747475 0.035181236673773986 0.026515151515151516
42 0.06716417910447761 0.6912878787878788 0.03411513859275053 0.03787878787878788
93 0.041044776119402986 0.8857323232323232 0.05223880597014925 0.06818181818181818
38 0.44616204690831557 0.7935606060606061 0.007462686567164179 0.03409090909090909
42 0.07409381663113006 0.9734848484848485 0.06716417910447761 0.05303030303030303
46 0.4541577825159915 0.5997474747474747 0.008528784648187633 0.06818181818181818
22 0.6183368869936035 0.5391414141414141 0.03411513859275053 0.041666666666666664
29 0.7030916844349681 0.5063131313131313 0.054371002132196165 0.11237373737373738
22 0.7867803837953091 0.5372474747474747 0.03624733475479744 0.041666666666666664
1 0.7510660980810234 0.6161616161616161 0.035181236673773986 0.05303030303030303
22 0.7062899786780383 0.6660353535353535 0.039445628997867806 0.04924242424242424
94 0.9285714285714286 0.6388888888888888 0.028784648187633263 0.09974747474747475
42 0.9888059701492538 0.8472222222222222 0.022388059701492536 0.05808080808080808
86 0.8134328358208955 0.9810606060606061 0.046908315565031986 0.03787878787878788
39 0.9893390191897654 0.913510101010101 0.021321961620469083 0.026515151515151516
42 0.6337953091684435 0.4431818181818182 0.08422174840085288 0.08838383838383838
46 0.9850746268656716 0.42045454545454547 0.029850746268656716 0.04292929292929293
39 0.988272921108742 0.7828282828282829 0.023454157782515993 0.03282828282828283
42 0.9600213219616205 0.6654040404040404 0.03624733475479744 0.050505050505050504
1 0.5746268656716418 0.7095959595959596 0.03731343283582089 0.06565656565656566
86 0.7910447761194029 0.5808080808080808 0.046908315565031986 0.045454545454545456