42 0.1827212522576761 0.2732426303854875 0.031306441902468396 0.040249433106575964
42 0.1860325105358218 0.141156462585034 0.022576760987357013 0.027777777777777776
42 0.20830824804334738 0.1626984126984127 0.02197471402769416 0.024376417233560092
42 0.4563515954244431 0.09297052154195011 0.024382901866345574 0.027777777777777776
42 0.18663455749548466 0.4824263038548753 0.021372667068031308 0.026077097505668934
42 0.20770620108368454 0.5045351473922902 0.021372667068031308 0.024376417233560092
42 0.2763395544852498 0.5045351473922902 0.023780854906682723 0.024376417233560092
42 0.27453341360626127 0.1626984126984127 0.022576760987357013 0.027777777777777776
46 0.0773630343166767 0.20351473922902494 0.01836243226971704 0.01870748299319728
46 0.3266104756170981 0.20408163265306123 0.019566526189042744 0.016439909297052153
46 0.3913305237808549 0.2046485260770975 0.0201685731487056 0.017573696145124718
46 0.4494280553883203 0.20521541950113378 0.01836243226971704 0.012471655328798186
46 0.4497290788681517 0.2590702947845805 0.019566526189042744 0.01417233560090703
46 0.39163154726068633 0.25793650793650796 0.021372667068031308 0.018140589569160998
46 0.47953040337146297 0.1264172335600907 0.01053582179409994 0.027777777777777776
46 0.4647802528597231 0.12528344671201813 0.009933774834437087 0.01984126984126984
46 0.14870559903672487 0.2199546485260771 0.012040939193257074 0.018140589569160998
34 0.2507525586995786 0.15419501133786848 0.027694160144491272 0.061224489795918366
34 0.2507525586995786 0.49489795918367346 0.022275737507525588 0.0691609977324263
42 0.9060806742925949 0.1933106575963719 0.034918723660445516 0.06349206349206349
42 0.8777844671884407 0.3656462585034014 0.031306441902468396 0.06235827664399093
42 0.9133052378085491 0.3673469387755102 0.033112582781456956 0.05782312925170068
42 0.831426851294401 0.48412698412698413 0.03371462974111981 0.06235827664399093
42 0.6384708007224563 0.3968253968253968 0.033112582781456956 0.06575963718820861
42 0.6739915713425647 0.3973922902494331 0.03552077062010837 0.06462585034013606
42 0.6357615894039735 0.21031746031746032 0.0325105358217941 0.06689342403628118
42 0.7031908488862131 0.3333333333333333 0.016857314870559904 0.036281179138321996
42 0.8470800722456352 0.2998866213151927 0.018061408789885613 0.03968253968253968
1 0.6216134858518965 0.11621315192743764 0.039735099337748346 0.049886621315192746
25 0.5626128838049368 0.21031746031746032 0.037928958458759786 0.07142857142857142
25 0.9629741119807345 0.1921768707482993 0.03552077062010837 0.07142857142857142
3 0.9286574352799518 0.30272108843537415 0.024683925346177003 0.04081632653061224
66 0.9855508729680915 0.2585034013605442 0.028898254063816978 0.07256235827664399
66 0.563515954244431 0.29138321995464855 0.04394942805538832 0.07029478458049887
66 0.5406381697772427 0.12528344671201813 0.03672486453943408 0.08049886621315193
95 0.6956652618904274 0.06349206349206349 0.03672486453943408 0.027210884353741496
3 0.6246237206502108 0.33276643990929705 0.022275737507525588 0.04421768707482993
96 0.6240216736905478 0.29308390022675734 0.01926550270921132 0.035147392290249435
48 0.6423841059602649 0.31065759637188206 0.029500301023479832 0.02947845804988662
48 0.9133052378085491 0.2789115646258503 0.025285972305839857 0.024943310657596373
96 0.9277543648404576 0.2619047619047619 0.013847080072245636 0.045351473922902494
56 0.8491872366044552 0.45691609977324266 0.01926550270921132 0.027210884353741496
42 0.11077664057796509 0.6031746031746031 0.05358217940999398 0.09297052154195011
42 0.032209512341962676 0.8078231292517006 0.030102347983142687 0.046485260770975055
42 0.19987959060806743 0.8066893424036281 0.028296207104154123 0.048752834467120185
42 0.33232992173389525 0.6598639455782312 0.024081878386514148 0.047619047619047616
42 0.401264298615292 0.6009070294784581 0.023479831426851294 0.049886621315192746
93 0.30583985550872966 0.9382086167800453 0.04334738109572547 0.08390022675736962
22 0.23810957254665863 0.8078231292517006 0.018663455749548464 0.035147392290249435
22 0.1625526791089705 0.8078231292517006 0.02107164358819988 0.04081632653061224
22 0.07525586995785671 0.8078231292517006 0.01926550270921132 0.032879818594104306
42 0.006020469596628537 0.9263038548752834 0.012040939193257074 0.047619047619047616
86 0.11438892233594221 0.9081632653061225 0.02107164358819988 0.05102040816326531
46 0.11198073449729079 0.9671201814058957 0.036122817579771226 0.05102040816326531
46 0.17790487658037327 0.8650793650793651 0.026490066225165563 0.05102040816326531
1 0.25526791089705 0.9070294784580499 0.03552077062010837 0.10317460317460317
39 0.47591812161348584 0.8684807256235828 0.026490066225165563 0.013605442176870748
29 0.10957254665863937 0.780045351473923 0.031306441902468396 0.09977324263038549
42 0.1691751956652619 0.6938775510204082 0.04695966285370259 0.0963718820861678