42 0.038422131147540985 0.21625 0.05225409836065574 0.0625
42 0.3104508196721312 0.20875 0.03381147540983607 0.0425
42 0.3391393442622951 0.166875 0.031762295081967214 0.0425
42 0.3396516393442623 0.03 0.031762295081967214 0.0475
34 0.32735655737704916 0.080625 0.08913934426229508 0.04375
42 0.882172131147541 0.088125 0.04918032786885246 0.06125
42 0.9877049180327869 0.23375 0.02459016393442623 0.06
42 0.28739754098360654 0.6 0.030737704918032786 0.06
42 0.28790983606557374 0.528125 0.030225409836065573 0.078125
42 0.20030737704918034 0.603125 0.03125 0.053125
42 0.2576844262295082 0.46375 0.016905737704918034 0.0375
1 0.1557377049180328 0.615 0.0235655737704918 0.030625
95 0.13165983606557377 0.480625 0.012807377049180328 0.08125
3 0.2576844262295082 0.62125 0.020491803278688523 0.0175
96 0.2387295081967213 0.623125 0.01639344262295082 0.013125
48 0.24692622950819673 0.5975 0.013831967213114754 0.065
22 0.6357581967213115 0.836875 0.02663934426229508 0.03
25 0.6004098360655737 0.525625 0.06659836065573771 0.0725
93 0.5020491803278688 0.395 0.05122950819672131 0.05
46 0.8237704918032787 0.776875 0.039959016393442626 0.025
46 0.8719262295081968 0.7425 0.02151639344262295 0.03625
30 0.8591188524590164 0.423125 0.045081967213114756 0.025
30 0.9554303278688525 0.4225 0.03483606557377049 0.02875
42 0.6019467213114754 0.398125 0.060450819672131145 0.05625
95 0.8411885245901639 0.791875 0.0194672131147541 0.08