42 0.2518172377985462 0.23922734026745915 0.0529595015576324 0.07429420505200594
42 0.3956386292834891 0.29940564635958394 0.02699896157840083 0.05200594353640416
42 0.39460020768431986 0.4561664190193165 0.029075804776739357 0.05349182763744428
46 0.34371754932502596 0.005200594353640416 0.024922118380062305 0.010401188707280832
46 0.32242990654205606 0.15824665676077265 0.023883696780893044 0.02823179791976226
34 0.3888888888888889 0.399702823179792 0.040498442367601244 0.06537890044576523
42 0.7642782969885774 0.06835066864784546 0.05711318795430945 0.09361069836552749
42 0.7954309449636553 0.48588410104011887 0.03946002076843198 0.02674591381872214
42 0.7964693665628245 0.3343239227340267 0.032191069574247146 0.04606240713224369
42 0.652128764278297 0.17682020802377416 0.035306334371754934 0.05200594353640416
7 0.8021806853582555 0.17904903417533433 0.059190031152647975 0.0549777117384844
22 0.7949117341640706 0.26151560178306094 0.02699896157840083 0.04309063893016345
93 0.6838006230529595 0.2852897473997028 0.05711318795430945 0.0787518573551263
22 0.7445482866043613 0.1775631500742942 0.02699896157840083 0.03417533432392273
1 0.7004153686396677 0.08766716196136701 0.0446521287642783 0.11144130757800892
42 0.1640706126687435 0.9138187221396731 0.05192107995846314 0.08320950965824665
42 0.07995846313603323 0.6953937592867756 0.0446521287642783 0.08023774145616643
46 0.3883696780893043 0.5913818722139673 0.02596053997923157 0.05200594353640416
22 0.23312564901349947 0.9583952451708767 0.024922118380062305 0.04903417533432392
96 0.10332294911734165 0.9710252600297177 0.02596053997923157 0.03863298662704309
48 0.08878504672897196 0.9286775631500743 0.030114226375908618 0.04309063893016345
42 0.7538940809968847 0.5156017830609212 0.058151609553478714 0.03268945022288262
1 0.8509865005192108 0.5906389301634473 0.04569055036344756 0.10549777117384844
1 0.7409138110072689 0.9613670133729569 0.04257528556593977 0.07726597325408618
1 0.6453790238836968 0.9710252600297177 0.04257528556593977 0.05794947994056464
1 0.8920041536863966 0.974739970282318 0.03946002076843198 0.05052005943536404
1 0.9293873312564901 0.5913818722139673 0.04153686396677051 0.08915304606240713
1 0.6256490134994808 0.5616641901931649 0.04880581516095535 0.09806835066864784
1 0.5669781931464174 0.5965824665676077 0.03946002076843198 0.09063893016344725
1 0.5083073727933541 0.5995542347696879 0.04776739356178609 0.1025260029717682
95 0.5846313603322949 0.9205052005943536 0.04984423676012461 0.029717682020802376
86 0.9766355140186916 0.5936106983655275 0.028037383177570093 0.05200594353640416
86 0.6121495327102804 0.6069836552748885 0.02699896157840083 0.04903417533432392
30 0.5737279335410177 0.5312035661218425 0.036344755970924195 0.03268945022288262
30 0.4932502596053998 0.5720653789004457 0.02699896157840083 0.04011887072808321
30 0.5015576323987538 0.9829123328380386 0.037383177570093455 0.03417533432392273
30 0.6656282450674974 0.9398216939078752 0.029075804776739357 0.041604754829123326
30 0.7855659397715472 0.9673105497771174 0.029075804776739357 0.0475482912332838
39 0.897196261682243 0.5928677563150074 0.03115264797507788 0.05052005943536404