42 0.35158403869407495 0.5163150074294205 0.06095525997581616 0.07505200594353639
42 0.3577388149939541 0.2667756315007429 0.043700120918984266 0.05145616641901931
42 0.4010399032648126 0.30714710252600297 0.041632406287787124 0.04635958395245169
42 0.878403869407497 0.1760772659732541 0.047811366384522325 0.05328380386329868
42 0.3591051995163241 0.9110698365527489 0.04107617896009677 0.04898959881129276
42 0.3994437726723095 0.9526002971768203 0.041124546553808934 0.046196136701337175
42 0.5321160822249094 0.9529420505200595 0.045828295042321616 0.046894502228826074
42 0.5282950423216445 0.30684992570579495 0.04355501813784762 0.05234769687964341
46 0.14900846432889964 0.3847251114413076 0.03467956469165658 0.0364190193164933
46 0.6286819830713422 0.3853491827637444 0.037424425634824725 0.03106983655274888
46 0.7534582829504233 0.38597325408618127 0.03806529625151151 0.032303120356612196
46 0.8653808948004836 0.3868053491827637 0.0352116082224908 0.024056463595839562
46 0.8656469165659009 0.4889004457652303 0.03766626360338584 0.026820208023774078
46 0.7541837968561065 0.4865081723625557 0.041209189842805236 0.03524517087667166
46 0.9231559854897219 0.23843982169390787 0.021148730350665064 0.05092124814264485
46 0.8950785973397823 0.23704309063893017 0.01935912938331317 0.038231797919762285
46 0.2859854897218863 0.415111441307578 0.023796856106408713 0.034442793462109884
34 0.48246674727932287 0.2912332838038633 0.053204353083434096 0.11589895988112928
34 0.4830713422007255 0.9353640416047548 0.04232164449818621 0.12927191679049035