42 0.24611088950937376 0.2626552053486151 0.04228161148783406 0.03868194842406877
42 0.25049860390905465 0.1356255969436485 0.030514559234144395 0.02626552053486151
42 0.28041483845233345 0.15616045845272206 0.029517351416035103 0.023400191021967526
42 0.6146788990825688 0.08978032473734479 0.032907857997606704 0.02626552053486151
42 0.25129637016354206 0.46370582617000955 0.028719585161547666 0.024832855778414518
42 0.27961707219784604 0.48471824259789875 0.028719585161547666 0.023400191021967526
42 0.3721579577183885 0.48519579751671443 0.03211009174311927 0.023400191021967526
42 0.3697646589549262 0.15616045845272206 0.030514559234144395 0.02626552053486151
46 0.10410849621061029 0.19579751671442217 0.024531312325488632 0.018147086914995225
46 0.4399680893498205 0.19627507163323782 0.0261268448344635 0.015759312320916905
46 0.5271240526525728 0.19675262655205347 0.027124052652572797 0.016714422158548233
46 0.6053051455923415 0.19723018147086915 0.024531312325488632 0.011938872970391595
46 0.6057040287195852 0.24880611270296085 0.0261268448344635 0.013849092645654251
46 0.5275229357798165 0.24785100286532952 0.028719585161547666 0.017191977077363897
46 0.6459912245712006 0.12129894937917861 0.014359792580773833 0.02626552053486151
46 0.6260470682090148 0.12082139446036294 0.013562026326286399 0.019102196752626553
46 0.20003988831272437 0.21155682903533907 0.016154766653370563 0.017191977077363897
34 0.3374551256481851 0.14804202483285578 0.0372955723972876 0.05921680993314231
34 0.33805345033905065 0.4761222540592168 0.029517351416035103 0.0659025787965616
22 0.7074192261667331 0.4078319006685769 0.01316314319904268 0.038204393505253106
22 0.7267650578380535 0.47325692454632284 0.014359792580773833 0.03533906399235912
22 0.8550059832469087 0.26456542502387775 0.014758675708017551 0.041069723018147083
42 0.9567211806940566 0.37679083094555876 0.017151974471479856 0.045845272206303724
1 0.8797367371360192 0.23256924546322827 0.038691663342640605 0.06017191977077364
1 0.9301954527323494 0.2297039159503343 0.03988831272437176 0.05730659025787966
22 0.956122856003191 0.3003820439350525 0.015955325089748704 0.04297994269340974
42 0.8544076585560431 0.3204393505253104 0.014758675708017551 0.04775549188156638
42 0.8544076585560431 0.06781279847182425 0.05065815715995214 0.11270296084049666
42 0.9567211806940566 0.06542502387774594 0.04507379337854009 0.11174785100286533
42 0.7586757080175509 0.49474689589302767 0.035899481451934584 0.02865329512893983
93 0.7213801356202633 0.22731614135625597 0.029118468288791385 0.07449856733524356
95 0.7341443956920622 0.34909264565425024 0.03709613083366574 0.02865329512893983