42 0.29226918798665186 0.2927669345579793 0.035038932146829814 0.03214695752009185
42 0.17658509454949944 0.2898966704936854 0.024193548387096774 0.022962112514351322
42 0.19521690767519467 0.2669345579793341 0.021412680756395994 0.022388059701492536
42 0.13459399332591768 0.014925373134328358 0.024193548387096774 0.02468427095292767
42 0.47525027808676307 0.28874856486796785 0.022803114571746386 0.021814006888633754
42 0.4944382647385984 0.2675086107921929 0.021412680756395994 0.021814006888633754
42 0.49471635150166854 0.19804822043628015 0.021412680756395994 0.024110218140068886
42 0.19521690767519467 0.1997703788748565 0.024193548387096774 0.022962112514351322
46 0.23136818687430477 0.40011481056257175 0.016407119021134595 0.018369690011481057
46 0.23164627363737486 0.14695752009184845 0.014460511679644048 0.01951779563719862
46 0.232202447163515 0.0809414466130884 0.015016685205784204 0.02066590126291619
46 0.2324805339265851 0.021814006888633754 0.011123470522803115 0.018369690011481057
46 0.27947719688542827 0.021814006888633754 0.012513904338153505 0.01951779563719862
46 0.278642936596218 0.0809414466130884 0.01585094549499444 0.021814006888633754
46 0.16295884315906564 0.006314580941446613 0.017241379310344827 0.010332950631458095
46 0.24555061179087875 0.3277841561423651 0.01585094549499444 0.012055109070034443
34 0.18798665183537264 0.22388059701492538 0.05367074527252503 0.02812858783008037
34 0.4866518353726363 0.22388059701492538 0.05978865406006674 0.022388059701492536
42 0.7725250278086763 0.1182548794489093 0.030033370411568408 0.04362801377726751
42 0.7691879866518354 0.11768082663605052 0.02614015572858732 0.0505166475315729
42 0.8512235817575083 0.30252583237657865 0.02614015572858732 0.0539609644087256
93 0.746384872080089 0.20034443168771526 0.0389321468298109 0.07462686567164178
46 0.9485539488320356 0.23134328358208955 0.0339265850945495 0.0539609644087256
93 0.8039488320355951 0.2330654420206659 0.04004449388209121 0.09299655568312284
7 0.7650166852057843 0.2927669345579793 0.04171301446051168 0.05510907003444317
1 0.8306451612903226 0.37370838117106775 0.02224694104560623 0.08955223880597014
22 0.8829254727474972 0.3036739380022962 0.01946607341490545 0.040183696900114814
86 0.8667964404894327 0.4150401836969001 0.027252502780867632 0.02870264064293915
86 0.7931034482758621 0.4161882893226177 0.027808676307007785 0.02640642939150402
86 0.8122914349276974 0.14753157290470723 0.021134593993325918 0.0505166475315729
46 0.3039488320355951 0.5109070034443168 0.03364849833147942 0.022388059701492536
25 0.7600111234705228 0.4971297359357061 0.08398220244716352 0.1354764638346728
9 0.8862625139043382 0.49885189437428246 0.08620689655172414 0.13892078071182548
56 0.9824805339265851 0.4799081515499426 0.035038932146829814 0.08725602755453502