42 0.3902708678828082 0.3864247311827957 0.021006080707573246 0.033602150537634407
42 0.30320619126589277 0.3844086021505376 0.026810392482034272 0.03763440860215054
42 0.21669430624654507 0.38373655913978494 0.019347705914870093 0.036290322580645164
42 0.48092868988391374 0.3844086021505376 0.02045328911000553 0.036290322580645164
42 0.45107794361525705 0.29301075268817206 0.022388059701492536 0.0396505376344086
42 0.3648424543946932 0.2923387096774194 0.022388059701492536 0.038306451612903226
42 0.2763957987838585 0.29301075268817206 0.022388059701492536 0.035618279569892476
42 0.1909894969596462 0.29301075268817206 0.024875621890547265 0.035618279569892476
29 0.4206744057490326 0.29301075268817206 0.026810392482034272 0.03225806451612903
29 0.33195135433941403 0.29301075268817206 0.03233830845771144 0.02620967741935484
29 0.24405749032614704 0.2950268817204301 0.030403537866224434 0.031586021505376344
29 0.15892758430071863 0.2950268817204301 0.02542841348811498 0.031586021505376344
7 0.20315091210613598 0.3588709677419355 0.023493642896627972 0.027553763440860215
7 0.37921503593145384 0.3575268817204301 0.029850746268656716 0.027553763440860215
7 0.2921503593145384 0.3575268817204301 0.03150912106135987 0.023521505376344086
7 0.47180762852404645 0.3548387096774194 0.03344389165284688 0.021505376344086023
2 0.15339966832504145 0.10887096774193548 0.015478164731896076 0.031586021505376344
2 0.24046434494195687 0.09408602150537634 0.014925373134328358 0.03024193548387097
2 0.3255942509673853 0.07862903225806452 0.017412935323383085 0.033602150537634407
2 0.4154228855721393 0.06451612903225806 0.014925373134328358 0.028225806451612902
79 0.32808181315644 0.004704301075268817 0.013543394140409067 0.009408602150537635
79 0.24129353233830847 0.003360215053763441 0.017136539524599224 0.006720430107526882
42 0.18794914317302377 0.04233870967741935 0.023493642896627972 0.03024193548387097
42 0.2752902155887231 0.041666666666666664 0.02183526810392482 0.03763440860215054
42 0.36263128800442235 0.041666666666666664 0.01990049751243781 0.033602150537634407
42 0.44914317302377005 0.043682795698924734 0.022388059701492536 0.03763440860215054
46 0.42979546710889993 0.04233870967741935 0.014372581536760642 0.018145161290322582
46 0.34190160309563294 0.04032258064516129 0.016860143725815367 0.023521505376344086
46 0.2542841348811498 0.04435483870967742 0.016860143725815367 0.02217741935483871
46 0.16611387506909894 0.043682795698924734 0.014372581536760642 0.018145161290322582
42 0.7330016583747927 0.008064516129032258 0.021006080707573246 0.016129032258064516
22 0.7330016583747927 0.07258064516129033 0.021006080707573246 0.04032258064516129
46 0.7034273079049198 0.04099462365591398 0.035378662244333885 0.05241935483870968
86 0.6821448313985627 0.20228494623655913 0.02045328911000553 0.06182795698924731
29 0.7479270315091211 0.1935483870967742 0.054173576561636266 0.09005376344086022
56 0.861249309010503 0.2560483870967742 0.017689331122166942 0.06854838709677419
42 0.8394140409065782 0.19489247311827956 0.04477611940298507 0.11021505376344086
42 0.7918739635157546 0.31989247311827956 0.04367053620784964 0.10618279569892473
22 0.7310668877833056 0.3084677419354839 0.018794914317302378 0.04435483870967742
46 0.7039800995024875 0.3487903225806452 0.0326147042564953 0.04973118279569892
42 0.7313432835820896 0.3924731182795699 0.02321724709784411 0.05913978494623656
71 0.8888888888888888 0.9623655913978495 0.08402432283029299 0.07526881720430108