42 0.2975369458128079 0.4063157894736842 0.01625615763546798 0.035263157894736843
42 0.23103448275862068 0.4047368421052632 0.02019704433497537 0.039473684210526314
42 0.16502463054187191 0.4036842105263158 0.014778325123152709 0.038421052631578946
42 0.3665024630541872 0.4047368421052632 0.015763546798029555 0.038421052631578946
42 0.3438423645320197 0.3078947368421053 0.017241379310344827 0.041578947368421056
42 0.27783251231527095 0.30736842105263157 0.017241379310344827 0.04052631578947368
42 0.21083743842364533 0.3078947368421053 0.017241379310344827 0.03736842105263158
42 0.1458128078817734 0.3078947368421053 0.0187192118226601 0.03736842105263158
29 0.32068965517241377 0.3078947368421053 0.02019704433497537 0.034210526315789476
29 0.25270935960591134 0.3078947368421053 0.024630541871921183 0.027894736842105264
29 0.18620689655172415 0.31 0.02315270935960591 0.03315789473684211
29 0.12118226600985221 0.31 0.01921182266009852 0.03315789473684211
7 0.15467980295566502 0.3773684210526316 0.017733990147783252 0.02894736842105263
7 0.28916256157635467 0.3757894736842105 0.022660098522167486 0.02894736842105263
7 0.22266009852216748 0.3757894736842105 0.02413793103448276 0.024736842105263158
7 0.35960591133004927 0.37315789473684213 0.02561576354679803 0.022631578947368423
2 0.11724137931034483 0.11421052631578947 0.011822660098522168 0.03315789473684211
2 0.1832512315270936 0.09894736842105263 0.011330049261083743 0.032105263157894734
2 0.2482758620689655 0.08263157894736842 0.013300492610837438 0.035263157894736843
2 0.316256157635468 0.06789473684210526 0.011330049261083743 0.03
79 0.25024630541871923 0.004736842105263158 0.010344827586206896 0.009473684210526316
79 0.18423645320197043 0.0036842105263157894 0.012807881773399015 0.007368421052631579
42 0.14334975369458128 0.04421052631578947 0.017733990147783252 0.032105263157894734
42 0.20985221674876847 0.04368421052631579 0.016748768472906402 0.039473684210526314
42 0.27635467980295564 0.04368421052631579 0.015270935960591134 0.035263157894736843
42 0.34236453201970446 0.045789473684210526 0.017241379310344827 0.039473684210526314
46 0.3275862068965517 0.04421052631578947 0.01083743842364532 0.019473684210526317
46 0.2605911330049261 0.04263157894736842 0.012807881773399015 0.024736842105263158
46 0.1935960591133005 0.04631578947368421 0.012807881773399015 0.02368421052631579
46 0.12660098522167487 0.045789473684210526 0.01083743842364532 0.019473684210526317
65 0.9689655172413794 0.05631578947368421 0.054187192118226604 0.06526315789473684
25 0.8300492610837439 0.06631578947368422 0.05024630541871921 0.05894736842105263
25 0.7600985221674876 0.06631578947368422 0.054187192118226604 0.05894736842105263
42 0.6541871921182266 0.48 0.04334975369458128 0.05263157894736842
42 0.7679802955665025 0.5947368421052631 0.052216748768472904 0.029473684210526315
49 0.6532019704433497 0.06421052631578947 0.05123152709359606 0.056842105263157895
46 0.4970443349753695 0.36105263157894735 0.015763546798029555 0.02736842105263158
49 0.3793103448275862 0.8626315789473684 0.05812807881773399 0.06736842105263158
25 0.2458128078817734 0.8621052631578947 0.06206896551724138 0.06631578947368422
25 0.47044334975369456 0.8457894736842105 0.0187192118226601 0.06842105263157895
25 0.12660098522167487 0.9826315789473684 0.060098522167487685 0.034736842105263156
95 0.27192118226600986 0.6594736842105263 0.04926108374384237 0.022105263157894735
42 0.12660098522167487 0.9089473684210526 0.060098522167487685 0.06421052631578947
42 0.3724137931034483 0.7626315789473684 0.06896551724137931 0.06842105263157895
42 0.43349753694581283 0.9768421052631578 0.061083743842364535 0.04631578947368421
35 0.6320197044334975 0.6321052631578947 0.02857142857142857 0.0431578947368421
42 0.59064039408867 0.8310526315789474 0.06798029556650247 0.06842105263157895
25 0.5916256157635468 0.7173684210526315 0.06206896551724138 0.06842105263157895
93 0.5123152709359606 0.7194736842105263 0.04729064039408867 0.05157894736842105
42 0.483743842364532 0.7510526315789474 0.007881773399014778 0.03263157894736842
42 0.5916256157635468 0.911578947368421 0.06305418719211822 0.06315789473684211
39 0.6625615763546798 0.9110526315789473 0.0187192118226601 0.023157894736842106
39 0.6522167487684729 0.7115789473684211 0.009852216748768473 0.02736842105263158
39 0.5374384236453202 0.911578947368421 0.020689655172413793 0.034736842105263156
42 0.6339901477832512 0.9894736842105263 0.022660098522167486 0.021052631578947368