42 0.33964497041420116 0.21153846153846154 0.020118343195266272 0.04532967032967033
42 0.25680473372781065 0.20947802197802198 0.02544378698224852 0.050824175824175824
42 0.1742603550295858 0.20810439560439561 0.018343195266272188 0.04945054945054945
42 0.42633136094674556 0.20947802197802198 0.01952662721893491 0.04945054945054945
42 0.39763313609467454 0.08516483516483517 0.021301775147928994 0.05357142857142857
42 0.3153846153846154 0.08447802197802198 0.021301775147928994 0.0521978021978022
42 0.23106508875739645 0.08516483516483517 0.021301775147928994 0.04807692307692308
42 0.14970414201183432 0.08516483516483517 0.023668639053254437 0.04807692307692308
29 0.36863905325443785 0.08516483516483517 0.02544378698224852 0.04395604395604396
29 0.28402366863905326 0.08516483516483517 0.03076923076923077 0.03571428571428571
29 0.20029585798816568 0.08791208791208792 0.028994082840236687 0.042582417582417584
29 0.11893491124260355 0.08791208791208792 0.0242603550295858 0.042582417582417584
7 0.16124260355029585 0.17445054945054944 0.022485207100591716 0.03708791208791209
7 0.32928994082840235 0.1723901098901099 0.028402366863905324 0.03708791208791209
7 0.24615384615384617 0.1723901098901099 0.03017751479289941 0.03159340659340659
7 0.41745562130177516 0.16895604395604397 0.03195266272189349 0.028846153846153848
49 0.857396449704142 0.41895604395604397 0.08757396449704143 0.10164835164835165
66 0.722189349112426 0.41620879120879123 0.09289940828402367 0.10714285714285714
77 0.5875739644970415 0.4168956043956044 0.09230769230769231 0.10576923076923077
42 0.2902366863905325 0.5638736263736264 0.02603550295857988 0.0521978021978022
42 0.24940828402366863 0.8152472527472527 0.04970414201183432 0.12087912087912088
42 0.329585798816568 0.8125 0.04437869822485207 0.12087912087912088
42 0.3301775147928994 0.9608516483516484 0.047337278106508875 0.0782967032967033
86 0.26005917159763314 0.6435439560439561 0.021301775147928994 0.0521978021978022
25 0.15946745562130177 0.8145604395604396 0.047337278106508875 0.10851648351648352
42 0.21863905325443786 0.5686813186813187 0.021301775147928994 0.04532967032967033
1 0.19437869822485207 0.48282967032967034 0.03017751479289941 0.0260989010989011
94 0.16124260355029585 0.5961538461538461 0.01775147928994083 0.10851648351648352
88 0.6576923076923077 0.8392857142857143 0.03550295857988166 0.14148351648351648
102 0.5715976331360947 0.8413461538461539 0.10118343195266272 0.1510989010989011