42 0.4891625615763547 0.0783678756476684 0.03842364532019704 0.046632124352331605
42 0.4886699507389163 0.25841968911917096 0.0374384236453202 0.046632124352331605
42 0.4891625615763547 0.4430051813471503 0.034482758620689655 0.046632124352331605
42 0.4891625615763547 0.6120466321243523 0.034482758620689655 0.034974093264248704
29 0.4891625615763547 0.14183937823834197 0.03152709359605911 0.05569948186528497
29 0.4891625615763547 0.3270725388601036 0.02561576354679803 0.06735751295336788
29 0.4911330049261084 0.5103626943005182 0.030541871921182268 0.06347150259067358
2 0.296551724137931 0.5181347150259067 0.029556650246305417 0.031088082901554404
2 0.2817733990147783 0.3400259067357513 0.03251231527093596 0.03626943005181347
2 0.26798029556650244 0.15284974093264247 0.027586206896551724 0.031088082901554404
79 0.19408866995073892 0.15025906735751296 0.03152709359605911 0.025906735751295335
79 0.19704433497536947 0.33419689119170987 0.034482758620689655 0.02849740932642487
79 0.1960591133004926 0.5148963730569949 0.03251231527093596 0.034974093264248704
42 0.24630541871921183 0.6159326424870466 0.029556650246305417 0.027202072538860103
42 0.2458128078817734 0.44494818652849744 0.03645320197044335 0.04533678756476684
42 0.2458128078817734 0.26295336787564766 0.03251231527093596 0.04145077720207254
42 0.24778325123152709 0.0822538860103627 0.03645320197044335 0.046632124352331605
46 0.24630541871921183 0.12240932642487047 0.017733990147783252 0.029792746113989636
46 0.24482758620689654 0.30634715025906734 0.022660098522167486 0.034974093264248704
46 0.2482758620689655 0.4889896373056995 0.02167487684729064 0.034974093264248704
47 0.06157635467980296 0.6360103626943006 0.024630541871921183 0.012953367875647668
42 0.014285714285714285 0.6373056994818653 0.020689655172413793 0.015544041450777202
93 0.15911330049261083 0.6534974093264249 0.04827586206896552 0.04792746113989637
42 0.0980295566502463 0.685880829015544 0.052216748768472904 0.06347150259067358
42 0.27586206896551724 0.7370466321243523 0.033497536945812804 0.031088082901554404
47 0.2748768472906404 0.7992227979274611 0.0374384236453202 0.029792746113989636
1 0.45024630541871924 0.7072538860103627 0.05517241379310345 0.054404145077720206
17 0.49852216748768474 0.6930051813471503 0.023645320197044337 0.06217616580310881
42 0.36798029556650247 0.6528497409326425 0.052216748768472904 0.046632124352331605
93 0.2852216748768473 0.6677461139896373 0.04827586206896552 0.06476683937823834
42 0.90935960591133 0.8374352331606217 0.05714285714285714 0.07253886010362694
42 0.5773399014778325 0.9883419689119171 0.027586206896551724 0.023316062176165803
42 0.812807881773399 0.9591968911917098 0.029556650246305417 0.04533678756476684
25 0.9866995073891626 0.836139896373057 0.026600985221674877 0.08160621761658031
3 0.9463054187192118 0.9624352331606217 0.04039408866995074 0.046632124352331605
95 0.5650246305418719 0.689119170984456 0.060098522167487685 0.031088082901554404
48 0.9211822660098522 0.9352331606217616 0.041379310344827586 0.02849740932642487
96 0.9448275862068966 0.9158031088082902 0.022660098522167486 0.05181347150259067