42 0.22012578616352202 0.1553784860557769 0.019439679817038306 0.03286852589641434
42 0.30017152658662094 0.15687250996015936 0.024585477415666093 0.036852589641434265
42 0.37993138936535165 0.15786852589641434 0.017724413950829045 0.035856573705179286
42 0.13636363636363635 0.15687250996015936 0.018867924528301886 0.035856573705179286
42 0.16409376786735277 0.24701195219123506 0.02058319039451115 0.03884462151394422
42 0.24356775300171526 0.24750996015936255 0.02058319039451115 0.037848605577689244
42 0.32504288164665524 0.24701195219123506 0.02058319039451115 0.0348605577689243
42 0.4036592338479131 0.24701195219123506 0.022870211549456832 0.0348605577689243
29 0.19210977701543738 0.24701195219123506 0.024585477415666093 0.03187250996015936
29 0.27387078330474557 0.24701195219123506 0.029731275014293884 0.025896414342629483
29 0.35477415666094914 0.2450199203187251 0.02801600914808462 0.030876494023904383
29 0.433390508862207 0.2450199203187251 0.023441966838193252 0.030876494023904383
7 0.3925100057175529 0.18227091633466136 0.02172670097198399 0.026892430278884463
7 0.23013150371640936 0.18376494023904383 0.0274442538593482 0.026892430278884463
7 0.31046312178387653 0.18376494023904383 0.029159519725557463 0.022908366533864542
7 0.14493996569468268 0.18625498007968128 0.030874785591766724 0.02091633466135458
2 0.43825042881646653 0.42729083665338646 0.01429388221841052 0.030876494023904383
2 0.35820468839336767 0.44173306772908366 0.0137221269296741 0.029880478087649404
2 0.27958833619210977 0.45667330677290835 0.016009148084619784 0.03286852589641434
2 0.19696969696969696 0.4706175298804781 0.0137221269296741 0.027888446215139442
42 0.4065180102915952 0.48306772908366535 0.02172670097198399 0.01195219123505976
42 0.32561463693539167 0.4815737051792829 0.020011435105774727 0.014940239043824702
42 0.24528301886792453 0.48256972111553786 0.018296169239565466 0.012948207171314742
42 0.16580903373356204 0.4805776892430279 0.02058319039451115 0.01693227091633466
46 0.18324757004002287 0.4860557768924303 0.013150371640937679 0.00597609561752988
46 0.2644368210405946 0.4855577689243028 0.015437392795883362 0.0069721115537848604
46 0.34505431675243 0.48406374501992033 0.015437392795883362 0.0099601593625498
46 0.4262435677530017 0.4855577689243028 0.013150371640937679 0.0069721115537848604
42 0.7675814751286449 0.39641434262948205 0.04345340194396798 0.07669322709163347
42 0.8210405946255003 0.09711155378486055 0.045740423098913664 0.08167330677290836
42 0.7715837621497998 0.25647410358565736 0.052601486563750716 0.09561752988047809
39 0.8739279588336192 0.015438247011952191 0.013150371640937679 0.030876494023904383
39 0.5889079473985135 0.14043824701195218 0.013150371640937679 0.04282868525896414
30 0.5717552887364208 0.31324701195219123 0.004574042309891366 0.05079681274900399
23 0.8038879359634077 0.4397410358565737 0.017724413950829045 0.026892430278884463
23 0.8124642652944539 0.2953187250996016 0.017152658662092625 0.03187250996015936
23 0.8221841052029731 0.18326693227091634 0.020011435105774727 0.030876494023904383
23 0.7298456260720412 0.44272908366533864 0.018867924528301886 0.027888446215139442
23 0.7304173813607776 0.29880478087649404 0.019439679817038306 0.029880478087649404
1 0.2827329902801601 0.5014940239043825 0.030588907947398512 0.018924302788844622
1 0.34305317324185247 0.5 0.029731275014293884 0.021912350597609563
61 0.5971983990851916 0.6379482071713147 0.04859919954259577 0.08665338645418327
75 0.6961120640365923 0.6379482071713147 0.05202973127501429 0.08266932270916334
99 0.7933104631217839 0.6394422310756972 0.046883933676386505 0.08067729083665338