65 0.9124926108374384 0.08428070175438597 0.05987192118226599 0.10743859649122806
65 0.9132906403940887 0.32817543859649123 0.061467980295566604 0.10903508771929821
65 0.9128866995073892 0.5759122807017544 0.0558817733990148 0.1097894736842106
65 0.9124926108374384 0.8219298245614035 0.05987192118226599 0.11564912280701747
73 0.9392315270935961 0.21540350877192982 0.09899507389162564 0.07115789473684211
73 0.9398325123152709 0.4617719298245614 0.09779310344827585 0.05638596491228068
73 0.937231527093596 0.7049473684210527 0.09979310344827583 0.06508771929824565
73 0.9414285714285714 0.9513333333333334 0.10098522167487685 0.07591228070175435
42 0.5937536945812808 0.28650877192982455 0.03313300492610848 0.059824561403508815
42 0.5919605911330049 0.5325263157894737 0.03671921182266008 0.0742105263157894
42 0.5911625615763546 0.7767719298245613 0.035123152709359694 0.05517543859649131
42 0.5923546798029556 0.029543859649122806 0.035123152709359694 0.057666666666666665
42 0.5029458128078818 0.11522807017543861 0.038315270935960634 0.06270175438596493
42 0.502551724137931 0.35840350877192984 0.03751724137931039 0.06285964912280699
42 0.5029458128078818 0.6086315789473684 0.033527093596059085 0.06436842105263148
42 0.5029458128078818 0.8503859649122808 0.033527093596059085 0.07021052631578945
29 0.5031428571428572 0.20050877192982458 0.03153694581280793 0.07547368421052633
29 0.5027487684729064 0.4514912280701755 0.02594088669950743 0.09128070175438592
29 0.5047389162561576 0.7003508771929824 0.02994088669950743 0.08575438596491228
29 0.5047389162561576 0.9413157894736841 0.02994088669950743 0.07294736842105251
79 0.8101477832512315 0.21352631578947368 0.02770443349753684 0.03133333333333331
79 0.8135665024630542 0.4645263157894736 0.03276847290640393 0.036807017543859684
79 0.811192118226601 0.7062456140350877 0.03157635467980291 0.03961403508771937
79 0.811487684729064 0.9561228070175439 0.02860098522167485 0.03966666666666649
22 0.8472315270935961 0.21810526315789472 0.014295566502463046 0.037315789473684205
22 0.84664039408867 0.4664385964912281 0.01847290640394089 0.040614035087719255
22 0.8454482758620689 0.7096666666666667 0.023231527093595987 0.043298245614035
22 0.84664039408867 0.9563859649122807 0.01847290640394089 0.040192982456140496
7 0.5667586206896552 0.8157543859649123 0.02711330049261082 0.06766666666666675
7 0.5657142857142857 0.3175438596491228 0.026807881773399052 0.08338596491228066
7 0.5654187192118226 0.5640350877192982 0.02264039408866997 0.08938596491228078
7 0.5630344827586207 0.05629824561403509 0.021448275862068947 0.0945438596491228
2 0.32461083743842367 0.9558421052631579 0.030512315270935987 0.044210526315789554
2 0.31040394088669954 0.7109298245614035 0.029458128078817713 0.04156140350877203
2 0.29533004926108375 0.46891228070175434 0.03296551724137935 0.04843859649122809
2 0.28200000000000003 0.21619298245614035 0.02735960591133003 0.04140350877192982
79 0.20799014778325126 0.21243859649122807 0.03086699507389161 0.03389473684210525
79 0.21097536945812806 0.46171929824561403 0.034719211822660107 0.03780701754385962
79 0.20992118226600984 0.7058947368421052 0.032620689655172425 0.04649122807017544
79 0.2092216748768473 0.9539298245614035 0.031211822660098528 0.03291228070175437
42 0.25990147783251233 0.8583508771929824 0.029458128078817713 0.06657894736842113
42 0.25954679802955666 0.6115614035087719 0.03718226600985223 0.060175438596491146
42 0.25954679802955666 0.3645438596491228 0.03296551724137932 0.05707017543859654
42 0.2616551724137931 0.12026315789473684 0.03718226600985223 0.06315789473684211
46 0.2602463054187192 0.1749298245614035 0.017536945812807864 0.04131578947368423
46 0.25884729064039413 0.42389473684210527 0.02315270935960591 0.04835087719298246
46 0.262 0.6709473684210526 0.02104433497536947 0.04778947368421054
46 0.26147783251231527 0.9205438596491229 0.017891625615763514 0.04108771929824574