42 0.3779178964314462 0.3995726495726496 0.020391735980681513 0.0349002849002849
42 0.29380198551113496 0.39814814814814814 0.025892138449154816 0.03917378917378917
42 0.209954386906359 0.3974358974358974 0.018647705929702173 0.03774928774928775
42 0.46592433592701904 0.39814814814814814 0.019855111349610946 0.03774928774928775
42 0.43681244969144084 0.3027065527065527 0.021599141400590285 0.04131054131054131
42 0.3533673195599678 0.3027065527065527 0.021599141400590285 0.039886039886039885
42 0.26764153474644486 0.3027065527065527 0.021599141400590285 0.037037037037037035
42 0.1850013415615777 0.3027065527065527 0.024013952240407834 0.037037037037037035
29 0.40743225114032733 0.3027065527065527 0.025892138449154816 0.03347578347578348
29 0.32143815401126913 0.3027065527065527 0.03125838475986048 0.027065527065527065
29 0.23638314998658438 0.30484330484330485 0.029380198551113495 0.03276353276353276
29 0.15387711295948484 0.30484330484330485 0.024684733029246043 0.03276353276353276
7 0.19680708344513012 0.3710826210826211 0.02280654682049906 0.02849002849002849
7 0.36745371612557015 0.3696581196581197 0.02884357392004293 0.02849002849002849
7 0.28306949288972366 0.3696581196581197 0.03058760397102227 0.024216524216524215
7 0.4569358733565871 0.36752136752136755 0.03246579017976925 0.02207977207977208
2 0.14877917896431447 0.11253561253561253 0.015025489669975852 0.03276353276353276
2 0.2328950898846257 0.09757834757834757 0.014354708881137644 0.03133903133903134
2 0.3154011269117252 0.0811965811965812 0.01676951972095519 0.0349002849002849
2 0.40233431714515694 0.06695156695156695 0.014354708881137644 0.0292022792022792
79 0.3178159377515428 0.004985754985754986 0.013281459618996513 0.009259259259259259
79 0.23396833914676685 0.0035612535612535613 0.016232895089884625 0.007122507122507123
42 0.18204990609068955 0.04344729344729345 0.02280654682049906 0.03133903133903134
42 0.26683659779983904 0.04344729344729345 0.021062516769519722 0.03917378917378917
42 0.3512208210356855 0.04344729344729345 0.01918433056077274 0.0349002849002849
42 0.4350684196404615 0.045584045584045586 0.021599141400590285 0.03917378917378917
46 0.41642071371075934 0.04344729344729345 0.013818084250067078 0.019230769230769232
46 0.3310973973705393 0.04202279202279202 0.016232895089884625 0.024216524216524215
46 0.24631070566138985 0.045584045584045586 0.016232895089884625 0.022792022792022793
46 0.16098738932116985 0.045584045584045586 0.013818084250067078 0.019230769230769232