42 0.170080142475512 0.09752321981424149 0.015138023152270703 0.05108359133126935
42 0.23241317898486197 0.0998452012383901 0.01914514692787177 0.05727554179566564
42 0.29452359750667856 0.10139318885448917 0.013802315227070348 0.05572755417956656
42 0.10485307212822796 0.0998452012383901 0.014692787177203919 0.05572755417956656
42 0.12644701691896706 0.23993808049535603 0.016028495102404273 0.06037151702786378
42 0.18833481745325023 0.24071207430340558 0.016028495102404273 0.058823529411764705
42 0.2517809439002671 0.23993808049535603 0.016028495102404273 0.05417956656346749
42 0.3130008904719501 0.23993808049535603 0.017809439002671415 0.05417956656346749
29 0.14826357969723955 0.23993808049535603 0.01914514692787177 0.04953560371517028
29 0.21193232413178986 0.23993808049535603 0.02315227070347284 0.04024767801857585
29 0.27493321460374 0.23684210526315788 0.021816562778272486 0.047987616099071206
29 0.336153161175423 0.23684210526315788 0.0182546749777382 0.047987616099071206
7 0.30431878895814785 0.1393188854489164 0.016918967052537846 0.04179566563467492
7 0.17787177203918075 0.141640866873065 0.0213713268032057 0.04179566563467492
7 0.2404274265360641 0.141640866873065 0.022707034728406055 0.03560371517027864
7 0.11153161175422974 0.14551083591331268 0.02404274265360641 0.032507739938080496
2 0.33993766696349065 0.5170278637770898 0.011130899376669634 0.043343653250773995
2 0.2773820124666073 0.5286377708978328 0.01068566340160285 0.020123839009287926
46 0.6585040071237755 0.07972136222910217 0.029385574354407838 0.06346749226006192
42 0.18477292965271594 0.7213622291021672 0.020035618878005344 0.06346749226006192
1 0.22172751558325912 0.618421052631579 0.024487978628673197 0.14551083591331268
42 0.3544078361531612 0.7229102167182663 0.040516473731077474 0.1563467492260062