42 0.3211822660098522 0.3037667071688943 0.033497536945812804 0.040097205346294046
42 0.1832512315270936 0.3019441069258809 0.042364532019704436 0.04495747266099635
42 0.0458128078817734 0.30072904009720536 0.030541871921182268 0.04374240583232078
42 0.46551724137931033 0.3019441069258809 0.03251231527093596 0.04374240583232078
42 0.41773399014778323 0.1919805589307412 0.035467980295566505 0.04738760631834751
42 0.28078817733990147 0.1913730255164034 0.035467980295566505 0.046172539489671933
42 0.14039408866995073 0.1919805589307412 0.035467980295566505 0.0425273390036452
42 0.012315270935960592 0.1913730255164034 0.024630541871921183 0.0425273390036452
29 0.3694581280788177 0.1919805589307412 0.042364532019704436 0.038882138517618466
29 0.22857142857142856 0.1919805589307412 0.05123152709359606 0.031591737545565005
29 0.08916256157635467 0.19441069258809235 0.04827586206896552 0.03766707168894289
7 0.02413793103448276 0.2709599027946537 0.0374384236453202 0.032806804374240585
7 0.30394088669950736 0.26913730255164037 0.04729064039408867 0.032806804374240585
7 0.16551724137931034 0.26913730255164037 0.05024630541871921 0.027946537059538274
7 0.45073891625615764 0.2660996354799514 0.053201970443349754 0.02551640340218712
25 0.7118226600985221 0.20473876063183474 0.061083743842364535 0.07411907654921021
25 0.6216748768472906 0.39064398541919804 0.059113300492610835 0.07047387606318348
42 0.6221674876847291 0.275820170109356 0.06600985221674877 0.07411907654921021
49 0.36847290640394087 0.7667071688942891 0.09064039408866995 0.11907654921020656
42 0.2522167487684729 0.6901579586877278 0.07684729064039408 0.09234507897934387
42 0.2714285714285714 0.8918590522478737 0.07389162561576355 0.09356014580801944
42 0.12413793103448276 0.951397326852977 0.07684729064039408 0.09234507897934387
25 0.45566502463054187 0.8918590522478737 0.07980295566502463 0.10085054678007291
74 0.1812807881773399 0.9750911300121506 0.05123152709359606 0.04981773997569866
3 0.17536945812807883 0.7660996354799514 0.04926108374384237 0.0850546780072904
48 0.21083743842364533 0.8213851761846902 0.0374384236453202 0.046172539489671933
96 0.23201970443349754 0.7667071688942891 0.030541871921182268 0.041312272174969626
42 0.6014778325123152 0.4993924665856622 0.024630541871921183 0.046172539489671933
42 0.6581280788177339 0.7199270959902795 0.07389162561576355 0.10692588092345079
42 0.6591133004926109 0.8645200486026732 0.07881773399014778 0.09477521263669501
42 0.6586206896551724 0.9763061968408262 0.07783251231527094 0.04738760631834751