42 0.3901540522438044 0.4668421052631579 0.021098459477561955 0.04052631578947368
42 0.3034159410582719 0.46473684210526317 0.02679169457468185 0.045263157894736845
42 0.21667782987273945 0.4636842105263158 0.019089082384460818 0.04421052631578947
42 0.48091091761553917 0.46473684210526317 0.02042866711319491 0.04421052631578947
42 0.4511051574012056 0.35368421052631577 0.022438044206296047 0.04789473684210526
42 0.36470194239785664 0.3531578947368421 0.022438044206296047 0.04684210526315789
42 0.27628935030140656 0.35368421052631577 0.022438044206296047 0.0431578947368421
42 0.19089082384460818 0.35368421052631577 0.02478231748158071 0.0431578947368421
29 0.420629604822505 0.35368421052631577 0.02679169457468185 0.039473684210526314
29 0.3318821165438714 0.35368421052631577 0.032150033489618215 0.032105263157894734
29 0.24413931681178835 0.3563157894736842 0.030475552578700604 0.037894736842105266
29 0.15874079035498995 0.3563157894736842 0.025452109845947757 0.037894736842105266
7 0.20328198258539854 0.4336842105263158 0.02344273275284662 0.03315789473684211
7 0.37943737441393166 0.43157894736842106 0.029805760214333555 0.03315789473684211
7 0.29202947086403214 0.43157894736842106 0.03148024112525117 0.028421052631578948
7 0.47186872069658403 0.4284210526315789 0.033489618218352314 0.025789473684210525
2 0.15338245144005358 0.13157894736842105 0.015405224380442064 0.037894736842105266
2 0.24045545880776958 0.11368421052631579 0.014735432016075016 0.03684210526315789
2 0.32551908908238447 0.09526315789473684 0.017414601473543203 0.04052631578947368
2 0.41527126590756863 0.07789473684210527 0.014735432016075016 0.034210526315789476
79 0.3278633623576691 0.005263157894736842 0.01406563965170797 0.010526315789473684
79 0.24146014735432017 0.004210526315789474 0.016744809109176157 0.008421052631578947
42 0.18787675820495647 0.05105263157894737 0.02344273275284662 0.03684210526315789
42 0.275284661754856 0.05052631578947368 0.021768251841929 0.045263157894736845
42 0.3626925653047555 0.05052631578947368 0.019758874748827863 0.04052631578947368
42 0.4490957803081045 0.05263157894736842 0.022438044206296047 0.045263157894736845
46 0.43000669792364365 0.05105263157894737 0.014400535833891493 0.022105263157894735
46 0.3419290020093771 0.04894736842105263 0.016744809109176157 0.028421052631578948
46 0.25418620227729405 0.05368421052631579 0.016744809109176157 0.026842105263157896
46 0.16610850636302746 0.05263157894736842 0.014400535833891493 0.022105263157894735
65 0.9735432016075016 0.1931578947368421 0.036838580040187544 0.06526315789473684
25 0.8791024782317481 0.2031578947368421 0.03415941058271936 0.05894736842105263
25 0.8315472203616878 0.2031578947368421 0.036838580040187544 0.05894736842105263
42 0.7595445411922304 0.6168421052631579 0.029470864032150032 0.05263157894736842
49 0.7588747488278633 0.20105263157894737 0.034829202947086406 0.056842105263157895
46 0.6527126590756865 0.4978947368421053 0.010716677829872739 0.02736842105263158
42 0.8774279973208305 0.8157894736842105 0.03014065639651708 0.0431578947368421
1 0.8218352310783658 0.8857894736842106 0.036838580040187544 0.09894736842105263
1 0.8221701272605493 0.9794736842105263 0.03951774949765573 0.04105263157894737
42 0.6409912926992632 0.8142105263157895 0.02277294038847957 0.10631578947368421