46 0.28258221680876977 0.306980056980057 0.023142509135200974 0.04415954415954416
46 0.11327649208282582 0.3041310541310541 0.020706455542021926 0.04700854700854701
3 0.279537149817296 0.11396011396011396 0.03654080389768575 0.04415954415954416
3 0.10779537149817296 0.1339031339031339 0.028014616321559074 0.04843304843304843
42 0.18087697929354446 0.3041310541310541 0.04263093788063337 0.05128205128205128
7 0.37697929354445797 0.391025641025641 0.04506699147381242 0.03561253561253561
7 0.207673568818514 0.3903133903133903 0.049939098660170524 0.03561253561253561
38 0.3118148599269184 0.30626780626780625 0.0194884287454324 0.03561253561253561
38 0.13824604141291108 0.3076923076923077 0.020706455542021926 0.03133903133903134
42 0.34835566382460414 0.3041310541310541 0.04263093788063337 0.05698005698005698
42 0.7466504263093788 0.021367521367521368 0.06090133982947625 0.042735042735042736
42 0.8995127892813642 0.019230769230769232 0.037758830694275276 0.038461538461538464
42 0.866626065773447 0.06623931623931624 0.040194884287454324 0.04700854700854701
42 0.8660170523751523 0.22008547008547008 0.04263093788063337 0.04700854700854701
34 0.8812423873325214 0.1623931623931624 0.09135200974421437 0.05128205128205128
46 0.8233861144945189 0.2215099715099715 0.031668696711327646 0.021367521367521368
46 0.8014616321559074 0.33475783475783477 0.020706455542021926 0.03418803418803419
25 0.4317904993909866 0.19017094017094016 0.047503045066991476 0.06695156695156695
25 0.43239951278928135 0.27706552706552706 0.048721071863580996 0.06125356125356125
49 0.42935444579780757 0.35327635327635326 0.04263093788063337 0.06267806267806268
65 0.4348355663824604 0.022792022792022793 0.0535931790499391 0.045584045584045586
42 0.1851400730816078 0.6965811965811965 0.04506699147381242 0.05128205128205128
46 0.08526187576126674 0.7357549857549858 0.029232643118148598 0.042735042735042736
46 0.3038976857490865 0.7371794871794872 0.023142509135200974 0.04700854700854701
22 0.6339829476248477 0.6937321937321937 0.029232643118148598 0.038461538461538464
42 0.4518879415347138 0.6930199430199431 0.037758830694275276 0.03418803418803419
42 0.6382460414129111 0.5933048433048433 0.06455542021924482 0.07692307692307693
42 0.7326431181485993 0.6930199430199431 0.028014616321559074 0.029914529914529916
42 0.5066991473812423 0.6445868945868946 0.06211936662606577 0.07407407407407407
56 0.5852618757612668 0.5512820512820513 0.024360535931790498 0.038461538461538464
42 0.5554202192448234 0.50997150997151 0.06211936662606577 0.0754985754985755
25 0.46163215590742995 0.5106837606837606 0.06699147381242387 0.0811965811965812
1 0.5060901339829477 0.7628205128205128 0.048721071863580996 0.09259259259259259
1 0.6711327649208283 0.7628205128205128 0.04263093788063337 0.08831908831908832
95 0.6930572472594397 0.6730769230769231 0.023142509135200974 0.07692307692307693
38 0.5554202192448234 0.636039886039886 0.037758830694275276 0.03133903133903134
25 0.7661388550548112 0.5933048433048433 0.06211936662606577 0.08974358974358974
46 0.5535931790499391 0.6923076923076923 0.04506699147381242 0.027065527065527065