3 0.4588068181818182 0.03859649122807018 0.01903409090909091 0.014035087719298246
46 0.4590909090909091 0.11812865497076024 0.013068181818181817 0.012865497076023392
46 0.3650568181818182 0.11695906432748537 0.014204545454545454 0.014035087719298246
46 0.26732954545454546 0.11812865497076024 0.015056818181818182 0.013450292397660818
46 0.17045454545454544 0.11812865497076024 0.013068181818181817 0.013450292397660818
46 0.07556818181818181 0.11695906432748537 0.011647727272727273 0.014035087719298246
46 0.18380681818181818 0.011695906432748537 0.017613636363636363 0.006432748538011696
46 0.08920454545454545 0.010526315789473684 0.015056818181818182 0.007017543859649123
46 0.28153409090909093 0.011111111111111112 0.016477272727272726 0.00760233918128655
46 0.37727272727272726 0.010526315789473684 0.017045454545454544 0.007017543859649123
46 0.47301136363636365 0.011111111111111112 0.015056818181818182 0.007017543859649123
3 0.2661931818181818 0.05263157894736842 0.021022727272727273 0.012865497076023392
3 0.16875 0.05964912280701754 0.020454545454545454 0.013450292397660818
3 0.07272727272727272 0.06549707602339182 0.015625 0.014619883040935672
3 0.36164772727272726 0.04678362573099415 0.019886363636363636 0.014035087719298246
42 0.49630681818181815 0.011695906432748537 0.023295454545454546 0.01871345029239766
42 0.49630681818181815 0.11754385964912281 0.023295454545454546 0.0152046783625731
42 0.43068181818181817 0.15730994152046784 0.021875 0.014035087719298246
42 0.33551136363636364 0.1567251461988304 0.023295454545454546 0.013450292397660818
42 0.23920454545454545 0.15730994152046784 0.021875 0.016374269005847954
42 0.14375 0.1567251461988304 0.024431818181818183 0.014035087719298246
42 0.11363636363636363 0.11695906432748537 0.023863636363636365 0.015789473684210527
42 0.20767045454545455 0.011111111111111112 0.025852272727272727 0.018128654970760234
42 0.4011363636363636 0.011695906432748537 0.026704545454545453 0.018128654970760234
42 0.11221590909090909 0.011111111111111112 0.024431818181818183 0.016374269005847954
7 0.32386363636363635 0.14327485380116958 0.030113636363636363 0.012280701754385965
7 0.2252840909090909 0.14444444444444443 0.029261363636363637 0.011695906432748537
7 0.12840909090909092 0.14327485380116958 0.02784090909090909 0.011111111111111112
7 0.4184659090909091 0.14444444444444443 0.033522727272727273 0.009941520467836258
65 0.4133522727272727 0.29239766081871343 0.040340909090909094 0.014035087719298246
65 0.3176136363636364 0.29239766081871343 0.03806818181818182 0.014035087719298246
65 0.2215909090909091 0.29239766081871343 0.036931818181818184 0.014035087719298246
65 0.12613636363636363 0.2912280701754386 0.038636363636363635 0.016374269005847954
47 0.4576704545454545 0.25380116959064325 0.017045454545454544 0.014619883040935672
47 0.36363636363636365 0.25321637426900584 0.015625 0.0152046783625731
47 0.2681818181818182 0.25321637426900584 0.017045454545454544 0.014619883040935672
47 0.17130681818181817 0.2543859649122807 0.015625 0.012280701754385965
47 0.075 0.25380116959064325 0.011647727272727273 0.012865497076023392
38 0.45738636363636365 0.26783625730994154 0.015056818181818182 0.006432748538011696
38 0.36107954545454546 0.2695906432748538 0.017613636363636363 0.00760233918128655
38 0.26789772727272726 0.26842105263157895 0.017613636363636363 0.008187134502923977
38 0.17045454545454544 0.26900584795321636 0.017613636363636363 0.00760233918128655
38 0.0747159090909091 0.26842105263157895 0.020454545454545454 0.008771929824561403
42 0.40198863636363635 0.11812865497076024 0.023863636363636365 0.015789473684210527
38 0.3784090909090909 0.11812865497076024 0.012215909090909092 0.011695906432748537
38 0.2818181818181818 0.11812865497076024 0.010795454545454546 0.012280701754385965
38 0.18664772727272727 0.11812865497076024 0.010795454545454546 0.011111111111111112
38 0.08977272727272727 0.11812865497076024 0.011647727272727273 0.00935672514619883
42 0.20710227272727272 0.11695906432748537 0.023863636363636365 0.017543859649122806
42 0.3059659090909091 0.11754385964912281 0.02528409090909091 0.015789473684210527
42 0.30369318181818183 0.011111111111111112 0.022443181818181817 0.017543859649122806
38 0.47414772727272725 0.11695906432748537 0.014204545454545454 0.012280701754385965
73 0.4596590909090909 0.2929824561403509 0.03068181818181818 0.012865497076023392
73 0.3613636363636364 0.2941520467836257 0.03125 0.010526315789473684
73 0.2650568181818182 0.2929824561403509 0.032670454545454544 0.012280701754385965
73 0.17073863636363637 0.2935672514619883 0.033522727272727273 0.011111111111111112
73 0.07215909090909091 0.29239766081871343 0.03125 0.014035087719298246
93 0.43636363636363634 0.5233918128654971 0.040340909090909094 0.08654970760233918
46 0.3886363636363636 0.5052631578947369 0.021022727272727273 0.06666666666666667
93 0.38892045454545454 0.6573099415204678 0.0375 0.15789473684210525
102 0.2255681818181818 0.9824561403508771 0.028409090909090908 0.03508771929824561