3 0.5735805330243338 0.049019607843137254 0.023754345307068367 0.01805985552115583
46 0.5741599073001159 0.14963880288957687 0.016222479721900347 0.016511867905056758
46 0.45654692931633833 0.1480908152734778 0.017960602549246814 0.017543859649122806
46 0.3342989571263036 0.14963880288957687 0.018829663962920046 0.017027863777089782
46 0.21320973348783315 0.14963880288957687 0.016222479721900347 0.017027863777089782
46 0.09472769409038238 0.14860681114551083 0.014484356894553883 0.01805985552115583
46 0.22972190034762457 0.014963880288957688 0.022305909617612977 0.008255933952528379
46 0.11181923522595597 0.013415892672858616 0.018829663962920046 0.008771929824561403
46 0.3519698725376593 0.01393188854489164 0.020567786790266513 0.009287925696594427
46 0.47190034762456545 0.013415892672858616 0.021436848203939745 0.008771929824561403
46 0.5915411355735806 0.014447884416924664 0.018829663962920046 0.008771929824561403
3 0.3328505214368482 0.06707946336429309 0.026361529548088066 0.016511867905056758
3 0.21089223638470453 0.07533539731682147 0.02549246813441483 0.017027863777089782
3 0.0906720741599073 0.08307533539731682 0.019698725376593278 0.018575851393188854
3 0.45220162224797217 0.05933952528379773 0.0246234067207416 0.017543859649122806
42 0.6205098493626883 0.014447884416924664 0.028968713789107765 0.023735810113519093
42 0.6205098493626883 0.14912280701754385 0.028968713789107765 0.019091847265221878
42 0.5388180764774044 0.1996904024767802 0.027230590961761298 0.01805985552115583
42 0.41946697566628044 0.19865841073271415 0.028968713789107765 0.017027863777089782
42 0.2992468134414832 0.1996904024767802 0.027230590961761298 0.02063983488132095
42 0.17989571263035922 0.19865841073271415 0.03070683661645423 0.01805985552115583
42 0.14194669756662803 0.14860681114551083 0.029837775202780997 0.0196078431372549
42 0.25955967555040554 0.014447884416924664 0.03244495944380069 0.02321981424148607
42 0.5017381228273464 0.014963880288957688 0.033314020857473925 0.02321981424148607
42 0.14020857473928158 0.014447884416924664 0.03070683661645423 0.02063983488132095
7 0.40498261877172653 0.18214654282765738 0.037369640787949014 0.015479876160990712
7 0.2818655851680185 0.18317853457172342 0.03679026651216686 0.014963880288957688
7 0.16077636152954808 0.18214654282765738 0.035052143684820396 0.01393188854489164
7 0.5234646581691773 0.18317853457172342 0.04171494785631518 0.01238390092879257
65 0.5170915411355735 0.37048503611971106 0.05040556199304751 0.01805985552115583
65 0.39716106604866747 0.37100103199174406 0.04779837775202781 0.017543859649122806
65 0.2769409038238702 0.37100103199174406 0.04606025492468135 0.017543859649122806
65 0.1581691772885284 0.369969040247678 0.04866743916570104 0.0196078431372549
47 0.5724217844727694 0.3219814241486068 0.021436848203939745 0.018575851393188854
47 0.4548088064889919 0.32146542827657376 0.019698725376593278 0.019091847265221878
47 0.3354577056778679 0.32094943240454077 0.021436848203939745 0.018575851393188854
47 0.21436848203939746 0.32249742002063986 0.019698725376593278 0.015995872033023734
47 0.09385863267670916 0.3219814241486068 0.014484356894553883 0.016511867905056758
38 0.5721320973348784 0.34004127966976266 0.018829663962920046 0.008255933952528379
38 0.45133256083429896 0.3415892672858617 0.022305909617612977 0.009287925696594427
38 0.3351680185399768 0.34004127966976266 0.022305909617612977 0.010319917440660475
38 0.21320973348783315 0.3410732714138287 0.022305909617612977 0.00980392156862745
38 0.093279258400927 0.34004127966976266 0.02549246813441483 0.010835913312693499
42 0.5026071842410197 0.14963880288957687 0.029837775202780997 0.0196078431372549
38 0.4730590961761298 0.15015479876160992 0.015353418308227115 0.014963880288957688
38 0.35254924681344146 0.14963880288957687 0.013615295480880649 0.015479876160990712
38 0.23348783314020857 0.14963880288957687 0.013615295480880649 0.01393188854489164
38 0.11210892236384705 0.15015479876160992 0.014484356894553883 0.011867905056759546
42 0.2592699884125145 0.14860681114551083 0.029837775202780997 0.02218782249742002
42 0.38267670915411356 0.14912280701754385 0.03157589803012746 0.020123839009287926
42 0.3797798377752028 0.01393188854489164 0.02809965237543453 0.022703818369453045
38 0.592989571263036 0.14860681114551083 0.017960602549246814 0.015479876160990712
73 0.5750289687137891 0.3715170278637771 0.038238702201622246 0.016511867905056758
73 0.4519119351100811 0.37306501547987614 0.03910776361529548 0.013415892672858616
73 0.3314020857473928 0.3715170278637771 0.04055619930475087 0.016511867905056758
73 0.21349942062572422 0.37254901960784315 0.04171494785631518 0.014447884416924664
73 0.09038238702201622 0.37048503611971106 0.03910776361529548 0.01805985552115583
102 0.8650057937427578 0.14447884416924664 0.03070683661645423 0.05263157894736842
39 0.9345307068366164 0.053663570691434466 0.023754345307068367 0.021671826625386997
30 0.39687137891077634 0.7672858617131063 0.06257242178447277 0.0392156862745098
71 0.2992468134414832 0.7657378740970072 0.0880648899188876 0.22807017543859648
97 0.20162224797219003 0.7678018575851393 0.0492468134414832 0.08565531475748193
18 0.10979142526071843 0.7683178534571723 0.01853997682502897 0.06604747162022703
46 0.929316338354577 0.4329205366357069 0.01738122827346466 0.05985552115583075
46 0.8948435689455388 0.934984520123839 0.019698725376593278 0.05675954592363261
46 0.9617612977983777 0.8250773993808049 0.027809965237543453 0.0392156862745098
46 0.8881807647740441 0.5139318885448917 0.030127462340672075 0.04024767801857585
22 0.8783314020857474 0.39164086687306504 0.019698725376593278 0.023735810113519093
94 0.8493626882966396 0.4086687306501548 0.01738122827346466 0.05779153766769866
42 0.7100231749710313 0.4850361197110423 0.020278099652375436 0.0784313725490196
22 0.8942641946697567 0.869453044375645 0.017960602549246814 0.03508771929824561
25 0.7375434530706837 0.5913312693498453 0.05214368482039398 0.08668730650154799
94 0.8279258400926999 0.46181630546955627 0.00869061413673233 0.06604747162022703
46 0.8392236384704519 0.47058823529411764 0.022595596755504054 0.025799793601651185
102 0.8079374275782155 0.4726522187822497 0.03360370799536501 0.0629514963880289
46 0.8331402085747392 0.39215686274509803 0.026651216685979143 0.02476780185758514