46 0.19117647058823528 0.09696092619392185 0.018607442977190875 0.03183791606367583
46 0.19117647058823528 0.3024602026049204 0.018607442977190875 0.027496382054992764
46 0.043817527010804325 0.2742402315484805 0.00900360144057623 0.03762662807525326
46 0.04201680672268908 0.4638205499276411 0.009603841536614645 0.010130246020260492
46 0.0429171668667467 0.06657018813314038 0.01020408163265306 0.03473227206946455
3 0.10084033613445378 0.09913169319826338 0.01800720288115246 0.04486251808972504
3 0.10984393757503001 0.3060781476121563 0.018607442977190875 0.04341534008683068
42 0.2454981992797119 0.15629522431259044 0.022809123649459785 0.04630969609261939
42 0.24459783913565425 0.3589001447178003 0.019807923169267706 0.05209840810419682
42 0.18997599039615845 0.4232995658465991 0.021608643457382955 0.05065123010130246
42 0.04321728691476591 0.223589001447178 0.025210084033613446 0.05499276410998553
42 0.04321728691476591 0.42619392185238786 0.022809123649459785 0.05209840810419682
47 0.0117046818727491 0.09913169319826338 0.02220888355342137 0.0361794500723589
47 0.0117046818727491 0.3017366136034732 0.02100840336134454 0.02604920405209841
7 0.22749099639855944 0.18596237337192476 0.016206482593037214 0.06222865412445731
7 0.2262905162064826 0.3914616497829233 0.015006002400960384 0.059334298118668596
65 0.44057623049219685 0.015195369030390739 0.03481392557022809 0.030390738060781478
65 0.44087635054021607 0.1939218523878437 0.035414165666266505 0.07814761215629522
65 0.44087635054021607 0.3958031837916064 0.040216086434573826 0.0824891461649783
47 0.37815126050420167 0.09479015918958032 0.02040816326530612 0.0361794500723589
47 0.37965186074429774 0.30028943560057886 0.017406962785114045 0.03328509406657019
38 0.39915966386554624 0.0955137481910275 0.011404561824729893 0.03762662807525326
38 0.40006002400960383 0.3024602026049204 0.010804321728691477 0.03762662807525326
38 0.1908763505402161 0.0658465991316932 0.01680672268907563 0.023154848046309694
38 0.1908763505402161 0.26772793053545585 0.015006002400960384 0.023154848046309694
38 0.1914765906362545 0.46526772793053545 0.013205282112845138 0.00723589001447178
42 0.18997599039615845 0.22431259044862517 0.024009603841536616 0.05065123010130246
42 0.19057623049219688 0.020260492040520984 0.02220888355342137 0.04052098408104197
42 0.0429171668667467 0.02170767004341534 0.02460984393757503 0.04341534008683068
73 0.452280912364946 0.10130246020260492 0.0546218487394958 0.0694645441389291
73 0.4531812725090036 0.3017366136034732 0.05282112845138055 0.07091172214182344
42 0.6239495798319328 0.05137481910274964 0.037815126050420166 0.07959479015918958
42 0.9063625450180072 0.041968162083936326 0.03601440576230492 0.07814761215629522
42 0.8625450180072028 0.2141823444283647 0.01680672268907563 0.04775687409551375
42 0.7974189675870348 0.017366136034732273 0.02100840336134454 0.03473227206946455
42 0.7313925570228091 0.01447178002894356 0.018607442977190875 0.02894356005788712
42 0.6677671068427371 0.2076700434153401 0.02100840336134454 0.049204052098408106
1 0.5744297719087635 0.4312590448625181 0.024009603841536616 0.07525325615050651
1 0.5264105642256903 0.459479015918958 0.025210084033613446 0.01881331403762663
1 0.5132052821128451 0.02243125904486252 0.03721488595438175 0.04486251808972504
1 0.8961584633853541 0.14037626628075253 0.0468187274909964 0.06367583212735166
7 0.6683673469387755 0.019536903039073805 0.02220888355342137 0.03907380607814761
7 0.8592436974789915 0.023154848046309694 0.02100840336134454 0.04630969609261939
22 0.7019807923169268 0.013748191027496382 0.017406962785114045 0.027496382054992764
22 0.8259303721488596 0.013748191027496382 0.01680672268907563 0.027496382054992764
22 0.8622448979591837 0.07959479015918958 0.017406962785114045 0.03762662807525326
17 0.5411164465786314 0.013748191027496382 0.015006002400960384 0.027496382054992764
93 0.7115846338535414 0.16353111432706222 0.03181272509003601 0.07959479015918958
22 0.6680672268907563 0.0788712011577424 0.013205282112845138 0.0361794500723589
1 0.6317527010804321 0.14037626628075253 0.045018007202881155 0.06367583212735166
42 0.17256902761104442 0.7373371924746743 0.02460984393757503 0.06512301013024602
1 0.21248499399759904 0.8574529667149059 0.056422569027611044 0.07959479015918958
1 0.28331332533013204 0.8560057887120116 0.057623049219687875 0.085383502170767
42 0.3274309723889556 0.6931982633863966 0.0234093637454982 0.06367583212735166
22 0.32953181272509 0.7800289435600579 0.025210084033613446 0.04630969609261939
42 0.53031212484994 0.5506512301013025 0.05102040816326531 0.12590448625180897
42 0.7334933973589436 0.6063675832127352 0.022809123649459785 0.07814761215629522
42 0.8949579831932774 0.9826338639652678 0.03361344537815126 0.03473227206946455
42 0.7337935174069627 0.597684515195369 0.026410564225690276 0.06801736613603473
42 0.6371548619447779 0.8111432706222865 0.028211284513805522 0.06801736613603473
93 0.6905762304921969 0.5383502170767004 0.039015606242496996 0.10130246020260492
1 0.982593037214886 0.8502170767004341 0.031212484993997598 0.10564399421128799
93 0.8457382953181273 0.9392185238784371 0.04441776710684274 0.11287988422575977
93 0.673469387755102 0.6881331403762663 0.048619447779111646 0.10419681620839363
7 0.8985594237695078 0.7387843704775687 0.02581032412965186 0.12011577424023155
7 0.6422569027611045 0.5868306801736614 0.028811524609843937 0.1085383502170767
42 0.8373349339735895 0.6743849493487699 0.05042016806722689 0.12156295224312591
1 0.5999399759903962 0.7575976845151954 0.0468187274909964 0.05788712011577424
22 0.6365546218487395 0.8936324167872648 0.02100840336134454 0.05065123010130246
86 0.9414765906362546 0.6519536903039074 0.034213685474189674 0.05788712011577424
86 0.5702280912364946 0.8523878437047757 0.031212484993997598 0.07091172214182344
86 0.5723289315726291 0.6606367583212736 0.02460984393757503 0.0723589001447178
86 0.718187274909964 0.7098408104196816 0.02701080432172869 0.05499276410998553
87 0.8235294117647058 0.8408104196816208 0.03361344537815126 0.06367583212735166