3 0.1881973203410475 0.12039073806078147 0.04075517661388548 0.041389290882778575
47 0.04356881851400731 0.11976845151953691 0.043824604141291114 0.030506512301013044
46 0.41045066991473816 0.11934876989869754 0.03594397076735687 0.026439942112879897
46 0.40728380024360533 0.3191316931982634 0.03875761266747874 0.03044862518089728
46 0.4110231425091352 0.5268596237337192 0.037101096224116975 0.031041968162084002
46 0.4110231425091352 0.732590448625181 0.037101096224116975 0.027655571635311082
46 0.40846528623629724 0.9337626628075254 0.04008526187576123 0.024804630969609408
46 0.11200974421437271 0.703863965267728 0.01830694275274056 0.03771345875542684
46 0.10817295980511571 0.9046888567293777 0.018745432399512773 0.03095513748191042
46 0.1104993909866017 0.49612156295224313 0.02071863580998781 0.033892908827785756
46 0.10834348355663825 0.2930535455861071 0.01908647990255784 0.03616497829232997
46 0.11112058465286237 0.08988422575976845 0.01923264311814859 0.03182344428364689
3 0.2276979293544458 0.528958031837916 0.03584652862362973 0.044891461649782895
3 0.24633373934226555 0.73561505065123 0.03792935444579779 0.04334298118668595
3 0.26293544457978074 0.939971056439942 0.041364190012180245 0.033994211287988435
3 0.21045066991473813 0.32657018813314037 0.039257003654080413 0.04209840810419678
42 0.11125456760048721 0.04073806078147612 0.05199756394640682 0.04931982633863965
42 0.40964677222898904 0.04060781476121563 0.04247259439707674 0.049073806078147604
42 0.5210109622411693 0.17945007235890015 0.04052375152253347 0.04696092619392184
42 0.5193422655298416 0.38208393632416787 0.03721071863580993 0.050217076700434175
42 0.5212058465286237 0.5862083936324167 0.0463215590742996 0.04683068017366138
42 0.5194031668696711 0.7890303907380608 0.040036540803897694 0.05141823444283643
42 0.40839220462850184 0.8532127351664256 0.04395858708891599 0.05021707670043422
42 0.11112058465286237 0.6532416787264833 0.05170523751522536 0.055094066570188206
42 0.1120462850182704 0.24215629522431262 0.05085261875761267 0.05659913169319828
42 0.11084043848964677 0.8562662807525325 0.04576126674786844 0.05189580318379146
47 0.04678440925700365 0.3208248914616498 0.044859926918392204 0.03062228654124461
47 0.047028014616321556 0.5291895803183791 0.045334957369062116 0.0357018813314037
47 0.04697929354445798 0.7317945007235891 0.042533495736906214 0.02604920405209849
47 0.047028014616321556 0.9360926193921852 0.042618757612667486 0.026222865412445572
7 0.4825700365408039 0.40629522431259046 0.03401948842874537 0.06327062228654129
7 0.48500609013398294 0.6159189580318379 0.032764920828258194 0.06123010130246012
7 0.48219244823386115 0.8209985528219971 0.03056029232643122 0.05973950795947898
7 0.4851522533495737 0.20574529667149058 0.028367844092569993 0.07060781476121564
65 0.9178440925700365 0.21529667149059337 0.07434835566382456 0.0858465991316932
65 0.9171863580998781 0.4199710564399421 0.06957369062119353 0.08096960926193929
65 0.9179171741778319 0.6239942112879885 0.0710475030450669 0.07736613603473233
65 0.9178319123020706 0.825918958031838 0.08170523751522525 0.08246020260492043
47 0.7929719853836784 0.1221273516642547 0.040389768574908745 0.0352098408104197
47 0.7911327649208283 0.32211287988422577 0.042143727161997456 0.03318379160636759
47 0.7907064555420219 0.5246454413892908 0.041291108404385005 0.03628075253256158
47 0.7932764920828258 0.730260492040521 0.03559074299634595 0.03261939218523873
47 0.7924969549330085 0.935151953690304 0.036747868453106056 0.024356005788711905
38 0.832436053593179 0.12309696092619392 0.019196102314250903 0.030709117221418232
38 0.8358830694275274 0.3275687409551375 0.02071863580998781 0.037655571635311115
38 0.8330694275274056 0.525397973950796 0.02315468940316686 0.037756874095513794
38 0.8350913520097443 0.7324312590448625 0.021790499390986724 0.03697539797395073
38 0.8331181485992692 0.9352677279305355 0.02323995127892805 0.04389290882778571
42 0.4101827040194884 0.2410998552821997 0.043520097442143746 0.051259044862518116
38 0.41154689403166866 0.29088277858176553 0.03274056029232643 0.025412445730824896
38 0.41062119366626065 0.4954269175108538 0.033580998781973265 0.022836468885672898
38 0.4101705237515225 0.6977858176555717 0.02998781973203411 0.022373371924746796
38 0.41169305724725946 0.9034442836468886 0.0276004872107186 0.02523878437047765
42 0.4087332521315469 0.6540231548480463 0.048757612667478654 0.05060781476121567
42 0.409768574908648 0.444616497829233 0.04542021924482334 0.053096960926194
42 0.11043848964677223 0.4494500723589001 0.050353227771010964 0.046685962373371914
38 0.407904993909866 0.08759768451519537 0.03355663824604136 0.029725036179450062
73 0.9421437271619976 0.11794500723589002 0.11571254567600488 0.06512301013024602
73 0.9457978075517661 0.32706222865412443 0.10840438489646773 0.06657018813314038
73 0.9427527405602923 0.5311143270622286 0.11449451887941535 0.0694645441389291
73 0.9445797807551766 0.731548480463097 0.11084043848964677 0.07091172214182344
73 0.9403166869671132 0.9406657018813314 0.11936662606577345 0.06657018813314038