3 0.06586151368760064 0.06486486486486487 0.014009661835748793 0.021621621621621623
47 0.015297906602254429 0.06486486486486487 0.015297906602254429 0.016216216216216217
46 0.14363929146537843 0.06418918918918919 0.012721417069243157 0.014864864864864866
46 0.14251207729468598 0.17229729729729729 0.013687600644122383 0.016216216216216217
46 0.14380032206119162 0.28378378378378377 0.01320450885668277 0.016891891891891893
46 0.14380032206119162 0.3945945945945946 0.01320450885668277 0.014864864864864866
46 0.14299516908212562 0.5033783783783784 0.014009661835748793 0.013513513513513514
46 0.0391304347826087 0.37972972972972974 0.00644122383252818 0.02027027027027027
46 0.03784219001610306 0.48783783783783785 0.00676328502415459 0.016891891891891893
46 0.038486312399355876 0.26756756756756755 0.007246376811594203 0.01891891891891892
46 0.03784219001610306 0.1581081081081081 0.00676328502415459 0.019594594594594596
46 0.038808373590982284 0.04864864864864865 0.00676328502415459 0.016891891891891893
3 0.07971014492753623 0.2851351351351351 0.012721417069243157 0.024324324324324326
3 0.08599033816425121 0.3966216216216216 0.01320450885668277 0.02364864864864865
3 0.09194847020933977 0.5067567567567568 0.014492753623188406 0.018243243243243244
3 0.07375201288244766 0.17567567567567569 0.013687600644122383 0.0222972972972973
42 0.03896940418679549 0.021621621621621623 0.018357487922705314 0.026351351351351353
42 0.143317230273752 0.021621621621621623 0.01497584541062802 0.026351351351351353
42 0.1822866344605475 0.09662162162162162 0.014009661835748793 0.025
42 0.18164251207729468 0.20608108108108109 0.01320450885668277 0.026351351351351353
42 0.1822866344605475 0.3162162162162162 0.016264090177133657 0.025
42 0.18164251207729468 0.425 0.014009661835748793 0.02837837837837838
42 0.14299516908212562 0.46013513513513515 0.015297906602254429 0.02702702702702703
42 0.038808373590982284 0.35202702702702704 0.017874396135265702 0.02972972972972973
42 0.0391304347826087 0.1304054054054054 0.017874396135265702 0.030405405405405407
42 0.038808373590982284 0.4614864864864865 0.016264090177133657 0.02837837837837838
47 0.01642512077294686 0.17297297297297298 0.015780998389694042 0.016216216216216217
47 0.01642512077294686 0.2851351351351351 0.015780998389694042 0.019594594594594596
47 0.01642512077294686 0.3945945945945946 0.01497584541062802 0.01418918918918919
47 0.01642512077294686 0.5047297297297297 0.01497584541062802 0.01418918918918919
7 0.16876006441223831 0.2195945945945946 0.011916264090177134 0.03445945945945946
7 0.16956521739130434 0.33175675675675675 0.011433172302737521 0.033783783783783786
7 0.16876006441223831 0.44256756756756754 0.010628019323671498 0.03175675675675676
7 0.16972624798711755 0.11081081081081082 0.009822866344605476 0.038513513513513516
65 0.3209339774557166 0.11621621621621622 0.025925925925925925 0.04594594594594595
65 0.3207729468599034 0.22635135135135134 0.02463768115942029 0.04391891891891892
65 0.3209339774557166 0.3364864864864865 0.025120772946859903 0.041891891891891894
65 0.3209339774557166 0.4452702702702703 0.028502415458937197 0.0445945945945946
47 0.2772946859903382 0.06621621621621622 0.014492753623188406 0.019594594594594596
47 0.27665056360708534 0.17364864864864865 0.01497584541062802 0.018243243243243244
47 0.27648953301127216 0.2831081081081081 0.014492753623188406 0.019594594594594596
47 0.27761674718196455 0.3939189189189189 0.012399355877616747 0.018243243243243244
47 0.27713365539452495 0.504054054054054 0.012721417069243157 0.013513513513513514
38 0.29114331723027376 0.06621621621621622 0.00644122383252818 0.016891891891891893
38 0.2924315619967794 0.17702702702702702 0.007246376811594203 0.02027027027027027
38 0.2914653784219002 0.2831081081081081 0.008051529790660225 0.02027027027027027
38 0.29210950080515297 0.3945945945945946 0.007729468599033816 0.02027027027027027
38 0.2914653784219002 0.5047297297297297 0.00853462157809984 0.02364864864864865
42 0.14363929146537843 0.12972972972972974 0.015297906602254429 0.02702702702702703
38 0.14396135265700483 0.15675675675675677 0.011433172302737521 0.01418918918918919
38 0.14363929146537843 0.26756756756756755 0.011916264090177134 0.012162162162162163
38 0.14363929146537843 0.37635135135135134 0.010628019323671498 0.012162162162162163
38 0.14396135265700483 0.4871621621621622 0.00933977455716586 0.013513513513513514
42 0.14299516908212562 0.3527027027027027 0.01706924315619968 0.02702702702702703
42 0.143317230273752 0.23986486486486486 0.015780998389694042 0.029054054054054056
42 0.038486312399355876 0.24256756756756756 0.017391304347826087 0.025675675675675677
38 0.1426731078904992 0.0472972972972973 0.011916264090177134 0.016216216216216217
73 0.3294685990338164 0.06351351351351352 0.04041867954911433 0.03513513513513514
73 0.33075684380032205 0.17635135135135135 0.03784219001610306 0.03581081081081081
73 0.3296296296296296 0.28581081081081083 0.040257648953301126 0.03648648648648649
73 0.33027375201288245 0.3939189189189189 0.03896940418679549 0.03918918918918919
73 0.3288244766505636 0.5074324324324324 0.04170692431561997 0.03581081081081081
36 0.37745571658615135 0.08513513513513514 0.046215780998389695 0.07567567567567568
100 0.3822866344605475 0.20945945945945946 0.03397745571658615 0.04594594594594595
44 0.385024154589372 0.33378378378378376 0.07053140096618357 0.05675675675675676
14 0.377133655394525 0.4574324324324324 0.051207729468599035 0.05540540540540541
46 0.6455716586151369 0.577027027027027 0.01642512077294686 0.07567567567567568
42 0.693719806763285 0.7101351351351352 0.02640901771336554 0.10405405405405406
42 0.8114331723027375 0.7466216216216216 0.01352657004830918 0.060810810810810814
42 0.9526570048309179 0.8810810810810811 0.011594202898550725 0.05540540540540541
42 0.75426731078905 0.9398648648648649 0.01288244766505636 0.060810810810810814
1 0.9014492753623189 0.9641891891891892 0.014814814814814815 0.07162162162162163
1 0.7360708534621578 0.8925675675675676 0.022866344605475042 0.05945945945945946
93 0.9235104669887279 0.822972972972973 0.022866344605475042 0.08648648648648649
93 0.785829307568438 0.6810810810810811 0.021256038647342997 0.0891891891891892
7 0.8568438003220612 0.8716216216216216 0.015136876006441223 0.12432432432432433
22 0.7268921095008052 0.5858108108108108 0.014170692431561997 0.05405405405405406
93 0.94170692431562 0.9743243243243244 0.02576489533011272 0.051351351351351354
42 0.814170692431562 0.8797297297297297 0.02640901771336554 0.10540540540540541
93 0.7735909822866345 0.8371621621621622 0.025120772946859903 0.10135135135135136
7 0.7565217391304347 0.7358108108108108 0.014170692431561997 0.10135135135135136
87 0.895330112721417 0.8040540540540541 0.02383252818035427 0.07027027027027027
86 0.9623188405797102 0.9736486486486486 0.01352657004830918 0.052702702702702706
86 0.7909822866344606 0.8351351351351352 0.017391304347826087 0.07297297297297298
86 0.7198067632850241 0.7810810810810811 0.01674718196457327 0.06756756756756757
86 0.7214170692431562 0.9736486486486486 0.01996779388083736 0.052702702702702706
86 0.7507246376811594 0.572972972972973 0.01674718196457327 0.06756756756756757
86 0.7903381642512077 0.6121621621621621 0.017391304347826087 0.06486486486486487