3 0.06479032867397053 0.339375 0.012278050623347185 0.01875
46 0.0646014355874575 0.23625 0.00831129580657348 0.016875
46 0.12504722327162826 0.238125 0.009255761239138648 0.018125
46 0.18794862108046845 0.23625 0.009633547412164715 0.0175
46 0.2500944465432565 0.23625 0.00831129580657348 0.0175
46 0.3111069134869664 0.2375 0.007366830374008312 0.01875
46 0.24159425765017 0.375 0.011333585190782017 0.00875
46 0.3022289384208538 0.37625 0.009633547412164715 0.00875
46 0.17869285984132982 0.375625 0.010578012844729883 0.009375
46 0.11711371363808085 0.37625 0.01095579901775595 0.00875
46 0.05572346052134492 0.375625 0.009633547412164715 0.00875
3 0.18851530034000755 0.32125 0.01360030222893842 0.016875
3 0.2512278050623347 0.3125 0.013222516055912353 0.0175
3 0.3129958443520967 0.305 0.010011333585190782 0.019375
3 0.12731394030978466 0.32875 0.012655836796373252 0.018125
42 0.04080090668681526 0.375 0.014922553834529657 0.024375
42 0.04080090668681526 0.236875 0.014922553834529657 0.02
42 0.08273517189270872 0.185 0.013978088401964487 0.01875
42 0.14412542500944464 0.18625 0.014922553834529657 0.0175
42 0.20589346429920666 0.185 0.013978088401964487 0.02125
42 0.2672837174159426 0.18625 0.01567812618058179 0.01875
42 0.28673970532678505 0.2375 0.015300340007555724 0.020625
42 0.22629391764261428 0.375625 0.01662259161314696 0.02375
42 0.10181337363052512 0.375 0.017000377786173027 0.02375
42 0.2876841707593502 0.375625 0.01567812618058179 0.02125
7 0.15149225538345296 0.203125 0.01926709482432943 0.015625
7 0.21496033245183227 0.201875 0.018889308651303362 0.015
7 0.27710615791462034 0.203125 0.017944843218738193 0.014375
7 0.09066868152625614 0.201875 0.021533811862485833 0.013125
65 0.09350207782395165 0.009375 0.025878352852285607 0.01875
65 0.15545901020022668 0.00875 0.02455610124669437 0.0175
65 0.21703815640347562 0.00875 0.023800528900642236 0.0175
65 0.2784284095202116 0.01 0.024933887419720437 0.02
47 0.06554590102002267 0.059375 0.01095579901775595 0.019375
47 0.12599168870419342 0.06 0.010011333585190782 0.02
47 0.18719304873441633 0.060625 0.01095579901775595 0.019375
47 0.24952776728371742 0.05875 0.010011333585190782 0.01625
47 0.3114846996599924 0.059375 0.007366830374008312 0.016875
38 0.0657347941065357 0.040625 0.009633547412164715 0.00875
38 0.12769172648281074 0.039375 0.011333585190782017 0.009375
38 0.1875708349074424 0.040625 0.011333585190782017 0.010625
38 0.2500944465432565 0.04 0.011333585190782017 0.01
38 0.31167359274650547 0.040625 0.013222516055912353 0.01125
42 0.10143558745749906 0.23625 0.015300340007555724 0.020625
38 0.11654703437854175 0.235625 0.007933509633547412 0.015
38 0.17850396675481678 0.23625 0.006989044200982244 0.015625
38 0.23970532678503967 0.23625 0.006989044200982244 0.014375
38 0.30204004533434076 0.235625 0.007366830374008312 0.0125
42 0.22648281072912732 0.2375 0.015300340007555724 0.0225
42 0.163014733660748 0.236875 0.016244805440120892 0.020625
42 0.1645258783528523 0.375625 0.014544767661503588 0.023125
38 0.05496788817529279 0.2375 0.009255761239138648 0.015625
73 0.06422364941443143 0.00875 0.019644880997355497 0.016875
73 0.1275028333962977 0.006875 0.0202115602568946 0.01375
73 0.1892708726860597 0.008125 0.020967132602946734 0.01625
73 0.24990555345674348 0.0075 0.021533811862485833 0.014375
73 0.31318473743860975 0.009375 0.0202115602568946 0.01875
25 0.4251983377408387 0.1875 0.05213449187759728 0.063125
42 0.3656970154892331 0.329375 0.012089157536834151 0.02625
1 0.3862863619191538 0.380625 0.03324518322629392 0.018125
94 0.42330940687570834 0.314375 0.01945598791084246 0.063125
25 0.05931242916509256 0.755 0.020022667170381564 0.06625
42 0.26331696259916887 0.691875 0.018133736305251228 0.06125
42 0.30657347941065355 0.8375 0.01775595013222516 0.06
49 0.05987910842463166 0.6225 0.01926709482432943 0.0625
46 0.7431054023422743 0.395625 0.02568945976577257 0.01125