3 0.1117908787541713 0.5918484500574053 0.021134593993325918 0.032721010332950634
46 0.11123470522803114 0.4121699196326062 0.014460511679644048 0.029276693455797934
46 0.21551724137931033 0.41446613088404133 0.01585094549499444 0.03157290470723306
46 0.3236929922135706 0.4115958668197474 0.01668520578420467 0.030424799081515498
46 0.43103448275862066 0.4115958668197474 0.014460511679644048 0.030424799081515498
46 0.53587319243604 0.41389207807118256 0.012791991101223582 0.032721010332950634
46 0.4162958843159066 0.653272101033295 0.019744160177975527 0.014925373134328358
46 0.5205784204671857 0.6561423650975889 0.01668520578420467 0.015499425947187142
46 0.3078420467185762 0.6544202066590127 0.018075639599555063 0.016647531572904706
46 0.20189098998887653 0.6561423650975889 0.018909899888765295 0.015499425947187142
46 0.09593993325917687 0.6538461538461539 0.01668520578420467 0.015499425947187142
3 0.3248053392658509 0.5597014925373134 0.02335928809788654 0.029276693455797934
3 0.43270300333704115 0.5447761194029851 0.022525027808676306 0.030424799081515498
3 0.539210233592881 0.5309988518943742 0.017241379310344827 0.03329506314580941
3 0.21913236929922136 0.5734787600459242 0.02196885428253615 0.03157290470723306
42 0.07007786429365963 0.6538461538461539 0.025583982202447165 0.04247990815154994
42 0.07007786429365963 0.41274397244546496 0.025583982202447165 0.03444316877152698
42 0.14265850945494996 0.32261768082663606 0.024193548387096774 0.032721010332950634
42 0.24833147942157954 0.3243398392652124 0.025583982202447165 0.030424799081515498
42 0.35456062291434925 0.32261768082663606 0.024193548387096774 0.03731343283582089
42 0.46023359288097887 0.3243398392652124 0.027252502780867632 0.032721010332950634
42 0.4938820912124583 0.41389207807118256 0.026418242491657397 0.03559127439724455
42 0.38987764182424917 0.6538461538461539 0.02864293659621802 0.04133180252583238
42 0.17547274749721914 0.653272101033295 0.029477196885428252 0.04133180252583238
42 0.4955506117908788 0.6538461538461539 0.027252502780867632 0.03731343283582089
7 0.2611234705228031 0.3541905855338691 0.03309232480533927 0.027554535017221583
7 0.37013348164627363 0.351894374282434 0.03253615127919911 0.02640642939150402
7 0.4771968854282536 0.3541905855338691 0.030867630700778644 0.02468427095292767
7 0.15628476084538376 0.351894374282434 0.036985539488320354 0.022388059701492536
65 0.160734149054505 0.016073478760045924 0.04449388209121246 0.03214695752009185
65 0.2675194660734149 0.015499425947187142 0.042269187986651836 0.030998851894374284
65 0.3740266963292547 0.015499425947187142 0.040600667408231365 0.030998851894374284
65 0.47969966629588434 0.017795637198622274 0.04310344827586207 0.03559127439724455
47 0.11290322580645161 0.10332950631458095 0.018909899888765295 0.03329506314580941
47 0.21690767519466073 0.1044776119402985 0.017241379310344827 0.03444316877152698
47 0.3225806451612903 0.10505166475315729 0.018909899888765295 0.03329506314580941
47 0.4296440489432703 0.10275545350172216 0.017241379310344827 0.02870264064293915
47 0.5364293659621802 0.10390355912743972 0.012791991101223582 0.029276693455797934
38 0.11318131256952169 0.0711825487944891 0.01668520578420467 0.014925373134328358
38 0.21996662958843158 0.06831228473019518 0.019744160177975527 0.016647531572904706
38 0.3228587319243604 0.07060849598163031 0.019744160177975527 0.01894374282433984
38 0.43103448275862066 0.06946039035591274 0.019744160177975527 0.017795637198622274
38 0.5369855394883204 0.07060849598163031 0.022525027808676306 0.01951779563719862
42 0.1746384872080089 0.4121699196326062 0.026418242491657397 0.03559127439724455
38 0.20077864293659622 0.41102181400688864 0.013626251390433816 0.02640642939150402
38 0.3075639599555061 0.4121699196326062 0.011957730812013349 0.027554535017221583
38 0.41268075639599555 0.4121699196326062 0.011957730812013349 0.02468427095292767
38 0.5203003337041157 0.41102181400688864 0.012791991101223582 0.021814006888633754
42 0.39015572858731923 0.41389207807118256 0.026418242491657397 0.03960964408725603
42 0.28086763070077864 0.41274397244546496 0.027808676307007785 0.03616532721010333
42 0.28337041156840936 0.6544202066590127 0.02502780867630701 0.040183696900114814
38 0.09482758620689655 0.41389207807118256 0.01585094549499444 0.027554535017221583
73 0.11067853170189099 0.014925373134328358 0.0339265850945495 0.029276693455797934
73 0.21968854282536152 0.012055109070034443 0.03476084538375973 0.023536165327210104
73 0.3259176863181313 0.014351320321469576 0.036151279199110126 0.02870264064293915
73 0.4302002224694105 0.012629161882893225 0.03726362625139043 0.02525832376578645
73 0.539210233592881 0.016073478760045924 0.035038932146829814 0.03214695752009185
42 0.6604560622914349 0.3714121699196326 0.05339265850945495 0.11251435132032148
39 0.660734149054505 0.44374282433983925 0.022803114571746386 0.030998851894374284
39 0.6590656284760845 0.29850746268656714 0.02224694104560623 0.022962112514351322