46 0.2721465076660988 0.1775766016713092 0.027257240204429302 0.02924791086350975
46 0.2747018739352641 0.3774373259052925 0.026405451448040886 0.03064066852367688
46 0.2747018739352641 0.575208913649025 0.026405451448040886 0.026462395543175487
46 0.27299829642248724 0.7688022284122563 0.028109028960817718 0.023676880222841225
46 0.065587734241908 0.5480501392757661 0.012776831345826235 0.036211699164345405
46 0.06303236797274275 0.7409470752089137 0.013628620102214651 0.03064066852367688
46 0.06431005110732538 0.34818941504178275 0.014480408858603067 0.033426183844011144
46 0.06303236797274275 0.15250696378830084 0.013628620102214651 0.034818941504178275
3 0.1465076660988075 0.37952646239554316 0.02555366269165247 0.04317548746518106
3 0.15928449744463374 0.5786908077994429 0.026405451448040886 0.04178272980501393
3 0.17120954003407154 0.7750696378830083 0.028960817717206135 0.03203342618384401
3 0.13458262350936967 0.18454038997214484 0.027257240204429302 0.0403899721448468
42 0.35178875638841567 0.04317548746518106 0.028109028960817718 0.04456824512534819
42 0.35051107325383307 0.2381615598885794 0.026405451448040886 0.04735376044568245
42 0.35178875638841567 0.43454038997214484 0.03236797274275979 0.04456824512534819
42 0.35051107325383307 0.6295264623955432 0.028109028960817718 0.05013927576601671
42 0.27299829642248724 0.6915041782729805 0.030664395229982964 0.04874651810584958
42 0.06473594548551959 0.49930362116991645 0.03577512776831346 0.052924791086350974
42 0.065587734241908 0.10376044568245125 0.03577512776831346 0.054317548746518104
42 0.06473594548551959 0.6942896935933147 0.03236797274275979 0.05013927576601671
47 0.02001703577512777 0.1789693593314763 0.03151618398637138 0.02924791086350975
47 0.02001703577512777 0.37952646239554316 0.03151618398637138 0.034818941504178275
47 0.02001703577512777 0.5745125348189415 0.029812606473594547 0.025069637883008356
47 0.02001703577512777 0.7715877437325905 0.029812606473594547 0.025069637883008356
7 0.32453151618398635 0.2618384401114206 0.02385008517887564 0.06128133704735376
7 0.3262350936967632 0.46309192200557103 0.022998296422487224 0.05988857938718663
7 0.32453151618398635 0.6608635097493036 0.02129471890971039 0.057103064066852366
7 0.3266609880749574 0.06824512534818941 0.019591141396933562 0.06824512534818941
47 0.5404599659284497 0.18036211699164345 0.029812606473594547 0.03203342618384401
47 0.5400340715502555 0.3753481894150418 0.028960817717206135 0.034818941504178275
47 0.5421635434412265 0.5731197771587744 0.024701873935264053 0.03203342618384401
47 0.5413117546848382 0.7701949860724234 0.02555366269165247 0.023676880222841225
38 0.5719761499148212 0.18593314763231197 0.014480408858603067 0.036211699164345405
38 0.5698466780238501 0.37604456824512533 0.016183986371379896 0.036211699164345405
38 0.5711243611584327 0.575208913649025 0.015332197614991482 0.036211699164345405
38 0.5698466780238501 0.770891364902507 0.017035775127768313 0.04178272980501393
42 0.27427597955706984 0.10236768802228412 0.030664395229982964 0.04874651810584958
38 0.27512776831345825 0.15041782729805014 0.022998296422487224 0.025069637883008356
38 0.27427597955706984 0.3474930362116992 0.02385008517887564 0.022284122562674095
38 0.27427597955706984 0.541782729805014 0.02129471890971039 0.022284122562674095
38 0.27512776831345825 0.7402506963788301 0.018739352640545145 0.023676880222841225
42 0.27299829642248724 0.5 0.034071550255536626 0.04874651810584958
42 0.27385008517887566 0.298050139275766 0.03151618398637138 0.05153203342618384
42 0.06431005110732538 0.30292479108635095 0.03492333901192504 0.04596100278551532
49 0.8922487223168655 0.43454038997214484 0.054514480408858604 0.08217270194986072
25 0.8918228279386712 0.6232590529247911 0.05366269165247019 0.08774373259052924
25 0.8786201022146508 0.2785515320334262 0.05536626916524702 0.0807799442896936
25 0.987649063032368 0.7841225626740947 0.024701873935264053 0.06963788300835655
95 0.7278534923339012 0.5863509749303621 0.01788756388415673 0.06963788300835655
42 0.9297274275979557 0.7841225626740947 0.051959114139693355 0.06963788300835655
42 0.811328790459966 0.44428969359331477 0.05536626916524702 0.09749303621169916
42 0.9829642248722317 0.3579387186629526 0.034071550255536626 0.08635097493036212
39 0.6908006814310051 0.002785515320334262 0.02555366269165247 0.005571030640668524
35 0.7436115843270868 0.8642061281337048 0.039182282793867124 0.0403899721448468