3 0.07329051756705704 0.038461538461538464 0.01567812618058179 0.01320321469575201
47 0.01718927087268606 0.038461538461538464 0.01718927087268606 0.00975889781859931
46 0.15999244427653947 0.03788748564867968 0.014166981488477521 0.008610792192881744
46 0.15885908575746127 0.10160734787600459 0.01511144692104269 0.00975889781859931
46 0.1601813373630525 0.16819747416762343 0.014733660748016623 0.010332950631458095
46 0.1601813373630525 0.2336394948335247 0.014733660748016623 0.008610792192881744
46 0.15923687193048736 0.29793340987370837 0.01567812618058179 0.008036739380022962
46 0.043634302984510764 0.22445464982778415 0.007177937287495277 0.012055109070034443
46 0.04231205137891953 0.28874856486796785 0.007555723460521345 0.010332950631458095
46 0.043067623724971665 0.1584385763490241 0.008122402720060446 0.010907003444316877
46 0.04231205137891953 0.09357060849598163 0.007555723460521345 0.011481056257175661
46 0.0432565168114847 0.02870264064293915 0.007555723460521345 0.010332950631458095
3 0.0887797506611258 0.1687715269804822 0.014166981488477521 0.014351320321469576
3 0.09595768794862108 0.23478760045924224 0.014733660748016623 0.013777267508610792
3 0.10256894597657726 0.3002296211251435 0.016055912353607857 0.010907003444316877
3 0.08216849263316962 0.10390355912743972 0.01511144692104269 0.01320321469575201
42 0.043445409897997736 0.01320321469575201 0.02040045334340763 0.015499425947187142
42 0.15980355119002645 0.01320321469575201 0.01662259161314696 0.015499425947187142
42 0.20324896108802418 0.0574052812858783 0.01567812618058179 0.014925373134328358
42 0.20249338874197204 0.12169919632606199 0.014733660748016623 0.015499425947187142
42 0.20324896108802418 0.18714121699196326 0.018133736305251228 0.014925373134328358
42 0.20249338874197204 0.25200918484500573 0.01567812618058179 0.016647531572904706
42 0.15923687193048736 0.27210103329506313 0.01718927087268606 0.016073478760045924
42 0.0432565168114847 0.20838117106773824 0.020022667170381564 0.017795637198622274
42 0.043634302984510764 0.0774971297359357 0.020022667170381564 0.017795637198622274
42 0.0432565168114847 0.27324913892078073 0.018133736305251228 0.016647531572904706
47 0.01832262939176426 0.10218140068886337 0.017567057045712126 0.00975889781859931
47 0.01832262939176426 0.1687715269804822 0.017567057045712126 0.011481056257175661
47 0.01832262939176426 0.2336394948335247 0.01662259161314696 0.008036739380022962
47 0.01832262939176426 0.29908151549942597 0.01662259161314696 0.008036739380022962
7 0.1881375141669815 0.12973593570608496 0.013222516055912353 0.020091848450057407
7 0.18908197959954665 0.19632606199770378 0.012844729882886286 0.020091848450057407
7 0.1881375141669815 0.26234213547646384 0.011900264450321118 0.01894374282433984
7 0.1892708726860597 0.06544202066590127 0.01095579901775595 0.022388059701492536
65 0.35776350585568567 0.06888633754305395 0.028900642236494144 0.0269804822043628
65 0.35757461276917263 0.13375430539609645 0.027578390630902908 0.025832376578645237
65 0.35776350585568567 0.1991963260619977 0.027956176803928975 0.02468427095292767
65 0.35776350585568567 0.2634902411021814 0.03173403853418965 0.02640642939150402
47 0.30921798262183603 0.03903559127439724 0.016055912353607857 0.011481056257175661
47 0.3084624102757839 0.10275545350172216 0.01662259161314696 0.010907003444316877
47 0.3082735171892709 0.16762342135476463 0.016055912353607857 0.011481056257175661
47 0.30940687570834907 0.2330654420206659 0.013789195315451454 0.010907003444316877
47 0.30884019644881 0.29850746268656714 0.014166981488477521 0.008036739380022962
38 0.3245183226293918 0.03903559127439724 0.007177937287495277 0.010332950631458095
38 0.326029467321496 0.1044776119402985 0.008122402720060446 0.012055109070034443
38 0.3248961088024178 0.16762342135476463 0.009066868152625614 0.012055109070034443
38 0.32546278806195694 0.2336394948335247 0.008500188893086513 0.012055109070034443
38 0.3248961088024178 0.29850746268656714 0.009444654325651681 0.013777267508610792
42 0.15999244427653947 0.07692307692307693 0.01718927087268606 0.016073478760045924
38 0.16055912353607857 0.09299655568312284 0.012844729882886286 0.008036739380022962
38 0.15999244427653947 0.1584385763490241 0.013222516055912353 0.007462686567164179
38 0.15999244427653947 0.2227324913892078 0.011900264450321118 0.007462686567164179
38 0.16055912353607857 0.2881745120551091 0.01038911975821685 0.008036739380022962
42 0.15923687193048736 0.208955223880597 0.019078201737816394 0.016073478760045924
42 0.15980355119002645 0.1417910447761194 0.017567057045712126 0.01722158438576349
42 0.043067623724971665 0.14351320321469574 0.01945598791084246 0.015499425947187142
38 0.1590479788439743 0.02812858783008037 0.013222516055912353 0.00975889781859931
73 0.36720816018133734 0.03788748564867968 0.04533434076312807 0.02066590126291619
73 0.3687193048734416 0.1044776119402985 0.04231205137891953 0.02123995407577497
73 0.3675859463543634 0.169345579793341 0.044578768417075934 0.022388059701492536
73 0.36815262561390255 0.2330654420206659 0.043445409897997736 0.022962112514351322
73 0.36664148092179827 0.3002296211251435 0.04646769928220627 0.02123995407577497
7 0.44295428787306385 0.05453501722158439 0.03135625236116358 0.10907003444316878
72 0.4431431809595769 0.23880597014925373 0.030978466188137516 0.16073478760045926
9 0.7827729505100113 0.023536165327210104 0.056667925953910084 0.04707233065442021
56 0.7833396297695504 0.16647531572904709 0.02871174914998111 0.08955223880597014
25 0.15810351341140913 0.6262916188289323 0.03796751038911976 0.06659012629161883
46 0.15659236871930488 0.399540757749713 0.012466943709860219 0.04190585533869116
42 0.31431809595768795 0.6452353616532721 0.036267472610502456 0.05683122847301952
46 0.17378163959199094 0.4500574052812859 0.018133736305251228 0.022388059701492536
30 0.3330185115224783 0.4368541905855339 0.012466943709860219 0.04707233065442021
30 0.33339629769550433 0.5373134328358209 0.014355874574990555 0.03616532721010333
42 0.3662636947487722 0.3559127439724455 0.017378163959199094 0.02468427095292767
42 0.25481677370608236 0.6262916188289323 0.039289761994710994 0.06659012629161883
95 0.14903664525878352 0.417910447761194 0.03985644125425009 0.020091848450057407
46 0.9148092179826218 0.3582089552238806 0.015489233094068758 0.07807118254879448
42 0.9737438609746883 0.48507462686567165 0.03286739705326785 0.09529276693455797
86 0.9958443520967133 0.5556831228473019 0.00831129580657348 0.05970149253731343
86 0.9939554212315829 0.7244546498277842 0.012089157536834151 0.0574052812858783