42 0.14979988564894225 0.20169322709163345 0.031446540880503145 0.03187250996015936
42 0.1538021726700972 0.12151394422310757 0.019439679817038306 0.0199203187250996
42 0.1758147512864494 0.1389442231075697 0.02058319039451115 0.02091633466135458
42 0.24356775300171526 0.1394422310756972 0.02058319039451115 0.022410358565737053
34 0.21812464265294454 0.13147410358565736 0.022584333905088624 0.04780876494023904
46 0.2441395082904517 0.16185258964143426 0.009433962264150943 0.01643426294820717
46 0.2938822184105203 0.17330677290836655 0.015151515151515152 0.010956175298804782
25 0.23041738136077758 0.36703187250996017 0.02944539736992567 0.0249003984063745
25 0.2684391080617496 0.3665338645418327 0.026872498570611778 0.025398406374501994
49 0.3018867924528302 0.36802788844621515 0.0274442538593482 0.022908366533864542
25 0.3436249285305889 0.36752988047808766 0.02944539736992567 0.023406374501992032
25 0.3982275586049171 0.36802788844621515 0.029159519725557463 0.022908366533864542
49 0.4336763865065752 0.36802788844621515 0.031446540880503145 0.022908366533864542
65 0.14636935391652373 0.3655378486055777 0.04059462550028588 0.027888446215139442
46 0.10234419668381932 0.18675298804780877 0.012006861063464836 0.017928286852589643
46 0.044311034877072615 0.17430278884462153 0.019439679817038306 0.01195219123505976
42 0.4719839908519154 0.14890438247011953 0.02858776443682104 0.04083665338645418
42 0.6312178387650086 0.14790836653386455 0.026872498570611778 0.04282868525896414
42 0.7570040022870211 0.0199203187250996 0.022870211549456832 0.0398406374501992
42 0.9453973699256718 0.2455179282868526 0.026300743281875358 0.0398406374501992
93 0.7318467695826186 0.2634462151394422 0.04059462550028588 0.07370517928286853
22 0.6675242995997713 0.14890438247011953 0.017724413950829045 0.030876494023904383
22 0.5957690108633504 0.14890438247011953 0.020011435105774727 0.035856573705179286
22 0.5128644939965694 0.14890438247011953 0.018296169239565466 0.02888446215139442
86 0.5500285877644369 0.23705179282868527 0.020011435105774727 0.044820717131474105
46 0.5477415666094911 0.28884462151394424 0.03430531732418525 0.044820717131474105
46 0.6103487707261293 0.199203187250996 0.025157232704402517 0.044820717131474105
1 0.6838193253287593 0.2360557768924303 0.033733562035448826 0.09063745019920319
39 0.9931389365351629 0.20318725099601595 0.0137221269296741 0.01593625498007968
39 0.8933676386506575 0.20219123505976094 0.025157232704402517 0.01195219123505976
29 0.5454545454545454 0.12450199203187251 0.029731275014293884 0.08764940239043825
42 0.6020583190394511 0.04880478087649402 0.044596912521440824 0.0846613545816733
42 0.017152658662092625 0.6065737051792829 0.03430531732418525 0.0796812749003984
42 0.050314465408805034 0.6698207171314741 0.04345340194396798 0.07470119521912351
42 0.39908519153802174 0.5567729083665338 0.044596912521440824 0.0796812749003984
42 0.39879931389365353 0.4218127490039841 0.05088622069754145 0.08266932270916334
95 0.16352201257861634 0.6334661354581673 0.045740423098913664 0.02888446215139442
42 0.32504288164665524 0.4955179282868526 0.026300743281875358 0.04282868525896414
39 0.14951400800457404 0.7813745019920318 0.024585477415666093 0.022908366533864542
39 0.4305317324185249 0.5587649402390438 0.009719839908519153 0.03286852589641434
30 0.013436249285305889 0.7305776892430279 0.026872498570611778 0.02888446215139442
30 0.05002858776443682 0.7425298804780877 0.029159519725557463 0.026892430278884463
35 0.3216123499142367 0.5552788844621513 0.026872498570611778 0.04282868525896414
42 0.5531732418524872 0.5004980079681275 0.031446540880503145 0.05776892430278884
42 0.5031446540880503 0.6409362549800797 0.03430531732418525 0.052788844621513946
42 0.6446540880503144 0.6324701195219123 0.030303030303030304 0.054780876494023904
42 0.6666666666666666 0.8022908366533864 0.031446540880503145 0.054780876494023904
42 0.8276157804459692 0.7654382470119522 0.03487707261292167 0.05876494023904383
42 0.9128073184676958 0.7415338645418327 0.032590051457975985 0.054780876494023904
42 0.8602058319039451 0.6050796812749004 0.03316180674671241 0.05776892430278884
42 0.982275586049171 0.8436254980079682 0.03544882790165809 0.055776892430278883
42 0.7467124070897656 0.5966135458167331 0.0137221269296741 0.029880478087649404
42 0.7724413950829045 0.8431274900398407 0.017152658662092625 0.026892430278884463
42 0.6180674671240709 0.6175298804780877 0.01429388221841052 0.029880478087649404
42 0.6177815894797027 0.7524900398406374 0.016580903373356205 0.026892430278884463
25 0.483704974271012 0.4995019920318725 0.03544882790165809 0.06274900398406374
25 0.4751286449399657 0.8331673306772909 0.03659233847913093 0.0647410358565737
49 0.48256146369353914 0.5786852589641435 0.04230989136649514 0.05876494023904383
3 0.5428816466552315 0.6200199203187251 0.022298456260720412 0.02888446215139442
3 0.8744997141223556 0.723605577689243 0.023441966838193252 0.03386454183266932
93 0.7124070897655803 0.7674302788844621 0.031446540880503145 0.05079681274900399
93 0.7778730703259005 0.7863545816733067 0.029731275014293884 0.049800796812749
93 0.5728987993138936 0.7355577689243028 0.032590051457975985 0.053784860557768925
49 0.9219554030874786 0.6832669322709163 0.03773584905660377 0.05677290836653386
47 0.7478559176672385 0.5 0.012006861063464836 0.04183266932270916
47 0.7718696397941681 0.8899402390438247 0.023441966838193252 0.0249003984063745
47 0.6466552315608919 0.7504980079681275 0.013150371640937679 0.0398406374501992
1 0.5854774156660949 0.8411354581673307 0.040022870211549454 0.04282868525896414
1 0.8785020011435106 0.8187250996015937 0.03773584905660377 0.043824701195219126
1 0.675242995997713 0.6847609561752988 0.03773584905660377 0.04083665338645418
17 0.6149228130360206 0.9900398406374502 0.026872498570611778 0.0199203187250996
17 0.9053744997141223 0.8047808764940239 0.012006861063464836 0.04083665338645418
42 0.7987421383647799 0.7181274900398407 0.016009148084619784 0.02888446215139442
42 0.6183533447684391 0.9636454183266933 0.015437392795883362 0.021912350597609563
25 0.9208118925100057 0.6075697211155379 0.03659233847913093 0.06573705179282868
17 0.7001143510577473 0.6713147410358565 0.013150371640937679 0.0398406374501992
35 0.6406518010291595 0.5627490039840638 0.02115494568324757 0.03386454183266932
96 0.5425957690108634 0.5786852589641435 0.016009148084619784 0.029880478087649404
48 0.5594625500285878 0.5961155378486056 0.01429388221841052 0.022908366533864542
1 0.9839908519153803 0.9088645418326693 0.03201829616923957 0.036852589641434265
86 0.584333905088622 0.8072709163346613 0.014865637507146942 0.022908366533864542
42 0.5388793596340766 0.8326693227091634 0.04173813607775872 0.07370517928286853
39 0.8001715265866209 0.5991035856573705 0.015437392795883362 0.022908366533864542
96 0.8765008576329331 0.6812749003984063 0.019439679817038306 0.029880478087649404
48 0.8599199542595769 0.6967131474103586 0.019439679817038306 0.026892430278884463
39 0.6309319611206403 0.9626494023904383 0.010863350485991996 0.026892430278884463