42 0.2178030303030303 0.2082758620689655 0.03197415329768271 0.05896551724137931
42 0.2984625668449198 0.21586206896551724 0.019830659536541888 0.036551724137931035
42 0.2808600713012478 0.25724137931034485 0.021167557932263815 0.03896551724137931
42 0.2805258467023173 0.38448275862068965 0.022393048128342245 0.03896551724137931
34 0.28854723707664887 0.33655172413793105 0.04801693404634581 0.042413793103448276
46 0.25813279857397503 0.38551724137931037 0.016599821746880572 0.017586206896551725
46 0.2465463458110517 0.4793103448275862 0.010918003565062388 0.028275862068965516
25 0.05225044563279858 0.3596551724137931 0.024955436720142603 0.05517241379310345
25 0.05247326203208556 0.43137931034482757 0.025623885918003565 0.05068965517241379
49 0.050913547237076646 0.49448275862068963 0.022393048128342245 0.05172413793103448
25 0.05158199643493761 0.5727586206896552 0.023729946524064172 0.05517241379310345
25 0.05080213903743316 0.6737931034482758 0.022281639928698752 0.05103448275862069
65 0.05381016042780749 0.20206896551724138 0.028186274509803922 0.07655172413793103
46 0.23317736185383245 0.1196551724137931 0.017936720142602496 0.022413793103448276
46 0.2449866310160428 0.014137931034482758 0.01214349376114082 0.028275862068965516