42 0.3326183844011142 0.5323737373737374 0.06972144846796662 0.08449494949494958
42 0.34189415041782734 0.32011784511784513 0.043036211699164356 0.05175084175084177
42 0.39057103064066856 0.3662626262626263 0.04616991643454036 0.05520202020202024
42 0.5413370473537604 0.36683501683501685 0.04616991643454036 0.058619528619528606
34 0.48448467966573816 0.3463299663299663 0.04931754874651806 0.126969696969697
46 0.5427437325905292 0.4258754208754209 0.0207242339832869 0.04234006734006735
46 0.6529944289693593 0.45644781144781144 0.033927576601671325 0.028299663299663207
25 0.5118384401114207 0.9671717171717171 0.06545961002785515 0.06565656565656566
25 0.5967688022284123 0.9660269360269361 0.06093314763231198 0.06794612794612778
49 0.6724651810584958 0.9705892255892256 0.06155988857938725 0.058821548821548914
25 0.765125348189415 0.9688720538720539 0.06596100278551519 0.06223905723905729
25 0.886991643454039 0.9705892255892256 0.06470752089136496 0.058821548821548914
49 0.9644150417827299 0.9705892255892256 0.07066852367688023 0.058821548821548914
65 0.32508356545961004 0.9626094276094276 0.09045961002785513 0.0747811447811449
46 0.2279108635097493 0.49144781144781147 0.02681058495821727 0.04821548821548819
46 0.09798050139275766 0.4594276094276094 0.043036211699164356 0.0321885521885522