42 0.06695069993913573 0.14425427872860636 0.030432136335970784 0.061124694376528114
42 0.1436396835057821 0.152200488997555 0.018867924528301886 0.037897310513447434
42 0.12690200852099817 0.1949877750611247 0.02008520998174072 0.040342298288508556
42 0.12659768715763847 0.3270171149144254 0.02130249543517955 0.040342298288508556
34 0.13420572124163116 0.2775061124694376 0.04564820450395618 0.044009779951100246
46 0.10529519172245892 0.328239608801956 0.01582471089470481 0.018337408312958436
46 0.09433962264150944 0.4254278728606357 0.010346926354230066 0.029339853300733496
46 0.0815581253804017 0.0519559902200489 0.01704199634814364 0.023227383863080684
107 0.7818015824710894 0.5788508557457213 0.05295191722458917 0.08190709046454768
92 0.6789409616555082 0.5776283618581907 0.051734631771150334 0.0843520782396088
105 0.576080340839927 0.5764058679706602 0.051734631771150334 0.08679706601466992
106 0.4704808277541083 0.5776283618581907 0.05356055995130858 0.0843520782396088
42 0.09738283627510651 0.9113691931540342 0.024345709068776627 0.061124694376528114