42 0.2998909487459106 0.29468911917098445 0.03980370774263904 0.03562176165803109
42 0.20010905125408943 0.29015544041450775 0.024536532170119956 0.022020725388601035
42 0.22191930207197383 0.2655440414507772 0.026172300981461286 0.023316062176165803
42 0.22219193020719738 0.18911917098445596 0.027808069792802616 0.023316062176165803
34 0.2123773173391494 0.21761658031088082 0.059432933478735 0.025259067357512953
46 0.25 0.18847150259067358 0.020719738276990186 0.010362694300518135
46 0.26417666303162485 0.13212435233160622 0.013358778625954198 0.01683937823834197
25 0.5051799345692476 0.20401554404145078 0.031079607415485277 0.033031088082901554
25 0.5046346782988005 0.16062176165803108 0.03162486368593239 0.03044041450777202
49 0.5068157033805889 0.12305699481865284 0.027808069792802616 0.031088082901554404
25 0.5059978189749182 0.07577720207253887 0.029443838604143947 0.033031088082901554
25 0.5068157033805889 0.014896373056994818 0.027808069792802616 0.029792746113989636
65 0.5029989094874591 0.29857512953367876 0.03489640130861505 0.04598445595854922
46 0.2808069792802617 0.3477979274611399 0.022355507088331516 0.013601036269430052
46 0.26553980370774266 0.4112694300518135 0.014994547437295528 0.01683937823834197
42 0.007088331515812432 0.4384715025906736 0.014176663031624863 0.03756476683937824
42 0.7816248636859324 0.8121761658031088 0.04961832061068702 0.12435233160621761
46 0.7265539803707742 0.9753886010362695 0.04089422028353326 0.04922279792746114
22 0.7322791712104689 0.5757772020725389 0.022900763358778626 0.050518134715025906
22 0.9108505997818975 0.5440414507772021 0.024536532170119956 0.05699481865284974
93 0.8356052344601963 0.4721502590673575 0.04634678298800436 0.09715025906735751
93 0.7693565976008724 0.4488341968911917 0.03925845147219193 0.05829015544041451
46 0.972464558342421 0.47538860103626945 0.03380588876772083 0.050518134715025906
42 0.8775899672846238 0.5492227979274611 0.019629225736095966 0.05181347150259067
1 0.8555070883315158 0.6237046632124352 0.021810250817884406 0.08937823834196891
7 0.7928026172300982 0.5408031088082902 0.04743729552889858 0.05829015544041451
86 0.891494002181025 0.6878238341968912 0.024536532170119956 0.05181347150259067
86 0.8140676117775354 0.6897668393782384 0.019629225736095966 0.06606217616580311
86 0.7448200654307524 0.43069948186528495 0.020719738276990186 0.022020725388601035
86 0.7112868047982552 0.4423575129533679 0.022355507088331516 0.04533678756476684
42 0.70092693565976 0.5835492227979274 0.016902944383860415 0.04922279792746114