42 0.12764260071798963 0.19054441260744986 0.01874750698045473 0.05396370582617001
42 0.17491025129637017 0.1977077363896848 0.011567610690067811 0.033428844317096466
42 0.16473873155165536 0.23543457497612225 0.012365376944555246 0.03533906399235912
42 0.1645392899880335 0.3519579751671442 0.01316314319904268 0.03533906399235912
34 0.16912644595133625 0.30802292263610315 0.02812126047068209 0.03868194842406877
46 0.15137614678899083 0.35291308500477553 0.00977263661747108 0.01623686723973257
46 0.14459513362584764 0.4383954154727794 0.006382130035899481 0.025787965616045846
25 0.030514559234144395 0.32903533906399235 0.014559234144395692 0.050620821394460364
25 0.030714000797766254 0.394937917860554 0.014958117271639409 0.04632282712511939
49 0.029916234543278818 0.45224450811843364 0.01316314319904268 0.04727793696275072
25 0.030315117670522536 0.5238777459407832 0.013960909453530115 0.050620821394460364
25 0.029916234543278818 0.6165234001910219 0.01316314319904268 0.04632282712511939
65 0.03151176705225369 0.18481375358166188 0.01655364978061428 0.07020057306590258
46 0.13661747108097327 0.109360076408787 0.010570402871958515 0.020534861509073542
46 0.14359792580773834 0.012893982808022923 0.007179896290386917 0.025787965616045846
42 0.6254487435181492 0.5573065902578797 0.05644196250498604 0.045845272206303724
42 0.497207818109294 0.4383954154727794 0.048863183087355405 0.04680038204393505
25 0.6112883925009972 0.0659025787965616 0.06521739130434782 0.049665711556829036
49 0.49341842840047867 0.06208213944603629 0.05644196250498604 0.05157593123209169
25 0.6912644595133626 0.06685768863419293 0.05863581970482649 0.054918815663801336
46 0.3222975668129238 0.3333333333333333 0.020741922616673316 0.03151862464183381
46 0.09573195053849222 0.8065902578796562 0.02632628639808536 0.039159503342884434
42 0.05524531312325489 0.9436485195797517 0.03390506581571599 0.07927411652340019
42 0.6996410051854807 0.774116523400191 0.03909054646988432 0.0964660936007641
22 0.5608296769046669 0.7750716332378224 0.016753091344236137 0.04775549188156638
22 0.5883526126844835 0.9909264565425024 0.015955325089748704 0.018147086914995225
1 0.5937375349022737 0.7048710601719198 0.02114080574391703 0.10219675262655205
42 0.8322696449940168 0.7750716332378224 0.017151974471479856 0.038204393505253106
46 0.8925009972078181 0.8576886341929322 0.017949740725967292 0.06685768863419293
42 0.9297965696051057 0.9006685768863419 0.016753091344236137 0.041069723018147083
95 0.6136816912644595 0.6714422158548233 0.01316314319904268 0.06303724928366762
42 0.5307140007977662 0.7779369627507163 0.013960909453530115 0.03533906399235912
95 0.874152373354607 0.6571155682903533 0.014758675708017551 0.034383954154727794
30 0.9120462704427603 0.8185291308500477 0.01316314319904268 0.06494746895893028
86 0.9353809333865177 0.9847182425978988 0.011966493817311527 0.030563514804202482
1 0.7943757479058636 0.7058261700095511 0.02114080574391703 0.09742120343839542