42 0.249597423510467 0.2958748221906117 0.040257648953301126 0.07112375533428165
42 0.14814814814814814 0.28662873399715505 0.0249597423510467 0.044096728307254626
42 0.17028985507246377 0.23684210526315788 0.026570048309178744 0.04694167852062589
42 0.1706924315619968 0.08321479374110953 0.02818035426731079 0.04694167852062589
34 0.1606280193236715 0.14082503556187767 0.06038647342995169 0.051209103840682786
46 0.19887278582930756 0.08179231863442389 0.020933977455716585 0.021337126600284494
46 0.23027375201288244 0.40327169274537694 0.02254428341384863 0.02702702702702703
42 0.5825281803542673 0.4018492176386913 0.043478260869565216 0.09957325746799431
42 0.6763285024154589 0.3399715504978663 0.0426731078904992 0.08677098150782361
42 0.7608695652173914 0.48364153627311524 0.024154589371980676 0.011379800853485065
42 0.7930756843800322 0.4480796586059744 0.026570048309178744 0.06116642958748222
46 0.7250402576489533 0.27880512091038406 0.0249597423510467 0.06116642958748222
46 0.6404991948470209 0.10810810810810811 0.040257648953301126 0.04694167852062589
1 0.5950080515297906 0.0476529160739687 0.0322061191626409 0.08250355618776671
1 0.750805152979066 0.3229018492176387 0.04750402576489533 0.05547652916073969
22 0.7222222222222222 0.457325746799431 0.02254428341384863 0.03840682788051209
22 0.7230273752012882 0.34281650071123754 0.01932367149758454 0.031294452347083924
94 0.6260064412238325 0.1301564722617354 0.014492753623188406 0.08250355618776671
47 0.6332528180354268 0.4594594594594595 0.018518518518518517 0.059743954480796585
47 0.6916264090177133 0.422475106685633 0.0008051529790660225 0.001422475106685633
29 0.7089371980676329 0.40327169274537694 0.04669887278582931 0.06401137980085349
56 0.5640096618357487 0.36415362731152207 0.020933977455716585 0.05263157894736842
42 0.3421900161030596 0.8584637268847796 0.04428341384863124 0.07539118065433854
42 0.3132045088566828 0.604551920341394 0.024154589371980676 0.034139402560455195
42 0.33011272141706927 0.9246088193456614 0.024154589371980676 0.03556187766714083
42 0.43397745571658614 0.9253200568990043 0.011272141706924315 0.041251778093883355
93 0.4351851851851852 0.6891891891891891 0.008856682769726247 0.07823613086770982
47 0.23510466988727857 0.6017069701280228 0.033816425120772944 0.029871977240398292
47 0.4303542673107891 0.852773826458037 0.018518518518518517 0.032716927453769556
1 0.38446054750402575 0.7823613086770982 0.033011272141706925 0.09388335704125178
17 0.37359098228663445 0.7204836415362731 0.0322061191626409 0.032716927453769556
35 0.285829307568438 0.868421052631579 0.027375201288244767 0.05263157894736842
42 0.7065217391304348 0.8300142247510669 0.06360708534621579 0.12233285917496443
42 0.7636876006441223 0.682076813655761 0.0644122383252818 0.112375533428165
42 0.8442028985507246 0.6849217638691323 0.07729468599033816 0.13940256045519203
39 0.8446054750402576 0.7745376955903271 0.033011272141706925 0.03840682788051209
39 0.8421900161030595 0.5945945945945946 0.0322061191626409 0.02844950213371266
25 0.6485507246376812 0.6849217638691323 0.07407407407407407 0.12944523470839261