42 0.2578616352201258 0.3363914373088685 0.033962264150943396 0.040265035677879715
42 0.1720125786163522 0.3312945973496432 0.021069182389937106 0.024974515800203875
42 0.19056603773584907 0.30275229357798167 0.022641509433962263 0.026503567787971458
42 0.19119496855345913 0.21559633027522937 0.02389937106918239 0.026503567787971458
34 0.18238993710691823 0.24821610601427116 0.05125786163522013 0.0290519877675841
46 0.21509433962264152 0.21508664627930682 0.01761006289308176 0.012232415902140673
46 0.22735849056603774 0.15086646279306828 0.011635220125786163 0.019367991845056064
25 0.43427672955974844 0.2329255861365953 0.026729559748427674 0.03771661569826707
25 0.4339622641509434 0.1834862385321101 0.027358490566037737 0.034658511722731905
49 0.43553459119496857 0.1401630988786952 0.02389937106918239 0.03567787971457696
25 0.4349056603773585 0.08664627930682976 0.025157232704402517 0.03771661569826707
25 0.43553459119496857 0.017329255861365953 0.02389937106918239 0.034658511722731905
65 0.4327044025157233 0.3409785932721712 0.029874213836477988 0.052497451580020386
46 0.24150943396226415 0.39704383282364936 0.019182389937106917 0.01529051987767584
46 0.22830188679245284 0.4694189602446483 0.01289308176100629 0.019367991845056064
102 0.9566037735849057 0.3577981651376147 0.03333333333333333 0.05198776758409786
46 0.7789308176100629 0.46992864424057085 0.023270440251572325 0.01834862385321101
93 0.6179245283018868 0.43119266055045874 0.0440251572327044 0.0764525993883792
42 0.5459119496855346 0.2130479102956167 0.024528301886792454 0.05402650356778797
22 0.5449685534591195 0.1472986748216106 0.022641509433962263 0.04485219164118247
29 0.5267295597484277 0.05759429153924567 0.06289308176100629 0.0581039755351682
42 0.5009433962264151 0.15341488277268095 0.0220125786163522 0.09276248725790011
93 0.7261006289308176 0.23700305810397554 0.04654088050314465 0.08460754332313965
93 0.779245283018868 0.3562691131498471 0.04465408805031446 0.14271151885830785
1 0.6044025157232704 0.3613659531090724 0.05660377358490566 0.060142711518858305
39 0.8811320754716981 0.4475025484199796 0.02578616352201258 0.021406727828746176
47 0.6327044025157232 0.05555555555555555 0.025157232704402517 0.060142711518858305
42 0.04371069182389937 0.8608562691131498 0.038364779874213835 0.0652395514780836
42 0.11069182389937107 0.8154943934760448 0.03207547169811321 0.06625891946992865
42 0.2018867924528302 0.9638124362895005 0.018867924528301886 0.0326197757390418
42 0.17830188679245282 0.9235474006116208 0.021383647798742137 0.03160040774719674
42 0.2037735849056604 0.8863404689092762 0.01949685534591195 0.040774719673802244
42 0.04213836477987421 0.5754332313965341 0.022641509433962263 0.03058103975535168
42 0.04213836477987421 0.4954128440366973 0.021383647798742137 0.0326197757390418
42 0.06415094339622641 0.49031600407747195 0.021383647798742137 0.022426095820591234
46 0.08930817610062892 0.6182466870540265 0.021383647798742137 0.023445463812436288
46 0.1509433962264151 0.9765545361875637 0.015723270440251572 0.0417940876656473
46 0.14968553459119496 0.8562691131498471 0.01509433962264151 0.03771661569826707
46 0.15 0.7701325178389399 0.01509433962264151 0.04281345565749235
22 0.1509433962264151 0.8955147808358818 0.015723270440251572 0.0254841997961264
22 0.14937106918238993 0.8170234454638124 0.012578616352201259 0.02854230377166157
47 0.08459119496855345 0.8965341488277269 0.01761006289308176 0.0417940876656473
46 0.08364779874213836 0.9755351681957186 0.018238993710691823 0.040774719673802244
38 0.12641509433962264 0.8598369011213048 0.016981132075471698 0.03567787971457696
42 0.5710691823899371 0.9378185524974516 0.048427672955974846 0.07747196738022426
93 0.6176100628930817 0.8700305810397554 0.04213836477987421 0.0652395514780836
93 0.8015723270440251 0.8700305810397554 0.04150943396226415 0.0652395514780836
93 0.7015723270440252 0.7161060142711518 0.040880503144654086 0.06931702344546381
42 0.6531446540880503 0.7813455657492355 0.02389937106918239 0.04281345565749235
42 0.6531446540880503 0.6483180428134556 0.022641509433962263 0.0417940876656473
42 0.7657232704402516 0.5101936799184505 0.020754716981132074 0.03669724770642202
93 0.8015723270440251 0.5973496432212029 0.0440251572327044 0.06829765545361875
8 0.6459119496855346 0.5214067278287462 0.04591194968553459 0.040774719673802244
8 0.6474842767295598 0.9281345565749235 0.04150943396226415 0.040774719673802244
42 0.8374213836477987 0.7798165137614679 0.02012578616352201 0.03567787971457696
22 0.6537735849056604 0.5728848114169215 0.018867924528301886 0.027522935779816515
22 0.720125786163522 0.9347604485219164 0.02012578616352201 0.02854230377166157
22 0.7078616352201258 0.509683995922528 0.015723270440251572 0.029561671763506627
22 0.6534591194968553 0.8486238532110092 0.01949685534591195 0.03058103975535168