42 0.3737590555406493 0.37824474660074164 0.04950362221625973 0.04511742892459827
42 0.24912798497451033 0.3726823238566131 0.03058760397102227 0.02843016069221261
42 0.27636168500134156 0.3405438813349815 0.03259994633753689 0.029666254635352288
42 0.27689830963241213 0.24289245982694685 0.034612288704051516 0.029666254635352288
34 0.2645559431177891 0.27935723114956734 0.07418835524550577 0.032756489493201486
46 0.31151059833646366 0.24165636588380718 0.025757982291387174 0.013597033374536464
46 0.3292192111617923 0.1699629171817058 0.01676951972095519 0.021631644004944377
25 0.6293265360880065 0.2620519159456119 0.03850281727931312 0.04264524103831891
25 0.6289240676147035 0.20642768850432633 0.03957606654145425 0.03893695920889988
49 0.6313388784545211 0.157601977750309 0.034612288704051516 0.040173053152039555
25 0.6303997853501476 0.09765142150803462 0.03662463107056614 0.04264524103831891
25 0.6313388784545211 0.019777503090234856 0.034612288704051516 0.03893695920889988
65 0.626911725248189 0.3831891223733004 0.043466595116715856 0.05871446229913473
46 0.35001341561577676 0.4468479604449938 0.027636168500134155 0.0173053152039555
46 0.3306949288972364 0.5278121137206427 0.018781862087469816 0.021631644004944377
42 0.9467400053662464 0.046353522867737945 0.010195867990340756 0.04449938195302843
46 0.8964314462033808 0.06118665018541409 0.007781057150523209 0.049443757725587144
46 0.9248725516501207 0.054388133498145856 0.008317681781593774 0.054388133498145856
42 0.9364099812181379 0.006798516687268232 0.009122618728199625 0.013597033374536464
42 0.8590018781862088 0.28182941903584674 0.012878991145693587 0.0630407911001236
42 0.8595385028172793 0.21322620519159455 0.014488865038905285 0.06551297898640297
42 0.816206063858331 0.2867737948084054 0.014220552723370002 0.06551297898640297
25 0.8163402200160987 0.43325092707045737 0.017976925140863964 0.07416563658838071
49 0.8352562382613362 0.43325092707045737 0.017171988194258116 0.08776266996291718
42 0.8443788569895359 0.15389369592089 0.009122618728199625 0.034610630407911
49 0.7967534209820231 0.45179233621755255 0.017976925140863964 0.07663782447466007
1 0.9071639388247921 0.016069221260815822 0.01824523745639925 0.032138442521631644
95 0.7811913066809767 0.1668726823238566 0.007512744834987926 0.0754017305315204
3 0.8449154816206064 0.31025957972805934 0.007781057150523209 0.05562422744128554
49 0.8390126106788302 0.27441285537700866 0.005634558626240944 0.029666254635352288
96 0.8343171451569628 0.31396786155747836 0.00697612020391736 0.032138442521631644