42 0.18106508875739644 0.17876344086021506 0.029585798816568046 0.06720430107526881
42 0.2556213017751479 0.1875 0.018343195266272188 0.041666666666666664
42 0.23934911242603552 0.23454301075268819 0.01952662721893491 0.04435483870967742
42 0.23905325443786982 0.3797043010752688 0.020710059171597635 0.04435483870967742
34 0.24644970414201184 0.32526881720430106 0.04437869822485207 0.04838709677419355
46 0.2183431952662722 0.3810483870967742 0.015384615384615385 0.020161290322580645
46 0.2076923076923077 0.4879032258064516 0.010059171597633136 0.03225806451612903
25 0.028106508875739646 0.35147849462365593 0.023076923076923078 0.06317204301075269
25 0.028402366863905324 0.4334677419354839 0.023668639053254437 0.05779569892473118
49 0.026923076923076925 0.5053763440860215 0.020710059171597635 0.05913978494623656
25 0.027514792899408284 0.594758064516129 0.021893491124260357 0.06317204301075269
65 0.029585798816568046 0.17137096774193547 0.02603550295857988 0.08736559139784947
46 0.1952662721893491 0.07728494623655914 0.016568047337278107 0.025537634408602152
35 0.5671597633136095 0.3474462365591398 0.03106508875739645 0.035618279569892476
42 0.5680473372781065 0.4428763440860215 0.02544378698224852 0.0228494623655914
25 0.5041420118343195 0.2862903225806452 0.05828402366863905 0.05510752688172043
86 0.47366863905325446 0.20362903225806453 0.026331360946745562 0.026881720430107527
49 0.41124260355029585 0.4643817204301075 0.022485207100591716 0.05241935483870968
42 0.49911242603550293 0.3870967741935484 0.03757396449704142 0.04973118279569892
3 0.5014792899408284 0.5564516129032258 0.027218934911242602 0.038306451612903226
96 0.46331360946745564 0.5551075268817204 0.021597633136094675 0.020161290322580645
48 0.4798816568047337 0.5288978494623656 0.024556213017751478 0.02486559139784946