25 0.33901261067883015 0.03368421052631579 0.044003219747786426 0.04684210526315789
25 0.15293801985511135 0.23210526315789473 0.04051515964582774 0.04842105263157895
42 0.2956801717198819 0.034210526315789476 0.03555138180842501 0.042105263157894736
42 0.18848940166353637 0.10578947368421053 0.0348806010195868 0.04368421052631579
42 0.21505232090152937 0.2336842105263158 0.036356318755030856 0.03894736842105263
42 0.3579286289240676 0.4105263157894737 0.03555138180842501 0.042105263157894736
42 0.2730077810571505 0.11578947368421053 0.0348806010195868 0.04105263157894737
42 0.3634290313925409 0.11263157894736842 0.03702709954386906 0.039473684210526314
1 0.2328950898846257 0.02894736842105263 0.030050979339951704 0.05473684210526316
1 0.18781862087469814 0.037894736842105266 0.029380198551113495 0.049473684210526316
1 0.09887308827475182 0.10526315789473684 0.02723370002683123 0.049473684210526316
1 0.2925945800912262 0.3368421052631579 0.023745639924872552 0.049473684210526316
1 0.29152133082908505 0.18210526315789474 0.02441642071371076 0.04684210526315789
1 0.06841964046149718 0.031578947368421054 0.026562919237993025 0.05157894736842105
46 0.42460423933458546 0.10947368421052632 0.022404078347196137 0.018421052631578946
46 0.21330829085055003 0.07578947368421053 0.02723370002683123 0.019473684210526317
46 0.40394419103836865 0.030526315789473683 0.011805741883552455 0.02157894736842105
46 0.31634022001609874 0.10210526315789474 0.022404078347196137 0.01368421052631579
22 0.34317145156962703 0.1863157894736842 0.01395224040783472 0.02368421052631579
22 0.3439763885162329 0.3357894736842105 0.014623021196672928 0.016842105263157894
22 0.31285215991414006 0.37473684210526315 0.01676951972095519 0.016842105263157894
22 0.25073785886772204 0.07631578947368421 0.016098738932116986 0.018421052631578946
22 0.17386638046686342 0.07631578947368421 0.01676951972095519 0.017894736842105262
22 0.3117789106519989 0.15052631578947367 0.0174403005097934 0.01631578947368421
7 0.34987925945800913 0.3721052631578947 0.039039441910383686 0.02368421052631579
93 0.28145961899651195 0.22473684210526315 0.03206332170646633 0.04052631578947368
42 0.2736785618459887 0.07578947368421053 0.02092836061175208 0.02
42 0.3453179500939093 0.22421052631578947 0.018916018245237455 0.02157894736842105
42 0.3446471693050711 0.29894736842105263 0.018916018245237455 0.02157894736842105
42 0.27341024953045345 0.3736842105263158 0.01676951972095519 0.018421052631578946
42 0.145961899651194 0.07578947368421053 0.02092836061175208 0.021052631578947368
7 0.3518916018245237 0.15421052631578946 0.04333243895894821 0.02368421052631579
42 0.2736785618459887 0.15052631578947367 0.023745639924872552 0.019473684210526317
38 0.2154547893748323 0.1036842105263158 0.022404078347196137 0.02
95 0.2845452106251677 0.007368421052631579 0.013281459618996513 0.014736842105263158
95 0.4130668097665683 0.11578947368421053 0.01046418030587604 0.04631578947368421
42 0.10584920847866917 0.18421052631578946 0.04051515964582774 0.05473684210526316
42 0.11108129863160719 0.011578947368421053 0.04051515964582774 0.022631578947368423
25 0.3934800107324926 0.5121052631578947 0.03689294338610142 0.05421052631578947
49 0.3547088811376442 0.53 0.03622216259726321 0.02
2 0.3320364904749128 0.46789473684210525 0.016903675878722834 0.015789473684210527
96 0.35672122350415886 0.46473684210526317 0.0158304266165817 0.009473684210526316