25 0.08043217286914765 0.12480127186009539 0.04651860744297719 0.05564387917329094
25 0.2770108043217287 0.3585055643879173 0.04801920768307323 0.05087440381558029
42 0.08133253301320528 0.17965023847376788 0.04171668667466987 0.04451510333863275
42 0.1521608643457383 0.3139904610492846 0.04321728691476591 0.04372019077901431
42 0.2785114045618247 0.28060413354531 0.03841536614645858 0.04531001589825119
42 0.453781512605042 0.10095389507154214 0.04171668667466987 0.04451510333863275
42 0.16206482593037214 0.2082670906200318 0.04081632653061224 0.04372019077901431
42 0.15876350540216086 0.0945945945945946 0.039315726290516204 0.046104928457869634
1 0.07593037214885955 0.25834658187599363 0.05432172869147659 0.037360890302066775
1 0.08493397358943577 0.314785373608903 0.048919567827130854 0.03656597774244833
1 0.15156062424969988 0.42686804451510335 0.048919567827130854 0.03418124006359301
1 0.38055222088835533 0.1836248012718601 0.048919567827130854 0.030206677265500796
1 0.22779111644657862 0.18441971383147854 0.04651860744297719 0.031001589825119236
1 0.0783313325330132 0.46502384737678853 0.051320528211284515 0.033386327503974564
46 0.1557623049219688 0.017488076311605722 0.018307322929171668 0.02782193958664547
46 0.12214885954381753 0.28298887122416533 0.01920768307322929 0.03418124006359301
46 0.07773109243697479 0.04372019077901431 0.021608643457382955 0.015103338632750398
46 0.14855942376950781 0.1534181240063593 0.013505402160864346 0.02782193958664547
22 0.23169267707082833 0.12003179650238474 0.023109243697478993 0.017488076311605722
22 0.37965186074429774 0.1192368839427663 0.01680672268907563 0.018282988871224166
22 0.4180672268907563 0.15818759936406995 0.01680672268907563 0.02066772655007949
22 0.12274909963985595 0.23608903020667726 0.018307322929171668 0.01987281399046105
22 0.12274909963985595 0.3322734499205087 0.017707082833133252 0.02066772655007949
22 0.19597839135654263 0.1589825119236884 0.015906362545018007 0.022257551669316374
7 0.41566626650660266 0.11128775834658187 0.023109243697478993 0.0492845786963434
93 0.2698079231692677 0.1971383147853736 0.03991596638655462 0.04054054054054054
42 0.12214885954381753 0.2066772655007949 0.020108043217286913 0.026232114467408585
42 0.2692076830732293 0.11685214626391097 0.021608643457382955 0.02384737678855326
42 0.3433373349339736 0.11764705882352941 0.021608643457382955 0.02384737678855326
42 0.4174669867947179 0.20747217806041335 0.018307322929171668 0.02066772655007949
42 0.12244897959183673 0.3672496025437202 0.02070828331332533 0.026232114467408585
7 0.20018007202881152 0.10890302066772654 0.023109243697478993 0.05405405405405406
42 0.19597839135654263 0.2066772655007949 0.01920768307322929 0.030206677265500796
38 0.15006002400960383 0.28060413354531 0.020108043217286913 0.02782193958664547
95 0.04231692677070829 0.1931637519872814 0.03841536614645858 0.016693163751987282
95 0.16206482593037214 0.03179650238473768 0.04561824729891957 0.013513513513513514
42 0.22959183673469388 0.41812400635930047 0.05432172869147659 0.05087440381558029
42 0.0429171668667467 0.4117647058823529 0.053721488595438176 0.05087440381558029
42 0.8283313325330132 0.3441971383147854 0.03361344537815126 0.06836248012718601
42 0.9972989195678271 0.07631160572337042 0.005402160864345739 0.07313195548489666
42 0.5705282112845138 0.14069952305246422 0.028211284513805522 0.07472178060413355
46 0.6077430972388955 0.4189189189189189 0.028211284513805522 0.09697933227344992
93 0.9582833133253301 0.17885532591414943 0.05162064825930372 0.11605723370429252
1 0.9159663865546218 0.1836248012718601 0.031212484993997598 0.11605723370429252
93 0.7791116446578632 0.28139904610492844 0.04441776710684274 0.12400635930047695
93 0.6065426170468188 0.031001589825119236 0.048619447779111646 0.06200317965023847
93 0.9489795918367347 0.01192368839427663 0.04441776710684274 0.02384737678855326
7 0.8316326530612245 0.06359300476947535 0.02581032412965186 0.1271860095389507
42 0.7707082833133253 0.028616852146263912 0.05042016806722689 0.057233704292527825
22 0.5699279711884754 0.2313195548489666 0.02100840336134454 0.05564387917329094
22 0.82953181272509 0.43481717011128773 0.01920768307322929 0.0492845786963434
86 0.6515606242496998 0.029411764705882353 0.02701080432172869 0.058823529411764705
87 0.7569027611044418 0.17329093799682035 0.03361344537815126 0.06995230524642289
86 0.8994597839135654 0.3847376788553259 0.03181272509003601 0.07631160572337042
42 0.04321728691476591 0.5397456279809221 0.03601440576230492 0.08108108108108109
42 0.1917767106842737 0.5333863275039745 0.03181272509003601 0.06836248012718601
42 0.2148859543817527 0.7957074721780604 0.033013205282112844 0.08744038155802862
42 0.38385354141656663 0.7368839427662957 0.036614645858343335 0.09379968203497616
42 0.4732893157262905 0.6987281399046105 0.034213685474189674 0.08744038155802862
42 0.4177671068427371 0.5127186009538951 0.03481392557022809 0.02702702702702703
42 0.5387154861944778 0.8616852146263911 0.02220888355342137 0.0890302066772655
42 0.32593037214885956 0.8608903020667726 0.01800720288115246 0.04292527821939587
42 0.16356542617046818 0.5119236883942766 0.015006002400960384 0.025437201907790145
42 0.16356542617046818 0.7162162162162162 0.017406962785114045 0.04292527821939587
25 0.016506602641056422 0.8449920508744038 0.033013205282112844 0.10333863275039745
3 0.08493397358943577 0.5135135135135135 0.0234093637454982 0.028616852146263912
3 0.4330732292917167 0.6701112877583466 0.02460984393757503 0.05405405405405406
93 0.26290516206482595 0.7400635930047694 0.033013205282112844 0.08108108108108109
93 0.33163265306122447 0.7702702702702703 0.031212484993997598 0.0794912559618442
93 0.11644657863145258 0.6891891891891891 0.03481392557022809 0.08426073131955485
49 0.48289315726290516 0.6057233704292527 0.040216086434573826 0.09062003179650238
47 0.32533013205282113 0.9356120826709062 0.024009603841536616 0.0397456279809221
47 0.19387755102040816 0.7130365659777425 0.013805522208883553 0.06359300476947535
1 0.12965186074429771 0.8577106518282989 0.04201680672268908 0.06836248012718601
1 0.4372749099639856 0.821939586645469 0.039015606242496996 0.06995230524642289
1 0.22388955582232895 0.6081081081081081 0.03961584633853541 0.06518282988871224
17 0.4654861944777911 0.7996820349761526 0.012605042016806723 0.06518282988871224
42 0.35354141656662663 0.6613672496025437 0.01680672268907563 0.04451510333863275
25 0.48169267707082836 0.5182829888712241 0.039015606242496996 0.03815580286168521
17 0.25 0.5866454689984102 0.013805522208883553 0.06359300476947535
1 0.540516206482593 0.965818759936407 0.018607442977190875 0.058823529411764705
86 0.12845138055222088 0.8036565977742448 0.015606242496998799 0.03656597774244833
42 0.08073229291716687 0.8441971383147854 0.043817527010804325 0.11764705882352941
96 0.43517406962785116 0.6025437201907791 0.02040816326530612 0.04769475357710652
48 0.4177671068427371 0.6271860095389508 0.02040816326530612 0.04292527821939587