25 0.3553629469122427 0.28240109140518416 0.06500541711809317 0.0791268758526603
42 0.08992416034669556 0.019099590723055934 0.056338028169014086 0.03819918144611187
42 0.18634886240520043 0.21282401091405184 0.05850487540628386 0.06821282401091405
42 0.35752979414951247 0.16098226466575716 0.05200433369447454 0.07094133697135062
42 0.19989165763813652 0.047748976807639835 0.0552546045503792 0.06821282401091405
1 0.08342361863488625 0.126193724420191 0.07367280606717226 0.058663028649386086
1 0.09534127843986999 0.21418826739427013 0.06608884073672806 0.0572987721691678
1 0.18580715059588299 0.38813096862210095 0.06608884073672806 0.05320600272851296
1 0.28819068255687974 0.017735334242837655 0.0628385698808234 0.03547066848567531
1 0.0866738894907909 0.4406548431105048 0.06933911159263272 0.03819918144611187
46 0.1457204767063922 0.16439290586630287 0.02600216684723727 0.05320600272851296
22 0.14680390032502708 0.09140518417462483 0.024918743228602384 0.03137789904502047
22 0.14680390032502708 0.24147339699863574 0.023835319609967497 0.03274215552523874
93 0.3456121343445287 0.03137789904502047 0.05417118093174431 0.06275579809004093
42 0.1457204767063922 0.04638472032742155 0.027085590465872156 0.040927694406548434
42 0.14626218851570963 0.296043656207367 0.028169014084507043 0.040927694406548434
42 0.24593716143011918 0.04638472032742155 0.02600216684723727 0.04638472032742155
38 0.18364030335861323 0.16030013642564803 0.027085590465872156 0.04365620736698499
95 0.03791982665222102 0.0252387448840382 0.05200433369447454 0.02592087312414734
42 0.2914409534127844 0.37448840381991816 0.07367280606717226 0.0791268758526603
42 0.038461538461538464 0.36425648021828105 0.07258938244853738 0.0791268758526603
42 0.8613217768147345 0.24488403819918145 0.06067172264355363 0.07776261937244201
1 0.8429035752979415 0.3328785811732606 0.06933911159263272 0.054570259208731244
93 0.5157096424702059 0.3533424283765348 0.05742145178764897 0.06275579809004093
42 0.44582881906825567 0.4004092769440655 0.011917659804983749 0.036834924965893585
7 0.4485373781148429 0.20668485675306958 0.01733477789815818 0.08049113233287858
7 0.7768147345612134 0.2053206002728513 0.028169014084507043 0.06684856753069578
22 0.7193932827735645 0.21282401091405184 0.021668472372697724 0.040927694406548434
42 0.66738894907909 0.21145975443383355 0.03358613217768147 0.034106412005457026
22 0.5 0.2121418826739427 0.020585048754062838 0.03137789904502047
42 0.5520043336944745 0.21145975443383355 0.02925243770314193 0.03274215552523874
42 0.781148429035753 0.39972714870395637 0.023835319609967497 0.03819918144611187
42 0.06067172264355363 0.9727148703956344 0.028169014084507043 0.03819918144611187
42 0.017876489707475622 0.9181446111869032 0.027085590465872156 0.040927694406548434
29 0.09263271939328277 0.8315143246930423 0.03683640303358613 0.07776261937244201
22 0.05037919826652221 0.8587994542974079 0.02925243770314193 0.03547066848567531
22 0.13271939328277357 0.859481582537517 0.027085590465872156 0.027285129604365622
46 0.18526543878656554 0.859481582537517 0.035752979414951244 0.027285129604365622
1 0.01570964247020585 0.7694406548431105 0.0314192849404117 0.08731241473396999
1 0.14626218851570963 0.9065484311050478 0.0390032502708559 0.07776261937244201
47 0.04604550379198267 0.7128240109140518 0.04333694474539545 0.034106412005457026
42 0.13867822318526543 0.7824010914051842 0.06175514626218852 0.06957708049113233
56 0.1256771397616468 0.5961800818553888 0.03683640303358613 0.03547066848567531
42 0.09317443120260022 0.6268758526603001 0.05850487540628386 0.0723055934515689
95 0.3862405200433369 0.7005457025920873 0.05200433369447454 0.023192360163710776
46 0.4035752979414951 0.7251023192360164 0.02275189599133261 0.0504774897680764
46 0.4279523293607801 0.6398362892223738 0.023835319609967497 0.027285129604365622
42 0.4599133261105092 0.9440654843110505 0.04008667388949079 0.0791268758526603
56 0.6500541711809318 0.8369713506139154 0.03466955579631636 0.030013642564802184
42 0.6175514626218852 0.8751705320600273 0.0628385698808234 0.0723055934515689
42 0.4593716143011918 0.5538881309686221 0.0390032502708559 0.06275579809004093
42 0.6061755146262189 0.5954979536152797 0.03358613217768147 0.036834924965893585
42 0.7128927410617552 0.5941336971350614 0.03466955579631636 0.045020463847203276
42 0.8699891657638137 0.5661664392905866 0.06067172264355363 0.06957708049113233
1 0.5433369447453954 0.699181446111869 0.06825568797399784 0.05184174624829468
1 0.7703141928494042 0.7012278308321964 0.07150595882990249 0.05184174624829468
42 0.46424702058504874 0.7210095497953616 0.04875406283856988 0.0723055934515689
93 0.6197183098591549 0.7203274215552524 0.0552546045503792 0.06957708049113233
22 0.5541711809317443 0.5954979536152797 0.02275189599133261 0.034106412005457026
22 0.7670639219934995 0.5927694406548432 0.02600216684723727 0.0286493860845839
42 0.8212351029252438 0.7346521145975443 0.023835319609967497 0.03956343792633015
7 0.814192849404117 0.58731241473397 0.027085590465872156 0.07503410641200546
7 0.5059588299024919 0.5839017735334243 0.041170097508125676 0.061391541609822645
46 0.44257854821235104 0.49931787175989084 0.005417118093174431 0.04365620736698499
38 0.44474539544962083 0.8751705320600273 0.009750812567713976 0.04229195088676671
42 0.5021668472372698 0.7387448840381992 0.024918743228602384 0.03819918144611187
22 0.5021668472372698 0.660300136425648 0.020585048754062838 0.03547066848567531
22 0.8201516793066089 0.6568894952251023 0.02600216684723727 0.030013642564802184