25 0.06441254250094447 0.11021505376344086 0.037211938043067626 0.04838709677419355
25 0.2213826973932754 0.31586021505376344 0.038345296562145824 0.04502688172043011
42 0.06497922176048357 0.15793010752688172 0.03324518322629392 0.0396505376344086
42 0.12164714771439365 0.2762096774193548 0.03456743483188515 0.038306451612903226
42 0.22270494899886664 0.24731182795698925 0.03078957310162448 0.04032258064516129
42 0.3628636191915376 0.08938172043010753 0.03324518322629392 0.0396505376344086
42 0.12958065734794105 0.1827956989247312 0.03267850396675482 0.038306451612903226
42 0.12712504722327161 0.08333333333333333 0.03135625236116358 0.04099462365591398
1 0.060823573857196826 0.2271505376344086 0.043445409897997736 0.03293010752688172
1 0.06781261805817906 0.2775537634408602 0.03910086890819796 0.03225806451612903
1 0.12126936154136758 0.3756720430107527 0.03910086890819796 0.03024193548387097
1 0.30430676237249715 0.16129032258064516 0.03910086890819796 0.02620967741935484
1 0.18209293539856442 0.16263440860215053 0.037211938043067626 0.026881720430107527
1 0.06271250472232716 0.4092741935483871 0.0409897997733283 0.02956989247311828
46 0.12448054401208916 0.015456989247311828 0.014733660748016623 0.02486559139784946
46 0.09765772572723838 0.2493279569892473 0.015300340007555724 0.03024193548387097
46 0.06214582546278806 0.038306451612903226 0.01718927087268606 0.013440860215053764
46 0.11881375141669814 0.1350806451612903 0.01095579901775595 0.02486559139784946
22 0.185304117869286 0.10551075268817205 0.018511522478277295 0.015456989247311828
22 0.3037400831129581 0.10483870967741936 0.013411409142425387 0.016129032258064516
22 0.3345296562145825 0.13911290322580644 0.013411409142425387 0.01881720430107527
22 0.09822440498677748 0.20766129032258066 0.014733660748016623 0.01747311827956989
22 0.09822440498677748 0.29301075268817206 0.014166981488477521 0.01881720430107527
22 0.15678126180581792 0.14045698924731181 0.012844729882886286 0.019489247311827957
7 0.3324518322629392 0.09811827956989247 0.018511522478277295 0.043010752688172046
93 0.2157159047978844 0.17405913978494625 0.031922931620702685 0.035618279569892476
42 0.09765772572723838 0.1821236559139785 0.016055912353607857 0.0228494623655914
42 0.21533811862485833 0.1028225806451613 0.01718927087268606 0.020833333333333332
42 0.2746505477899509 0.10416666666666667 0.01718927087268606 0.020833333333333332
42 0.3337740838685304 0.1827956989247312 0.014733660748016623 0.01881720430107527
42 0.09784661881375141 0.3239247311827957 0.01662259161314696 0.0228494623655914
7 0.15999244427653947 0.0961021505376344 0.018511522478277295 0.04771505376344086
42 0.15678126180581792 0.1821236559139785 0.015300340007555724 0.02620967741935484
38 0.11994710993577636 0.24663978494623656 0.016055912353607857 0.02486559139784946
95 0.03400075557234605 0.1700268817204301 0.03078957310162448 0.01478494623655914
95 0.12958065734794105 0.028225806451612902 0.03645636569701549 0.0114247311827957
42 0.1837929731771817 0.3682795698924731 0.043445409897997736 0.04502688172043011
42 0.03418964865885909 0.36223118279569894 0.04287873063845863 0.04502688172043011
46 0.5402342274272761 0.05309139784946237 0.021156025689459765 0.041666666666666664
95 0.4567434831885153 0.11693548387096774 0.02720060445787684 0.02956989247311828
1 0.4803551190026445 0.38776881720430106 0.03437854174537212 0.0846774193548387
42 0.5077446165470344 0.25873655913978494 0.01511144692104269 0.06586021505376344
23 0.5810351341140915 0.2768817204301075 0.010578012844729883 0.03494623655913978
23 0.5583679637325274 0.11760752688172044 0.010578012844729883 0.025537634408602152
42 0.7349829996222138 0.08400537634408602 0.015489233094068758 0.06048387096774194
1 0.7601057801284473 0.19556451612903225 0.03551190026445032 0.0739247311827957
1 0.8046845485455232 0.19422043010752688 0.036267472610502456 0.0793010752688172
42 0.8324518322629392 0.043010752688172046 0.014733660748016623 0.05913978494623656
22 0.8337740838685304 0.12365591397849462 0.015867019267094825 0.043010752688172046
39 0.6072912731394031 0.27553763440860213 0.007933509633547412 0.0456989247311828
25 0.10540234227427277 0.4442204301075269 0.037778617302606725 0.009408602150537635
42 0.22232716282584059 0.4650537634408602 0.03853418964865886 0.041666666666666664
42 0.2984510766905931 0.4435483870967742 0.03551190026445032 0.008064516129032258
42 0.29807329051756704 0.46908602150537637 0.04061201360030223 0.036290322580645164
42 0.3394408764639214 0.4428763440860215 0.020022667170381564 0.006720430107526882
49 0.17227049489988666 0.44556451612903225 0.044578768417075934 0.012096774193548387
39 0.3403853418964866 0.46774193548387094 0.018511522478277295 0.018145161290322582
46 0.954854552323385 0.4603494623655914 0.015489233094068758 0.041666666666666664