25 0.12690951821386603 0.14325068870523416 0.03407755581668625 0.08264462809917356
42 0.1792009400705053 0.14600550964187328 0.03055229142185664 0.06611570247933884
1 0.2444183313748531 0.3044077134986226 0.0199764982373678 0.049586776859504134
1 0.2435370152761457 0.05853994490358127 0.020564042303172738 0.07988980716253444
22 0.28701527614571093 0.06542699724517906 0.011750881316098707 0.03994490358126722
22 0.28760282021151584 0.3174931129476584 0.012338425381903642 0.023415977961432508
22 0.2605757931844888 0.008953168044077135 0.014688601645123384 0.01790633608815427
93 0.23501762632197415 0.13085399449035812 0.02702702702702703 0.06887052341597796
42 0.2887779083431257 0.13016528925619836 0.015863689776733254 0.0371900826446281
42 0.2881903642773208 0.25757575757575757 0.015863689776733254 0.0371900826446281
7 0.29435957696827264 0.015151515151515152 0.036427732079905996 0.030303030303030304
42 0.22855464159811986 0.010330578512396695 0.0199764982373678 0.02066115702479339
42 0.0872502937720329 0.06198347107438017 0.03407755581668625 0.09366391184573003
42 0.35428907168037604 0.01721763085399449 0.009400705052878966 0.028925619834710745
49 0.3804347826086957 0.024104683195592287 0.04200940070505288 0.029614325068870524
25 0.43243243243243246 0.024104683195592287 0.04553466509988249 0.03305785123966942
35 0.5126321974148061 0.24104683195592286 0.021151586368977675 0.02134986225895317
42 0.14277320799059928 0.5110192837465565 0.02937720329024677 0.06887052341597796
42 0.21680376028202114 0.5199724517906336 0.018213866039952998 0.04269972451790634
42 0.20064629847238544 0.5681818181818182 0.019388954171562868 0.045454545454545456
42 0.20035252643948295 0.7169421487603306 0.020564042303172738 0.045454545454545456
34 0.20769682726204466 0.6611570247933884 0.04406580493537015 0.049586776859504134
46 0.1797884841363102 0.7183195592286501 0.01527614571092832 0.02066115702479339
46 0.1692126909518214 0.8278236914600551 0.0099882491186839 0.03305785123966942
65 0.0026439482961222094 0.5034435261707989 0.005287896592244419 0.08953168044077135
46 0.15687426556991774 0.40702479338842973 0.01645123384253819 0.026170798898071626
6 0.736780258519389 0.8099173553719008 0.04876615746180964 0.11294765840220386
55 0.6351351351351351 0.8106060606060606 0.05111633372502938 0.11983471074380166
83 0.5352526439482961 0.8085399449035813 0.06286721504112809 0.15702479338842976
86 0.44418331374853115 0.8099173553719008 0.06756756756756757 0.1790633608815427