25 0.146608442503639 0.2501405975395431 0.08414847161572053 0.11043936731107204
25 0.5038719068413392 0.7184534270650264 0.08675400291120819 0.10124780316344466
42 0.14751091703056768 0.3596133567662566 0.07535662299854441 0.0897188049209139
42 0.27641921397379915 0.6292091388400702 0.07911208151382827 0.08891036906854136
42 0.506622998544396 0.5621265377855887 0.0710625909752548 0.09212653778558869
42 0.8255167394468704 0.20305799648506154 0.07634643377001463 0.08975395430579966
42 0.29491994177583697 0.416115992970123 0.07377001455604076 0.08771528998242535
42 0.2887772925764192 0.18908611599297012 0.07206695778748179 0.09376098418277681
1 0.13809315866084426 0.5171880492091387 0.09886462882096073 0.0757644991212654
1 0.15398835516739448 0.6311072056239017 0.08831149927219795 0.07351493848857653
1 0.2760698689956332 0.8550087873462214 0.088981077147016 0.06759226713532519
1 0.6920960698689956 0.36743409490333917 0.09004366812227076 0.06063268892794376
1 0.413886462882096 0.36963093145869946 0.08410480349344975 0.0618629173989455
1 0.1427802037845706 0.9312302284710018 0.09237263464337699 0.06664323374340952
46 0.28282387190684133 0.03483304042179262 0.03368267831149925 0.05690685413005274
46 0.22228529839883554 0.5667486818980668 0.034352256186317355 0.0672759226713532
46 0.14147016011644833 0.08694200351493848 0.039461426491994196 0.03008787346221442
46 0.27026200873362444 0.30766256590509666 0.024439592430858838 0.0561335676625659
22 0.4216593886462882 0.2395782073813708 0.04142649199417764 0.03500878734622147
22 0.6905676855895196 0.23818980667838313 0.03138282387190676 0.035430579964850634
22 0.7602183406113537 0.3162390158172232 0.03043668122270746 0.04121265377855886
22 0.22314410480349348 0.47253075571177505 0.03342066957787479 0.0407732864674869
22 0.22374090247452694 0.6664674868189807 0.03196506550218338 0.04198594024604567
22 0.35641921397379916 0.3191212653778559 0.03002911208151382 0.04391915641476276
7 0.7560698689956331 0.22347978910369068 0.04330422125181951 0.09864674868189806
93 0.49024745269286757 0.3956942003514939 0.0728529839883551 0.08096660808435852
42 0.22187772925764193 0.41478031634446394 0.03618631732168852 0.053075571177504374
42 0.4898107714701601 0.23479789103690685 0.04008733624454143 0.04778558875219683
42 0.6243377001455604 0.23620386643233746 0.03918486171761275 0.04741652021089632
42 0.7592139737991267 0.4158523725834798 0.033711790393013134 0.04242530755711773
42 0.22272197962154291 0.7363093145869947 0.03787481804949051 0.05386643233743405
7 0.36372634643377 0.2180140597539543 0.041994177583697265 0.11008787346221444
42 0.35630276564774377 0.41495606326889284 0.03508005822416302 0.05982425307557122
38 0.2728238719068414 0.5617574692442882 0.03752547307132456 0.056239015817223195
95 0.07708879184861718 0.38717047451669595 0.069490538573508 0.03298769771528995
95 0.2947161572052402 0.0641476274165202 0.08302765647743816 0.025079086115992962
42 0.4179039301310044 0.8372056239015817 0.10007278020378457 0.10228471001757478
42 0.07806404657933043 0.824182776801406 0.09790393013100437 0.10110720562390153