25 0.17547000895255147 0.4323076923076923 0.05371530886302596 0.08923076923076922
42 0.03581020590868397 0.35384615384615387 0.048343777976723366 0.07692307692307693
42 0.17726051924798567 0.2953846153846154 0.04297224709042077 0.08
42 0.37332139659803043 0.01 0.046553267681289166 0.02
42 0.047000895255147716 0.1676923076923077 0.045658012533572066 0.07692307692307693
1 0.29140555058191586 0.12461538461538461 0.05461056401074306 0.052307692307692305
1 0.12041181736794987 0.12692307692307692 0.051924798567591766 0.05384615384615385
46 0.006266786034019696 0.29923076923076924 0.012533572068039392 0.06
46 0.03178155774395703 0.07230769230769231 0.01521933751119069 0.04923076923076923
22 0.12488809310653537 0.013846153846153847 0.025962399283795883 0.027692307692307693
22 0.29051029543419876 0.013846153846153847 0.018800358102059087 0.027692307692307693
22 0.3334825425246195 0.08 0.018800358102059087 0.036923076923076927
22 0.006714413607878245 0.21615384615384614 0.01342882721575649 0.03538461538461538
22 0.006266786034019696 0.3861538461538462 0.012533572068039392 0.036923076923076927
22 0.08504923903312445 0.0823076923076923 0.017905102954341987 0.038461538461538464
7 0.3307967770814682 0.02076923076923077 0.025962399283795883 0.04153846153846154
93 0.1674127126230976 0.14923076923076922 0.044762757385854966 0.07076923076923076
42 0.006714413607878245 0.16615384615384615 0.01342882721575649 0.046153846153846156
42 0.16696508504923904 0.014615384615384615 0.024171888988361683 0.02923076923076923
42 0.2493285586392122 0.015384615384615385 0.024171888988361683 0.03076923076923077
42 0.3325872873769024 0.16692307692307692 0.020590868397493287 0.036923076923076927
42 0.007162041181736795 0.44769230769230767 0.01432408236347359 0.046153846153846156
7 0.08907788719785138 0.02076923076923077 0.025962399283795883 0.04153846153846154
42 0.08504923903312445 0.16615384615384615 0.021486123545210387 0.052307692307692305
38 0.03357206803939123 0.2946153846153846 0.022381378692927483 0.04923076923076923
60 0.8572068039391226 0.23923076923076922 0.03312444046553268 0.052307692307692305
1 0.4865711727842435 0.3669230769230769 0.03849597135183527 0.1
42 0.5429722470904208 0.4307692307692308 0.03043867502238138 0.052307692307692305
1 0.5989256938227395 0.46692307692307694 0.03760071620411817 0.04461538461538461
42 0.6781557743957027 0.42923076923076925 0.03133393017009848 0.052307692307692305
25 0.82408236347359 0.2923076923076923 0.05640107430617726 0.08923076923076922
35 0.9377797672336616 0.07384615384615385 0.04028648164726947 0.06769230769230769
42 0.024619516562220233 0.7630769230769231 0.049239033124440466 0.09538461538461539
42 0.08907788719785138 0.7638461538461538 0.051029543419874666 0.09384615384615384
39 0.08907788719785138 0.8584615384615385 0.025962399283795883 0.033846153846153845
1 0.17949865711727842 0.77 0.05819158460161146 0.05384615384615385
49 0.26051924798567594 0.8507692307692307 0.06982990152193375 0.1076923076923077
42 0.3437779767233662 0.8476923076923077 0.05461056401074306 0.09230769230769231
42 0.30214861235452106 0.5615384615384615 0.047448522829006266 0.08307692307692308
25 0.1521933751119069 0.85 0.051924798567591766 0.09846153846153846
86 0.36526410026857653 0.59 0.025067144136078783 0.05076923076923077
46 0.40465532676812893 0.5592307692307692 0.008952551477170993 0.03538461538461538
39 0.08728737690241718 0.6730769230769231 0.024171888988361683 0.02923076923076923
42 0.20232766338406447 0.6230769230769231 0.02864816472694718 0.043076923076923075
42 0.26365264100268576 0.6261538461538462 0.02775290957923008 0.043076923076923075
39 0.39749328558639213 0.6230769230769231 0.019695613249776187 0.043076923076923075
42 0.42032229185317815 0.5438461538461539 0.022381378692927483 0.09384615384615384
42 0.8384064458370636 0.5346153846153846 0.05461056401074306 0.08153846153846153
42 0.7005371530886303 0.7561538461538462 0.03401969561324977 0.047692307692307694
42 0.7372426141450313 0.696923076923077 0.02864816472694718 0.046153846153846156
42 0.770367054610564 0.7576923076923077 0.03849597135183527 0.05076923076923077
46 0.6906893464637421 0.6284615384615385 0.047448522829006266 0.046153846153846156
46 0.8769024171888988 0.6276923076923077 0.03849597135183527 0.047692307692307694
46 0.9843330349149507 0.4969230769230769 0.02954341987466428 0.015384615384615385
1 0.7305282005371531 0.5269230769230769 0.03939122649955237 0.07538461538461538
1 0.8491495076096688 0.676923076923077 0.03491495076096687 0.09076923076923077
22 0.7645478961504029 0.6223076923076923 0.024171888988361683 0.04153846153846154
22 0.8366159355416294 0.6238461538461538 0.020590868397493287 0.036923076923076927
47 0.7864816472694718 0.5638461538461539 0.0008952551477170994 0.0015384615384615385
29 0.7985675917636527 0.5969230769230769 0.04028648164726947 0.08923076923076922