25 0.08914940021810251 0.17514792899408285 0.05152671755725191 0.07751479289940828
25 0.306979280261723 0.5029585798816568 0.05316248636859324 0.07100591715976332
42 0.08996728462377317 0.2514792899408284 0.04607415485278081 0.06272189349112427
42 0.16848418756815703 0.44023668639053254 0.04798255179934569 0.06153846153846154
42 0.3088876772082879 0.39349112426035504 0.04252998909487459 0.06390532544378698
42 0.5029989094874591 0.14201183431952663 0.04607415485278081 0.06272189349112427
42 0.17966194111232278 0.2911242603550296 0.04525627044711014 0.06153846153846154
42 0.17611777535441658 0.1319526627218935 0.04334787350054525 0.0650887573964497
1 0.08424209378407851 0.3621301775147929 0.06025081788440567 0.052662721893491124
1 0.0940567066521265 0.4414201183431953 0.05425299890948746 0.051479289940828406
1 0.16821155943293348 0.598224852071006 0.05425299890948746 0.04792899408284024
1 0.42202835332606325 0.25680473372781065 0.05425299890948746 0.042011834319526625
1 0.252453653217012 0.25857988165680473 0.05152671755725191 0.04319526627218935
1 0.08696837513631407 0.6514792899408284 0.05670665212649945 0.04674556213017751
46 0.17257360959651036 0.02485207100591716 0.02044711014176663 0.03905325443786982
46 0.13522355507088332 0.39644970414201186 0.021264994547437296 0.04792899408284024
46 0.0861504907306434 0.06094674556213018 0.023991275899672846 0.020710059171597635
46 0.16466739367502725 0.2153846153846154 0.014994547437295528 0.03905325443786982
22 0.2568157033805889 0.1680473372781065 0.025627044711014176 0.02485207100591716
22 0.42093784078516905 0.16627218934911242 0.018538713195201745 0.02603550295857988
22 0.4637404580152672 0.22130177514792898 0.018538713195201745 0.029585798816568046
22 0.13631406761177753 0.33076923076923076 0.02044711014176663 0.028402366863905324
22 0.13631406761177753 0.46568047337278107 0.019629225736095966 0.029585798816568046
22 0.2172846237731734 0.2230769230769231 0.01772082878953108 0.03076923076923077
7 0.4610141766630316 0.15621301775147928 0.025627044711014176 0.06863905325443787
93 0.2990730643402399 0.27633136094674554 0.04443838604143947 0.05680473372781065
42 0.13522355507088332 0.28994082840236685 0.02208287895310796 0.036686390532544376
42 0.2985278080697928 0.16390532544378697 0.023991275899672846 0.033136094674556214
42 0.38058887677208286 0.1650887573964497 0.023991275899672846 0.033136094674556214
42 0.46264994547437294 0.29053254437869824 0.02044711014176663 0.029585798816568046
42 0.13576881134133043 0.514792899408284 0.02317339149400218 0.036686390532544376
7 0.22191930207197383 0.15266272189349112 0.025627044711014176 0.07633136094674556
42 0.2172846237731734 0.28994082840236685 0.021264994547437296 0.042011834319526625
38 0.1663031624863686 0.39289940828402364 0.02208287895310796 0.03905325443786982
95 0.04716466739367503 0.2710059171597633 0.04252998909487459 0.023076923076923078
95 0.17966194111232278 0.04497041420118343 0.05070883315158124 0.018343195266272188
42 0.25463467829880043 0.5857988165680473 0.06025081788440567 0.07100591715976332
42 0.04743729552889858 0.5763313609467455 0.059432933478735 0.07100591715976332