25 0.4434389140271493 0.34762633996937214 0.06561085972850679 0.09188361408882083
42 0.3427601809954751 0.3445635528330781 0.058823529411764705 0.07350689127105667
42 0.11142533936651584 0.02450229709035222 0.057692307692307696 0.04900459418070444
1 0.2171945701357466 0.14931087289433384 0.038461538461538464 0.09341500765696784
22 0.1340497737556561 0.15084226646248086 0.023755656108597284 0.03215926493108729
22 0.18438914027149322 0.0773353751914242 0.027149321266968326 0.03215926493108729
7 0.1244343891402715 0.08192955589586524 0.06334841628959276 0.0444104134762634
93 0.23529411764705882 0.3614088820826952 0.05203619909502263 0.07656967840735068
42 0.13178733031674209 0.36217457886676874 0.030542986425339366 0.04134762633996937
42 0.1329185520361991 0.22052067381316998 0.030542986425339366 0.04134762633996937
42 0.24830316742081449 0.07886676875957122 0.027149321266968326 0.03522205206738132
79 0.6623303167420814 0.019908116385911178 0.032805429864253395 0.039816232771822356
79 0.833710407239819 0.015313935681470138 0.033936651583710405 0.030627871362940276
79 0.9926470588235294 0.015313935681470138 0.014705882352941176 0.030627871362940276
42 0.7149321266968326 0.3683001531393568 0.03733031674208145 0.05359877488514548
42 0.8817873303167421 0.3683001531393568 0.04072398190045249 0.05359877488514548
7 0.7386877828054299 0.39586523736600304 0.049773755656108594 0.007656967840735069
42 0.3404977375565611 0.8705972434915773 0.057692307692307696 0.07963246554364471
42 0.3421945701357466 0.5206738131699847 0.05656108597285068 0.08575803981623277
42 0.4457013574660634 0.43568147013782543 0.02828054298642534 0.036753445635528334
42 0.4451357466063348 0.7886676875957122 0.03167420814479638 0.033690658499234305
1 0.40328054298642535 0.5076569678407351 0.04751131221719457 0.10107197549770292
1 0.40214932126696834 0.8545176110260337 0.042986425339366516 0.10260336906584992
7 0.3093891402714932 0.776416539050536 0.06787330316742081 0.05053598774885146
7 0.3082579185520362 0.43032159264931086 0.06334841628959276 0.04900459418070444
42 0.3156108597285068 0.6707503828483921 0.03167420814479638 0.04134762633996937
22 0.3580316742081448 0.4333843797856049 0.024886877828054297 0.030627871362940276
22 0.3591628959276018 0.7840735068912711 0.027149321266968326 0.03215926493108729
22 0.3156108597285068 0.6110260336906586 0.024886877828054297 0.03828483920367534
22 0.3161764705882353 0.7266462480857581 0.026018099547511313 0.033690658499234305
42 0.7658371040723982 0.9349157733537519 0.057692307692307696 0.07963246554364471
42 0.7675339366515838 0.5849923430321593 0.05656108597285068 0.08575803981623277
42 0.8710407239819005 0.5 0.02828054298642534 0.036753445635528334
42 0.870475113122172 0.8529862174578867 0.03167420814479638 0.033690658499234305
1 0.8286199095022625 0.5719754977029097 0.04751131221719457 0.10107197549770292
1 0.8274886877828054 0.9188361408882083 0.042986425339366516 0.10260336906584992
7 0.7347285067873304 0.8407350689127105 0.06787330316742081 0.05053598774885146
7 0.7335972850678733 0.4946401225114854 0.06334841628959276 0.04900459418070444
42 0.7409502262443439 0.7350689127105666 0.03167420814479638 0.04134762633996937
22 0.7833710407239819 0.49770290964777947 0.024886877828054297 0.030627871362940276
22 0.7415158371040724 0.44180704441041346 0.024886877828054297 0.039816232771822356
22 0.7845022624434389 0.8483920367534457 0.027149321266968326 0.03215926493108729
22 0.7409502262443439 0.6753445635528331 0.024886877828054297 0.03828483920367534
22 0.7415158371040724 0.7909647779479326 0.026018099547511313 0.033690658499234305
38 0.996606334841629 0.8996937212863706 0.006787330316742082 0.026033690658499236