25 0.08392857142857142 0.014215080346106305 0.05178571428571429 0.02843016069221261
25 0.30357142857142855 0.30593325092707047 0.05357142857142857 0.04573547589616811
42 0.08526785714285715 0.06613102595797281 0.04642857142857143 0.0630407911001236
42 0.16428571428571428 0.2558714462299135 0.048214285714285716 0.06180469715698393
42 0.3053571428571429 0.2088998763906057 0.04285714285714286 0.06427688504326329
42 0.17544642857142856 0.10630407911001236 0.045535714285714284 0.06180469715698393
1 0.07946428571428571 0.1773794808405439 0.060714285714285714 0.05315203955500618
1 0.08928571428571429 0.25710754017305315 0.054464285714285715 0.0519159456118665
1 0.4191964285714286 0.07169344870210136 0.054464285714285715 0.042027194066749075
1 0.2486607142857143 0.07354758961681088 0.05178571428571429 0.04326328800988875
46 0.13080357142857144 0.21199011124845488 0.02142857142857143 0.048207663782447466
46 0.16026785714285716 0.029666254635352288 0.015178571428571428 0.03955500618046971
22 0.4611607142857143 0.03584672435105068 0.01875 0.029666254635352288
22 0.13169642857142858 0.14585908529048208 0.020535714285714286 0.02843016069221261
22 0.13169642857142858 0.28182941903584674 0.019642857142857142 0.029666254635352288
22 0.21339285714285713 0.0377008652657602 0.017857142857142856 0.030902348578491966
93 0.2955357142857143 0.09147095179233622 0.044642857142857144 0.05686032138442522
42 0.13080357142857144 0.10506798516687268 0.022321428571428572 0.037082818294190356
42 0.4602678571428571 0.10568603213844252 0.020535714285714286 0.029666254635352288
42 0.13125 0.3207663782447466 0.023214285714285715 0.016069221260815822
42 0.21339285714285713 0.10506798516687268 0.02142857142857143 0.042027194066749075
38 0.16205357142857144 0.20828182941903584 0.022321428571428572 0.03955500618046971
95 0.04196428571428571 0.08590852904820766 0.04285714285714286 0.023485784919653894
42 0.7285714285714285 0.3084054388133498 0.044642857142857144 0.0407911001236094
42 0.734375 0.1631644004944376 0.027678571428571427 0.038318912237330034
42 0.765625 0.19715698393077874 0.029464285714285714 0.0407911001236094
42 0.8620535714285714 0.19777503090234858 0.029464285714285714 0.04326328800988875
34 0.8258928571428571 0.1823238566131026 0.03214285714285714 0.09270704573547589
46 0.8629464285714286 0.24103831891223734 0.013392857142857142 0.032138442521631644
46 0.9339285714285714 0.26328800988875156 0.02142857142857143 0.021013597033374538
46 0.6611607142857143 0.2892459826946848 0.016964285714285713 0.034610630407911
46 0.5808035714285714 0.26514215080346104 0.022321428571428572 0.023485784919653894
42 0.15357142857142858 0.6013597033374537 0.044642857142857144 0.0630407911001236
42 0.15803571428571428 0.3936959208899876 0.03214285714285714 0.04326328800988875
42 0.18973214285714285 0.42707045735475896 0.03125 0.038318912237330034
42 0.5424107142857143 0.33436341161928307 0.03482142857142857 0.011124845488257108
42 0.15892857142857142 0.9295426452410384 0.030357142857142857 0.0407911001236094
42 0.1888392857142857 0.9641532756489494 0.030357142857142857 0.038318912237330034
42 0.28660714285714284 0.9647713226205191 0.033928571428571426 0.038318912237330034
42 0.2839285714285714 0.42707045735475896 0.03214285714285714 0.04326328800988875
46 0.008035714285714285 0.4919653893695921 0.01607142857142857 0.029666254635352288
46 0.3580357142857143 0.4925834363411619 0.027678571428571427 0.02595797280593325
46 0.45 0.4932014833127318 0.02857142857142857 0.027194066749072928
46 0.5325892857142858 0.4938195302843016 0.025892857142857145 0.019777503090234856
46 0.5330357142857143 0.5784919653893696 0.027678571428571427 0.022249690976514216
46 0.4504464285714286 0.57663782447466 0.030357142857142857 0.02843016069221261
46 0.5544642857142857 0.3689740420271941 0.014285714285714285 0.030902348578491966
46 0.10491071428571429 0.5173053152039555 0.016964285714285713 0.02843016069221261
34 0.25 0.41409147095179233 0.039285714285714285 0.09641532756489493
34 0.25044642857142857 0.9480840543881335 0.03125 0.103831891223733
42 0.9785714285714285 0.757725587144623 0.04285714285714286 0.059332509270704575
42 0.9763392857142857 0.5605686032138443 0.04732142857142857 0.06551297898640297
25 0.7366071428571429 0.4765142150803461 0.060714285714285714 0.08034610630407911
25 0.8705357142857143 0.5611866501854141 0.05357142857142857 0.08281829419035847
49 0.8705357142857143 0.6483312731767614 0.0625 0.08034610630407911
49 0.8571428571428571 0.47095179233621753 0.055357142857142855 0.08405438813349815
3 0.959375 0.6934487021013597 0.04017857142857143 0.03584672435105068
49 0.9852678571428571 0.6656365883807169 0.02142857142857143 0.02595797280593325
96 0.9566964285714286 0.6440049443757726 0.024107142857142858 0.032138442521631644