25 0.06945812807881774 0.5410526315789473 0.05024630541871921 0.05894736842105263
25 0.1394088669950739 0.5410526315789473 0.054187192118226604 0.05894736842105263
42 0.24532019704433497 0.12736842105263158 0.04334975369458128 0.05263157894736842
42 0.13054187192118227 0.013157894736842105 0.052216748768472904 0.02631578947368421
49 0.24630541871921183 0.5431578947368421 0.05123152709359606 0.056842105263157895
46 0.40246305418719214 0.2463157894736842 0.015763546798029555 0.02736842105263158
42 0.8403940886699507 0.4921052631578947 0.05517241379310345 0.05894736842105263
1 0.7482758620689656 0.42157894736842105 0.04334975369458128 0.07473684210526316
1 0.8527093596059113 0.14947368421052631 0.04039408866995074 0.07368421052631578
1 0.9433497536945813 0.13421052631578947 0.04039408866995074 0.07684210526315789
25 0.7847290640394089 0.01368421052631579 0.060098522167487685 0.02736842105263158
1 0.7093596059113301 0.13473684210526315 0.0374384236453202 0.06421052631578947
1 0.6738916256157635 0.42105263157894735 0.03940886699507389 0.06315789473684211
17 0.5502463054187192 0.2910526315789474 0.020689655172413793 0.04631578947368421
42 0.5684729064039409 0.33473684210526317 0.02561576354679803 0.02631578947368421
1 0.9620689655172414 0.4421052631578947 0.04630541871921182 0.06947368421052631
1 0.7980295566502463 0.07789473684210527 0.06798029556650247 0.045263157894736845
42 0.5231527093596059 0.28421052631578947 0.026600985221674877 0.029473684210526315
95 0.9886699507389163 0.18736842105263157 0.022660098522167486 0.021052631578947368
42 0.8275862068965517 0.5994736842105263 0.06305418719211822 0.07473684210526316
42 0.8911330049261084 0.07105263157894737 0.061083743842364535 0.07052631578947369
86 0.629064039408867 0.41947368421052633 0.026600985221674877 0.03684210526315789
86 0.9748768472906404 0.41 0.02561576354679803 0.034736842105263156
30 0.9241379310344827 0.17421052631578948 0.027586206896551724 0.029473684210526315
30 0.8103448275862069 0.15473684210526314 0.027586206896551724 0.03368421052631579
30 0.8226600985221675 0.08894736842105264 0.027586206896551724 0.02631578947368421
39 0.5211822660098522 0.2578947368421053 0.026600985221674877 0.023157894736842106
39 0.7044334975369458 0.42 0.029556650246305417 0.035789473684210524
25 0.2738916256157635 0.8136842105263158 0.05714285714285714 0.06315789473684211
42 0.22364532019704433 0.9747368421052631 0.04926108374384237 0.05052631578947368
42 0.18620689655172415 0.8115789473684211 0.05123152709359606 0.05052631578947368
42 0.10443349753694581 0.9647368421052631 0.04926108374384237 0.05368421052631579
1 0.3502463054187192 0.9731578947368421 0.03842364532019704 0.05368421052631579
1 0.07684729064039408 0.6773684210526316 0.033497536945812804 0.06421052631578947
1 0.07832512315270936 0.878421052631579 0.034482758620689655 0.061052631578947365
46 0.04334975369458128 0.9826315789473684 0.03152709359605911 0.017894736842105262
22 0.007389162561576354 0.8726315789473684 0.014778325123152709 0.029473684210526315
22 0.006896551724137931 0.6778947368421052 0.013793103448275862 0.023157894736842106
22 0.04975369458128079 0.92 0.024630541871921183 0.022105263157894735
93 0.09261083743842365 0.8231578947368421 0.04532019704433497 0.05263157894736842
42 0.007881773399014778 0.8231578947368421 0.015763546798029555 0.029473684210526315
42 0.008374384236453201 0.7257894736842105 0.016748768472906402 0.028421052631578948
7 0.011822660098522168 0.9142105263157895 0.023645320197044337 0.030526315789473683
42 0.10344827586206896 0.92 0.033497536945812804 0.02526315789473684
38 0.18571428571428572 0.9805263157894737 0.03152709359605911 0.02736842105263158
42 0.34039408866995075 0.8757894736842106 0.05714285714285714 0.07263157894736842
42 0.7251231527093596 0.6821052631578948 0.033497536945812804 0.034736842105263156
42 0.8630541871921182 0.6836842105263158 0.042364532019704436 0.03894736842105263
42 0.9926108374384236 0.6842105263157895 0.014778325123152709 0.037894736842105266
42 0.5807881773399015 0.6836842105263158 0.03251231527093596 0.037894736842105266
42 0.6285714285714286 0.7789473684210526 0.035467980295566505 0.04105263157894737
42 0.7655172413793103 0.7794736842105263 0.035467980295566505 0.04
42 0.905911330049261 0.7789473684210526 0.03645320197044335 0.035789473684210524
29 0.6768472906403941 0.7789473684210526 0.042364532019704436 0.03368421052631579
29 0.8177339901477833 0.7789473684210526 0.05123152709359606 0.02736842105263158
29 0.9571428571428572 0.7768421052631579 0.04827586206896552 0.031578947368421054
7 0.7423645320197044 0.7121052631578947 0.04729064039408867 0.028421052631578948
7 0.8807881773399014 0.7121052631578947 0.05024630541871921 0.024210526315789474
7 0.5955665024630542 0.7147368421052631 0.053201970443349754 0.023157894736842106
2 0.9625615763546798 0.9842105263157894 0.023645320197044337 0.031578947368421054
2 0.8275862068965517 0.991578947368421 0.027586206896551724 0.016842105263157894