46 0.7290127388535032 0.12858947368421053 0.033837579617834394 0.023031578947368417
65 0.07603503184713375 0.2248526315789474 0.09920382165605096 0.057431578947368424
25 0.09039808917197453 0.37307368421052634 0.08901273885350316 0.054157894736842155
25 0.09085987261146497 0.4476842105263158 0.08993630573248405 0.058105263157894785
42 0.71671974522293 0.5611052631578947 0.07880573248407645 0.04592631578947374
42 0.9095859872611466 0.43909473684210526 0.08066878980891733 0.05565263157894737
49 0.0876592356687898 0.5622842105263157 0.08460191082802547 0.054610526315789526
46 0.8977707006369426 0.8165684210526316 0.05089171974522299 0.023821052631579062
46 0.898312101910828 0.8935578947368421 0.04547770700636934 0.023157894736842106
42 0.4911146496815287 0.8326842105263157 0.06281847133757969 0.03887368421052638
46 0.5357961783439491 0.9211263157894737 0.04493630573248412 0.018157894736842106
42 0.9446019108280256 0.8552631578947368 0.07635350318471344 0.038926315789473705
46 0.5369426751592357 0.7286947368421053 0.04121019108280254 0.017126315789473667