65 0.4027086788280818 0.12292051756007394 0.03841901603095633 0.03650646950092421
25 0.30403537866224434 0.12846580406654343 0.03565505804311774 0.032809611829944546
25 0.2542841348811498 0.12846580406654343 0.03841901603095633 0.032809611829944546
42 0.1791044776119403 0.35951940850277264 0.03067993366500829 0.029574861367837338
42 0.2603648424543947 0.43068391866913125 0.037037037037037035 0.030036968576709795
49 0.17855168601437257 0.12707948243992606 0.03648424543946932 0.03188539741219963
46 0.009397457158651189 0.4265249537892791 0.016030956329463792 0.018946395563770795
42 0.00552791597567717 0.27587800369685767 0.01105583195135434 0.02310536044362292
46 0.06744057490326147 0.2929759704251386 0.011332227750138198 0.015249537892791128
64 0.47622996130458817 0.2268946395563771 0.03067993366500829 0.02541589648798521
47 0.5544499723604202 0.266173752310536 0.012161415146489774 0.01432532347504621
39 0.47236042012161417 0.20933456561922367 0.026257600884466555 0.006007393715341959
39 0.47236042012161417 0.24491682070240295 0.022664455500276397 0.006007393715341959
42 0.5295743504698729 0.31053604436229204 0.03676064123825318 0.02033271719038817
22 0.0041459369817578775 0.5804066543438078 0.008291873963515755 0.027726432532347505
29 0.01990049751243781 0.6631238447319778 0.03980099502487562 0.06192236598890943
56 0.12603648424543948 0.7065619223659889 0.017689331122166942 0.04713493530499076
42 0.10420121614151465 0.6645101663585952 0.04477611940298507 0.07578558225508318
42 0.05666113875069099 0.7504621072088724 0.04367053620784964 0.07301293900184842
22 0.0024875621890547263 0.7426062846580407 0.004975124378109453 0.030499075785582256
42 0.003869541182974019 0.800369685767098 0.007739082365948038 0.04066543438077634