46 0.41568742655699176 0.044897959183673466 0.019095182138660398 0.00816326530612245
65 0.043478260869565216 0.0783673469387755 0.0564042303172738 0.02040816326530612
25 0.05170387779083431 0.13020408163265307 0.05082256169212691 0.018775510204081632
25 0.05170387779083431 0.15632653061224488 0.05082256169212691 0.02040816326530612
42 0.4083431257344301 0.19591836734693877 0.04524089306698002 0.0163265306122449
42 0.518213866039953 0.15346938775510205 0.046415981198589897 0.019591836734693877
49 0.0499412455934195 0.1963265306122449 0.04905992949471211 0.019183673469387756
46 0.5117508813160987 0.28530612244897957 0.029083431257344302 0.008571428571428572
46 0.5117508813160987 0.3122448979591837 0.02526439482961222 0.00816326530612245
42 0.2799647473560517 0.2910204081632653 0.03525264394829612 0.013469387755102041
46 0.30552291421856637 0.3216326530612245 0.026439482961222092 0.006530612244897959
42 0.5381903642773208 0.2987755102040816 0.043478260869565216 0.013469387755102041
46 0.30581668625146885 0.2546938775510204 0.023501762632197415 0.005714285714285714
40 0.04171562867215041 0.41061224489795917 0.011163337250293772 0.03510204081632653
52 0.04200940070505288 0.5620408163265306 0.013807285546415981 0.05183673469387755
83 0.3307873090481786 0.4114285714285714 0.038190364277320796 0.09591836734693877
86 0.3310810810810811 0.5502040816326531 0.043478260869565216 0.10285714285714286