25 0.45149253731343286 0.024736842105263158 0.054371002132196165 0.049473684210526316
25 0.3757995735607676 0.024736842105263158 0.05863539445628998 0.049473684210526316
42 0.26119402985074625 0.4336842105263158 0.046908315565031986 0.05263157894736842
42 0.3843283582089552 0.5568421052631579 0.05650319829424307 0.04631578947368421
49 0.2601279317697228 0.023157894736842106 0.05543710021321962 0.04631578947368421
46 0.007462686567164179 0.5536842105263158 0.014925373134328358 0.03368421052631579
42 0.0026652452025586353 0.2847368421052632 0.005330490405117271 0.04105263157894737
46 0.09115138592750532 0.31473684210526315 0.017057569296375266 0.02736842105263158
42 0.5874200426439232 0.11421052631578947 0.014925373134328358 0.05789473684210526
42 0.6002132196162047 0.2694736842105263 0.04051172707889126 0.061052631578947365
42 0.7356076759061834 0.1726315789473684 0.060767590618336885 0.05263157894736842
3 0.6146055437100213 0.2 0.039445628997867806 0.04
96 0.6513859275053305 0.2005263157894737 0.03837953091684435 0.02
49 0.6551172707889126 0.28421052631578947 0.06716417910447761 0.06736842105263158
25 0.7313432835820896 0.28421052631578947 0.06396588486140725 0.06526315789473684
39 0.7388059701492538 0.06473684210526316 0.017057569296375266 0.024210526315789474
42 0.6183368869936035 0.06473684210526316 0.026652452025586353 0.02631578947368421
48 0.6375266524520256 0.16894736842105262 0.029850746268656716 0.02526315789473684
42 0.35554371002132196 0.6705263157894736 0.03837953091684435 0.04105263157894737
42 0.5143923240938166 0.67 0.03837953091684435 0.04
42 0.40618336886993606 0.7705263157894737 0.03624733475479744 0.03894736842105263
42 0.24680170575692964 0.7710526315789473 0.04051172707889126 0.04
42 0.08742004264392324 0.7710526315789473 0.03731343283582089 0.031578947368421054
42 0.5618336886993603 0.7710526315789473 0.03624733475479744 0.0431578947368421
42 0.19509594882729211 0.6736842105263158 0.035181236673773986 0.037894736842105266
29 0.3011727078891258 0.6705263157894736 0.04797441364605544 0.03368421052631579
29 0.13912579957356078 0.6731578947368421 0.050106609808102345 0.03263157894736842
29 0.4573560767590618 0.6721052631578948 0.046908315565031986 0.034736842105263156
7 0.38272921108742003 0.7426315789473684 0.04371002132196162 0.030526315789473683
7 0.22494669509594883 0.7421052631578947 0.04904051172707889 0.02736842105263158
7 0.06769722814498934 0.7421052631578947 0.04584221748400853 0.02736842105263158
7 0.5399786780383795 0.74 0.05543710021321962 0.029473684210526315
42 0.9136460554371002 0.8389473684210527 0.05970149253731343 0.06315789473684211
42 0.7926439232409381 0.8842105263157894 0.05650319829424307 0.06315789473684211
46 0.8448827292110874 0.6968421052631579 0.03624733475479744 0.04421052631578947
46 0.7276119402985075 0.6968421052631579 0.02771855010660981 0.04421052631578947
46 0.7292110874200426 0.838421052631579 0.0255863539445629 0.04631578947368421
46 0.7260127931769723 0.9326315789473684 0.031982942430703626 0.042105263157894736
47 0.8427505330490405 0.78 0.024520255863539446 0.05052631578947368
42 0.6812366737739872 0.7494736842105263 0.03837953091684435 0.02631578947368421
42 0.6375266524520256 0.71 0.035181236673773986 0.04
42 0.6391257995735607 0.7926315789473685 0.03411513859275053 0.035789473684210524
22 0.7292110874200426 0.7984210526315789 0.028784648187633263 0.024210526315789474
22 0.7308102345415778 0.8773684210526316 0.024520255863539446 0.02736842105263158
39 0.7723880597014925 0.8389473684210527 0.028784648187633263 0.029473684210526315
1 0.6988272921108742 0.8952631578947369 0.07462686567164178 0.045263157894736845
1 0.7985074626865671 0.7394736842105263 0.07782515991471216 0.04421052631578947
56 0.9365671641791045 0.868421052631579 0.039445628997867806 0.045263157894736845