42 0.38373305526590196 0.3294736842105263 0.05213764337851929 0.04
42 0.5099061522419187 0.21052631578947367 0.053180396246089674 0.05578947368421053
42 0.700208550573514 0.023157894736842106 0.061522419186652764 0.04631578947368421
42 0.5662148070907195 0.03736842105263158 0.01251303441084463 0.06210526315789474
42 0.82429614181439 0.11947368421052632 0.05735140771637122 0.05052631578947368
42 0.9019812304483837 0.23894736842105263 0.03753910323253389 0.03368421052631579
22 0.9603753910323254 0.08947368421052632 0.027111574556830033 0.02526315789473684
22 0.9009384775808134 0.14157894736842105 0.028154327424400417 0.028421052631578948
1 0.6334723670490093 0.09210526315789473 0.06882168925964546 0.045263157894736845
93 0.9739311783107404 0.2 0.05213764337851929 0.04842105263157895
1 0.8394160583941606 0.18736842105263157 0.07716371220020855 0.04736842105263158
7 0.9040667361835245 0.08368421052631579 0.04171011470281543 0.06
3 0.6256517205422315 0.005789473684210527 0.045881126173096975 0.011578947368421053
17 0.6830031282586028 0.08052631578947368 0.027111574556830033 0.04842105263157895
25 0.40145985401459855 0.9094736842105263 0.056308654848800835 0.056842105263157895
25 0.4635036496350365 0.9078947368421053 0.05526590198123045 0.05789473684210526
42 0.2586027111574557 0.47736842105263155 0.040667361835245046 0.03684210526315789
42 0.2977059436913452 0.5057894736842106 0.03753910323253389 0.04
42 0.4181438998957247 0.5047368421052632 0.03753910323253389 0.03894736842105263
46 0.06465067778936393 0.5668421052631579 0.03753910323253389 0.021052631578947368
46 0.17205422314911367 0.5873684210526315 0.023983315954118872 0.028421052631578948
42 0.2570385818561001 0.6168421052631579 0.05943691345151199 0.04842105263157895
46 0.4181438998957247 0.5431578947368421 0.018769551616266946 0.02736842105263158
46 0.5062565172054223 0.5668421052631579 0.03441084462982273 0.022105263157894735
34 0.3748696558915537 0.49315789473684213 0.0364963503649635 0.08315789473684211
65 0.24817518248175183 0.9057894736842105 0.06569343065693431 0.06210526315789474
49 0.5245046923879041 0.9089473684210526 0.047966631908237745 0.06210526315789474