65 0.018829663962920046 0.5078602620087336 0.03186558516801854 0.023580786026200874
25 0.10052143684820394 0.505240174672489 0.02954808806488992 0.028820960698689956
25 0.14165701042873696 0.505240174672489 0.03186558516801854 0.028820960698689956
42 0.20393974507531865 0.1720524017467249 0.02549246813441483 0.043668122270742356
42 0.13673232908458866 0.06637554585152838 0.03070683661645423 0.0445414847161572
49 0.20451911935110081 0.5065502183406113 0.030127462340672075 0.026200873362445413
46 0.34385863267670913 0.07248908296943231 0.01216685979142526 0.02794759825327511
42 0.34617612977983775 0.29563318777292574 0.007531865585168019 0.03406113537117904
46 0.2963499420625724 0.27074235807860264 0.009269988412514484 0.022707423580786028
69 0.5718424101969872 0.21397379912663755 0.08632676709154113 0.13100436681222707
58 0.7036500579374276 0.2165938864628821 0.09269988412514485 0.14585152838427948
54 0.8369061413673233 0.2187772925764192 0.08922363847045191 0.13537117903930132
57 0.9594438006952491 0.21572052401746725 0.08111239860950174 0.13275109170305677
42 0.3369061413673233 0.7471615720524017 0.0220162224797219 0.0314410480349345
46 0.22827346465816917 0.75764192139738 0.016801853997682505 0.034934497816593885
46 0.28968713789107764 0.7528384279475983 0.017960602549246814 0.03842794759825328
42 0.33777520278099654 0.6794759825327511 0.016801853997682505 0.0314410480349345
29 0.2786790266512167 0.640174672489083 0.034183082271147164 0.03406113537117904
47 0.22711471610660486 0.6886462882096069 0.016222479721900347 0.03406113537117904
22 0.28939745075318657 0.6755458515283843 0.019119351100811123 0.026200873362445413
22 0.28823870220162223 0.6061135371179039 0.015063731170336037 0.01834061135371179
46 0.2891077636152955 0.5633187772925764 0.016801853997682505 0.03406113537117904
42 0.31488991888760137 0.7117903930131004 0.019698725376593278 0.025327510917030567
42 0.25463499420625724 0.6013100436681222 0.02954808806488992 0.05589519650655022
56 0.17641946697566627 0.6157205240174672 0.016222479721900347 0.03580786026200873
42 0.18945538818076477 0.6410480349344978 0.02954808806488992 0.05152838427947598
42 0.1474507531865585 0.9135371179039301 0.027809965237543453 0.043668122270742356
42 0.14860950173812282 0.8650655021834062 0.031286210892236384 0.0462882096069869
42 0.05504055619930475 0.9170305676855895 0.030127462340672075 0.0462882096069869
42 0.11587485515643106 0.8231441048034934 0.019698725376593278 0.02445414847161572
1 0.2517381228273465 0.7179039301310044 0.039397450753186555 0.03842794759825328
1 0.30851680185399766 0.5943231441048035 0.03592120509849363 0.03406113537117904
42 0.04287369640787949 0.5366812227074236 0.03592120509849363 0.03406113537117904
42 0.10023174971031286 0.6152838427947598 0.02085747392815759 0.03056768558951965
42 0.1294901506373117 0.5724890829694324 0.028389339513325607 0.043668122270742356
42 0.130648899188876 0.5327510917030568 0.028389339513325607 0.026200873362445413
3 0.11703360370799537 0.9336244541484716 0.016801853997682505 0.039301310043668124
49 0.10428736964078796 0.9082969432314411 0.01216685979142526 0.02096069868995633
49 0.08719582850521437 0.5301310043668123 0.014484356894553883 0.02096069868995633
96 0.09414831981460023 0.9362445414847161 0.015063731170336037 0.022707423580786028
49 0.5104287369640788 0.6187772925764192 0.08574739281575898 0.12838427947598252
66 0.6425260718424102 0.6183406113537118 0.09096176129779837 0.13624454148471615
77 0.7746234067207416 0.619650655021834 0.09038238702201622 0.13187772925764193