46 0.3496128648004765 0.05917986952469711 0.016081000595592615 0.010717614165890028
65 0.036628945801072066 0.10344827586206896 0.047349612864800474 0.026561043802423114
25 0.043478260869565216 0.17148182665424044 0.04288266825491364 0.024697110904007457
25 0.043478260869565216 0.2059645852749301 0.04288266825491364 0.026561043802423114
42 0.3436569386539607 0.2576887232059646 0.038117927337701016 0.021435228331780055
42 0.43597379392495533 0.20177073625349487 0.03901131625967838 0.025629077353215284
49 0.04198927933293627 0.2581547064305685 0.0410958904109589 0.02516309412861137
46 0.4306134603930911 0.375116495806151 0.024419297200714712 0.011183597390493943
46 0.4306134603930911 0.4105312208760485 0.02144133412745682 0.010717614165890028
42 0.23555687909469922 0.3825722273998136 0.029779630732578916 0.017707362534948742
46 0.25699821322215605 0.42311276794035413 0.022036926742108397 0.008853681267474371
42 0.4526503871351995 0.39282385834109973 0.036628945801072066 0.017707362534948742
46 0.25729600952948184 0.33504193849021435 0.019952352590827872 0.007921714818266543
25 0.5 0.30335507921714816 0.0410958904109589 0.04193849021435228
65 0.4371649791542585 0.46691519105312207 0.02858844550327576 0.014911463187325256
73 0.4514592019058964 0.5144454799627214 0.04854079809410363 0.04100652376514446
42 0.24091721262656343 0.46877912395153776 0.016081000595592615 0.01863932898415657
29 0.24210839785586658 0.5088536812674743 0.01429422275163788 0.03960857409133271
79 0.38892197736748063 0.516775396085741 0.0136986301369863 0.02190121155638397
22 0.40589636688505065 0.516775396085741 0.008933889219773675 0.02190121155638397
2 0.15574746873138773 0.516775396085741 0.014592019058963668 0.023765144454799627
79 0.10035735556879094 0.5153774464119292 0.015187611673615247 0.018173345759552657
42 0.12447885646217986 0.4706430568499534 0.01429422275163788 0.022367194780987885
46 0.12537224538415723 0.4972041006523765 0.008636092912447886 0.02190121155638397
11 0.8272781417510423 0.527027027027027 0.05122096486003574 0.0754892823858341
61 0.8287671232876712 0.6845293569431501 0.051816557474687316 0.07921714818266543
75 0.8287671232876712 0.8457595526561044 0.049434187016081 0.08480894687791239
99 0.827575938058368 0.9827586206896551 0.048243001786777845 0.034482758620689655