65 0.04007633587786259 0.3038912909203212 0.04198473282442748 0.0253242742433601
25 0.14776444929116686 0.30018529956763434 0.03898582333696837 0.02285361334156887
25 0.20201744820065431 0.30018529956763434 0.04198473282442748 0.02285361334156887
42 0.28435114503816794 0.13897467572575664 0.03353326063249727 0.02038295243977764
42 0.195474372955289 0.08956145768993205 0.0406215921483097 0.021000617665225447
49 0.28489640130861504 0.30111179740580607 0.03980370774263904 0.022235948116121063
46 0.46946564885496184 0.09234095120444719 0.017448200654307525 0.013279802347127856
42 0.4732824427480916 0.19703520691785054 0.013086150490730643 0.01605929586164299
46 0.40621592148309704 0.1852995676343422 0.012268266085059978 0.010809141445336628
21 0.05616139585605234 0.8554663372452131 0.11232279171210469 0.1791229153798641
34 0.3555070883315158 0.8585546633724521 0.24863685932388221 0.16676961087090797
41 0.4904580152671756 0.6059295861642989 0.021264994547437296 0.055589870290302656
32 0.542257360959651 0.6068560840024707 0.04689203925845147 0.055589870290302656
27 0.6022355507088332 0.6046942557134033 0.04689203925845147 0.053736874613959235
63 0.6654852780806979 0.6053119209388511 0.05179934569247546 0.05250154416306362
50 0.7270992366412213 0.6074737492279184 0.04798255179934569 0.05250154416306362
59 0.7898037077426391 0.6053119209388511 0.04798255179934569 0.056207535515750466
51 0.8516902944383861 0.6043854231006794 0.04416575790621592 0.054354539839407044
60 0.9138495092693566 0.6053119209388511 0.04907306434023991 0.05003088326127239