42 0.2646363098758131 0.15935762816553428 0.01655824955647546 0.035206917850525016
42 0.19692489651094028 0.15688696726374304 0.01655824955647546 0.03613341568869673
42 0.1280307510348906 0.1596664607782582 0.02040212891780012 0.03613341568869673
79 0.23920756948551153 0.4576899320568252 0.013305736250739207 0.03705991352686844
79 0.16883500887049083 0.46108709079678817 0.013897102306327618 0.03242742433600988
79 0.10141927853341218 0.458307597282273 0.011235955056179775 0.028103767757875233
29 0.1732702542874039 0.1599752933909821 0.01862803075103489 0.02964793082149475
29 0.10467179183914843 0.15935762816553428 0.017740981667652277 0.02964793082149475
29 0.24186871673565938 0.15843113032736256 0.017740981667652277 0.03057442865966646
42 0.29006505026611473 0.2445954292773317 0.015671200473092846 0.02872143298332304
42 0.2179183914843288 0.2458307597282273 0.01537551744529864 0.03150092649783817
42 0.14961561206386753 0.2458307597282273 0.01655824955647546 0.03150092649783817
7 0.2823772915434654 0.21710932674490427 0.021289178001182733 0.02625077208153181
7 0.20786516853932585 0.2205064854848672 0.02040212891780012 0.022544780728844967
7 0.13985807214665877 0.21957998764669548 0.022767593140153756 0.022544780728844967
22 0.41898285038438793 0.15688696726374304 0.018332347723240685 0.01852995676343422
25 0.4485511531638084 0.3452748610253243 0.06150206978119456 0.043854231006794316
93 0.5387344766410408 0.42649783817171094 0.04730928444707274 0.03551575046324892
42 0.4467770549970432 0.42927733168622606 0.05558840922531047 0.04910438542310068
21 0.37463039621525723 0.6460778258184064 0.0703725606150207 0.1791229153798641
34 0.10526315789473684 0.6429894996911674 0.21052631578947367 0.16676961087090797