42 0.3343195266272189 0.12479806138933765 0.021301775147928994 0.03150242326332795
42 0.24763313609467455 0.12277867528271405 0.021301775147928994 0.03231017770597738
42 0.15976331360946747 0.12520193861066237 0.02603550295857988 0.03231017770597738
79 0.30177514792899407 0.3921647819063005 0.017159763313609466 0.033117932148626815
79 0.2121301775147929 0.3949919224555735 0.01775147928994083 0.029079159935379646
79 0.12603550295857988 0.3925686591276252 0.014201183431952662 0.025040387722132473
29 0.21775147928994082 0.12560581583198707 0.023668639053254437 0.02665589660743134
29 0.1301775147928994 0.12479806138933765 0.022485207100591716 0.02665589660743134
29 0.30532544378698223 0.12399030694668821 0.022485207100591716 0.027463651050080775
42 0.3668639053254438 0.20113085621970922 0.020118343195266272 0.025848142164781908
42 0.27455621301775146 0.20234248788368336 0.01952662721893491 0.02827140549273021
42 0.18727810650887575 0.20234248788368336 0.021301775147928994 0.02827140549273021
7 0.35680473372781063 0.17649434571890146 0.027218934911242602 0.023424878836833602
7 0.2618343195266272 0.1797253634894992 0.02603550295857988 0.020193861066235864
7 0.17485207100591715 0.17891760904684975 0.028994082840236687 0.020193861066235864
63 0.9523668639053254 0.2592891760904685 0.05621301775147929 0.06865912762520193
50 0.8855029585798817 0.25646203554119545 0.05207100591715976 0.06865912762520193
59 0.8174556213017752 0.2592891760904685 0.05207100591715976 0.07350565428109855
51 0.7502958579881657 0.2605008077544427 0.04792899408284024 0.07108239095315025
60 0.6828402366863905 0.2592891760904685 0.05325443786982249 0.0654281098546042
49 0.14615384615384616 0.789983844911147 0.06035502958579882 0.0791599353796446
25 0.12544378698224853 0.6712439418416801 0.05680473372781065 0.06785137318255251
42 0.042011834319526625 0.6752827140549273 0.0485207100591716 0.06623586429725363
42 0.034911242603550295 0.9054927302100162 0.029585798816568046 0.035541195476575124
42 0.010059171597633136 0.9095315024232633 0.020118343195266272 0.03715670436187399
42 0.0727810650887574 0.8384491114701131 0.0485207100591716 0.06946688206785137
56 0.10946745562130178 0.5831987075928917 0.020118343195266272 0.03715670436187399
42 0.08757396449704143 0.5480613893376414 0.046153846153846156 0.06381260096930533
86 0.23964497041420119 0.5226171243941842 0.020118343195266272 0.030694668820678513
93 0.207396449704142 0.5387722132471728 0.04082840236686391 0.05896607431340872
3 0.021005917159763313 0.7911954765751211 0.023076923076923078 0.04765751211631664
48 0.042899408284023666 0.7552504038772213 0.021893491124260357 0.033117932148626815
96 0.05621301775147929 0.7907915993537964 0.01893491124260355 0.024232633279483037