42 0.06542056074766354 0.29596100278551535 0.02570093457943925 0.04874651810584958
42 0.18029595015576325 0.29596100278551535 0.028037383177570093 0.04874651810584958
7 0.08177570093457943 0.3286908077994429 0.03426791277258567 0.022284122562674095
7 0.19665109034267914 0.3293871866295265 0.0381619937694704 0.020891364902506964
42 0.6312305295950156 0.9387186629526463 0.022585669781931463 0.03899721448467967
42 0.5996884735202492 0.8502785515320335 0.04205607476635514 0.06824512534818941
42 0.5829439252336449 0.7047353760445683 0.042834890965732085 0.06963788300835655
56 0.692367601246106 0.6114206128133705 0.019470404984423675 0.04178272980501393
42 0.7091121495327103 0.653899721448468 0.0397196261682243 0.07381615598885793
42 0.7932242990654206 0.6037604456824512 0.0381619937694704 0.07799442896935933
46 0.7605140186915887 0.8168523676880223 0.019470404984423675 0.055710306406685235
47 0.7589563862928349 0.7137883008356546 0.019470404984423675 0.04874651810584958
1 0.7807632398753894 0.7534818941504178 0.028037383177570093 0.033426183844011144
46 0.8438473520249221 0.8175487465181058 0.022585669781931463 0.05153203342618384
42 0.8753894080996885 0.7486072423398329 0.021806853582554516 0.0403899721448468
29 0.8282710280373832 0.6518105849582173 0.04750778816199377 0.04178272980501393
42 0.9073208722741433 0.8008356545961003 0.018691588785046728 0.05153203342618384
42 0.9057632398753894 0.697075208913649 0.020249221183800622 0.04317548746518106
22 0.8407320872274143 0.7075208913649025 0.019470404984423675 0.03064066852367688
22 0.8426791277258567 0.600974930362117 0.018691588785046728 0.03064066852367688
46 0.8411214953271028 0.536908077994429 0.020249221183800622 0.05153203342618384
1 0.8621495327102804 0.5766016713091922 0.02570093457943925 0.03203342618384401
42 0.632398753894081 0.4832869080779944 0.04361370716510903 0.07103064066852367
42 0.5907320872274143 0.6114206128133705 0.024143302180685357 0.03899721448467967
42 0.5171339563862928 0.5034818941504178 0.04127725856697819 0.06963788300835655
25 0.5159657320872274 0.3746518105849582 0.045950155763239874 0.06963788300835655
49 0.5646417445482866 0.346100278551532 0.045171339563862926 0.012534818941504178
2 0.5926791277258567 0.4477715877437326 0.02102803738317757 0.04735376044568245
96 0.5619158878504673 0.45125348189415043 0.019470404984423675 0.034818941504178275
48 0.5747663551401869 0.48885793871866295 0.021806853582554516 0.034818941504178275