25 0.0670080142475512 0.18174342105263158 0.04007123775601069 0.05674342105263158
25 0.06767586821015138 0.3675986842105263 0.029162956366874444 0.05180921052631579
25 0.06923419412288513 0.5592105263157895 0.030721282279608193 0.047697368421052634
46 0.0670080142475512 0.22615131578947367 0.015360641139804097 0.029605263157894735
46 0.06923419412288513 0.41694078947368424 0.013802315227070348 0.038651315789473686
46 0.06923419412288513 0.609375 0.013802315227070348 0.03536184210526316
42 0.2711487088156723 0.17763157894736842 0.030053428317008014 0.046875
42 0.2691451469278718 0.3675986842105263 0.030721282279608193 0.046875
42 0.2715939447907391 0.5592105263157895 0.030721282279608193 0.05674342105263158
79 0.5256010685663401 0.24835526315789475 0.031611754229741766 0.03782894736842105
79 0.5282724844167409 0.4449013157894737 0.027604630454140695 0.038651315789473686
79 0.526046304541407 0.6332236842105263 0.023820124666073018 0.03125
22 0.5567675868210151 0.25164473684210525 0.012243989314336599 0.028782894736842105
23 0.5552092609082814 0.4457236842105263 0.018477292965271595 0.028782894736842105
23 0.5552092609082814 0.6348684210526315 0.013802315227070348 0.03782894736842105
65 0.6117542297417632 0.14802631578947367 0.05699020480854853 0.08799342105263158
65 0.6126447016918967 0.34539473684210525 0.051424755120213717 0.08717105263157894
65 0.6095280498664292 0.5328947368421053 0.05008904719501336 0.08388157894736842
73 0.6306767586821015 0.25164473684210525 0.09238646482635797 0.06578947368421052
73 0.6329029385574354 0.4407894736842105 0.08993766696349065 0.06332236842105263
73 0.6344612644701692 0.6356907894736842 0.08459483526268922 0.06332236842105263
3 0.09772929652715939 0.44901315789473684 0.027604630454140695 0.03782894736842105
3 0.08615316117542297 0.2582236842105263 0.026046304541406946 0.03125
3 0.11064113980409616 0.6414473684210527 0.027604630454140695 0.03618421052631579
79 0.025378450578806767 0.2565789473684211 0.025378450578806767 0.028782894736842105
79 0.024933214603739984 0.4465460526315789 0.021593944790739093 0.02631578947368421
79 0.026936776491540516 0.6373355263157895 0.02471059661620659 0.02055921052631579
29 0.2718165627782725 0.43256578947368424 0.025378450578806767 0.05180921052631579
29 0.2711487088156723 0.6241776315789473 0.025378450578806767 0.049342105263157895
29 0.27025823686553874 0.24095394736842105 0.026046304541406946 0.049342105263157895
42 0.3437221727515583 0.10608552631578948 0.02471059661620659 0.044407894736842105
42 0.34483526268922526 0.30838815789473684 0.026936776491540516 0.04276315789473684
42 0.34483526268922526 0.49917763157894735 0.026936776491540516 0.046875
7 0.3203472840605521 0.12828947368421054 0.02226179875333927 0.05921052631578947
7 0.32346393588601957 0.3363486842105263 0.01914514692787177 0.05674342105263158
7 0.32257346393588604 0.5263157894736842 0.01914514692787177 0.06332236842105263
25 0.6925645592163847 0.023026315789473683 0.025378450578806767 0.046052631578947366
42 0.7014692787177204 0.2894736842105263 0.019590382902938557 0.0625
22 0.7297417631344613 0.2894736842105263 0.013357079252003561 0.0625
46 0.7192787177203918 0.3774671052631579 0.017364203027604632 0.10526315789473684
86 0.7727070347284061 0.4407894736842105 0.020480854853072127 0.06085526315789474
29 0.769813000890472 0.2450657894736842 0.02983081032947462 0.1611842105263158
42 0.7702582368655387 0.019736842105263157 0.0365093499554764 0.039473684210526314
42 0.8116651825467498 0.11430921052631579 0.035173642030276044 0.1299342105263158
22 0.8078806767586821 0.29523026315789475 0.014692787177203919 0.05592105263157895
46 0.8212377560106857 0.37582236842105265 0.01647373107747106 0.09703947368421052
42 0.8357079252003562 0.2944078947368421 0.019590382902938557 0.06907894736842106
42 0.6609528049866429 0.7960526315789473 0.03784505788067676 0.125
42 0.5799198575244879 0.890625 0.0182546749777382 0.08223684210526316
22 0.5808103294746215 0.9835526315789473 0.014692787177203919 0.03289473684210526
93 0.6048530721282279 0.7516447368421053 0.031611754229741766 0.11513157894736842
1 0.5540961709706145 0.8330592105263158 0.03784505788067676 0.06743421052631579
86 0.5331700801424755 0.712171052631579 0.017364203027604632 0.046052631578947366
86 0.5394033837934105 0.9481907894736842 0.023597506678539625 0.06743421052631579
86 0.6315672306322351 0.7574013157894737 0.02226179875333927 0.07730263157894737
86 0.6698575244879786 0.9251644736842105 0.020035618878005344 0.07730263157894737
42 0.7798308103294747 0.8256578947368421 0.017364203027604632 0.05921052631578947
42 0.8221282279608192 0.7475328947368421 0.01647373107747106 0.05592105263157895
42 0.8223508459483526 0.9810855263157895 0.016918967052537846 0.03782894736842105
65 0.9770703472840605 0.790296052631579 0.02894033837934105 0.09046052631578948
73 0.982413178984862 0.7014802631578947 0.035173642030276044 0.024671052631578948
73 0.981300089047195 0.9194078947368421 0.037399821905609976 0.0756578947368421
3 0.6941228851291185 0.6981907894736842 0.013357079252003561 0.018092105263157895
3 0.7008014247551202 0.9317434210526315 0.015583259127337488 0.054276315789473686
79 0.9289848619768477 0.9259868421052632 0.012911843276936777 0.04111842105263158
79 0.9272039180765805 0.6957236842105263 0.015583259127337488 0.013157894736842105
22 0.9445681211041852 0.6957236842105263 0.009349955476402494 0.013157894736842105
22 0.9454585930543188 0.9235197368421053 0.007123775601068566 0.03618421052631579
29 0.7798308103294747 0.9095394736842105 0.014692787177203919 0.07401315789473684
29 0.7802760463045414 0.696546052631579 0.014692787177203919 0.014802631578947368
7 0.8103294746215495 0.7837171052631579 0.012911843276936777 0.06743421052631579