42 0.0880503144654088 0.18675298804780877 0.02058319039451115 0.03884462151394422
42 0.17181246426529445 0.1892430278884462 0.02058319039451115 0.0398406374501992
42 0.2567181246426529 0.18625498007968128 0.025157232704402517 0.0398406374501992
29 0.2006861063464837 0.1857569721115538 0.022870211549456832 0.03286852589641434
29 0.28530588907947396 0.18675298804780877 0.02172670097198399 0.03286852589641434
29 0.11606632361349342 0.18774900398406374 0.02172670097198399 0.03386454183266932
42 0.05660377358490566 0.09262948207171315 0.019439679817038306 0.03187250996015936
42 0.1457975986277873 0.09113545816733068 0.018867924528301886 0.0348605577689243
42 0.23013150371640936 0.09113545816733068 0.02058319039451115 0.0348605577689243
7 0.06632361349342482 0.12300796812749004 0.026300743281875358 0.02888446215139442
7 0.15809033733562036 0.11902390438247012 0.025157232704402517 0.0249003984063745
7 0.24213836477987422 0.1200199203187251 0.02801600914808462 0.0249003984063745
42 0.807032590051458 0.3207171314741036 0.04345340194396798 0.07669322709163347
42 0.5280160091480847 0.30278884462151395 0.045740423098913664 0.07569721115537849
42 0.5643224699828473 0.23754980079681276 0.04288164665523156 0.07569721115537849
42 0.8604917095483133 0.030876494023904383 0.045740423098913664 0.061752988047808766
42 0.8110348770726129 0.1807768924302789 0.052601486563750716 0.09561752988047809
95 0.543453401943968 0.04033864541832669 0.016009148084619784 0.0796812749003984
39 0.6283590623213264 0.0647410358565737 0.013150371640937679 0.04282868525896414
30 0.599199542595769 0.30229083665338646 0.016580903373356205 0.04780876494023904
30 0.6060606060606061 0.23804780876494025 0.015437392795883362 0.05079681274900399
23 0.8430531732418525 0.3550796812749004 0.017724413950829045 0.008964143426294821
23 0.851915380217267 0.2196215139442231 0.017152658662092625 0.03187250996015936
23 0.8616352201257862 0.10756972111553785 0.02058319039451115 0.030876494023904383
23 0.7692967409948542 0.3565737051792829 0.018867924528301886 0.00597609561752988
23 0.7698684962835907 0.22310756972111553 0.019439679817038306 0.029880478087649404
86 0.1538021726700972 0.46912350597609564 0.02115494568324757 0.03884462151394422
22 0.20211549456832476 0.3799800796812749 0.018867924528301886 0.04083665338645418
93 0.2138364779874214 0.5268924302788844 0.04288164665523156 0.08266932270916334
25 0.5145797598627787 0.4103585657370518 0.04831332189822756 0.05976095617529881
49 0.37993138936535165 0.4103585657370518 0.0465980560320183 0.060756972111553786
95 0.4699828473413379 0.5861553784860558 0.03945111492281304 0.02091633466135458
42 0.379073756432247 0.49203187250996017 0.04888507718696398 0.07071713147410359
42 0.5840480274442539 0.37201195219123506 0.04745568896512293 0.0249003984063745
94 0.4691252144082333 0.5851593625498008 0.04259576901086335 0.02091633466135458
39 0.46255002858776445 0.5413346613545816 0.026586620926243566 0.013944223107569721