25 0.09857466063348416 0.26421052631578945 0.058178733031674215 0.08266917293233084
25 0.09938914027149322 0.5337218045112782 0.043631221719457006 0.07389097744360913
25 0.10180995475113122 0.811296992481203 0.04524886877828054 0.07048872180451128
46 0.09830316742081449 0.32823308270676693 0.022081447963800918 0.044210526315789436
46 0.10180995475113122 0.6053571428571429 0.0193891402714932 0.05603383458646606
46 0.10180995475113122 0.8842669172932331 0.0193891402714932 0.049943609022556484
42 0.39861990950226245 0.25704887218045114 0.04417420814479633 0.06832706766917294
42 0.39592760180995473 0.5332706766917293 0.04524886877828054 0.06763157894736846
42 0.39916289592760185 0.8121992481203008 0.04524886877828054 0.0830263157894736
79 0.7732692307692308 0.3604699248120301 0.04686651583710415 0.0549812030075188
79 0.7770361990950226 0.6460902255639098 0.04148190045248877 0.05695488721804503
79 0.77381221719457 0.9191917293233083 0.03501131221719462 0.04460526315789477
22 0.8187895927601809 0.3649436090225564 0.018314479638009112 0.04244360902255636
23 0.8166289592760181 0.6465413533834586 0.026934389140271433 0.04172932330827076
23 0.8166289592760181 0.9214285714285714 0.02047511312217184 0.054454887218045166
65 0.9001244343891404 0.2149812030075188 0.08403846153846149 0.12740601503759397
65 0.9009389140271493 0.5010526315789474 0.075950226244344 0.12490601503759402
65 0.8966289592760182 0.7732518796992481 0.07380090497737557 0.12150375939849621
73 0.9273303167420814 0.3653947368421052 0.13520361990950225 0.09526315789473686
73 0.9308371040723982 0.6398308270676691 0.13251131221719467 0.09097744360902252
73 0.9335294117647059 0.9223308270676691 0.12497737556561088 0.09204887218045107
3 0.143710407239819 0.651203007518797 0.04024886877828056 0.05343984962406006
3 0.12675339366515836 0.37520676691729327 0.03865384615384614 0.044830827067669214
3 0.16271493212669683 0.930093984962406 0.040248868778280524 0.05204887218045123
79 0.037545248868778275 0.3717669172932331 0.03707013574660634 0.04112781954887217
79 0.036753393665158375 0.648515037593985 0.03168552036199095 0.03859022556390972
79 0.03977375565610859 0.9250375939849624 0.035803167420814484 0.029285714285714363
29 0.3999547511312217 0.6277443609022556 0.03760180995475114 0.07409774436090218
29 0.39881221719457016 0.9058834586466166 0.03684389140271499 0.07048872180451128
29 0.397420814479638 0.3493045112781955 0.03861990950226243 0.07201127819548872
42 0.5056674208144796 0.15419172932330827 0.03710407239819 0.06518796992481204
42 0.507183257918552 0.44704887218045114 0.040147058823529425 0.06229323308270674
42 0.5073190045248869 0.7244548872180452 0.03888009049773756 0.06736842105263163
7 0.4711085972850679 0.18610902255639097 0.03201357466063343 0.08763157894736844
7 0.4754298642533936 0.4873872180451128 0.028461538461538427 0.0821804511278196
7 0.47453619909502265 0.7645488721804512 0.028201357466063292 0.09184210526315792