42 0.14758566978193147 0.03582395087001024 0.030373831775700934 0.0368474923234391
42 0.14563862928348908 0.18577277379733878 0.03115264797507788 0.0368474923234391
42 0.14797507788161993 0.33776867963152507 0.03115264797507788 0.04503582395087001
79 0.4053738317757009 0.09211873080859775 0.031931464174454825 0.02968270214943705
79 0.40809968847352024 0.24718526100307062 0.028037383177570093 0.030706243602865915
79 0.4057632398753894 0.3961105424769703 0.024143302180685357 0.02456499488229273
22 0.4369158878504673 0.09416581371545547 0.012461059190031152 0.022517911975435005
23 0.4353582554517134 0.24769703172978505 0.018691588785046728 0.022517911975435005
23 0.4353582554517134 0.3971340839303992 0.014018691588785047 0.02968270214943705
29 0.1483644859813084 0.2374616171954964 0.02570093457943925 0.04094165813715456
29 0.14758566978193147 0.3889457523029683 0.02570093457943925 0.038894575230296824
29 0.14680685358255452 0.08597748208802457 0.0264797507788162 0.038894575230296824
42 0.2223520249221184 0.13920163766632548 0.027258566978193146 0.033776867963152504
42 0.2223520249221184 0.2901740020470829 0.027258566978193146 0.0368474923234391
7 0.19742990654205608 0.01023541453428864 0.022585669781931463 0.02047082906857728
7 0.20054517133956387 0.16120777891504606 0.019470404984423675 0.04503582395087001
7 0.19976635514018692 0.311668372569089 0.019470404984423675 0.05015353121801433
35 0.3220404984423676 0.4728761514841351 0.037383177570093455 0.025076765609007165
35 0.32242990654205606 0.5245649948822927 0.036214953271028034 0.025076765609007165