42 0.019230769230769232 0.11361310133060389 0.038461538461538464 0.0368474923234391
42 0.02092760180995475 0.2661207778915046 0.0418552036199095 0.04503582395087001
79 0.3930995475113122 0.02047082906857728 0.04638009049773756 0.02968270214943705
79 0.39705882352941174 0.17553735926305014 0.04072398190045249 0.030706243602865915
79 0.3930995475113122 0.3157625383828045 0.03506787330316742 0.007164790174002047
22 0.43891402714932126 0.022517911975435005 0.01809954751131222 0.022517911975435005
23 0.43665158371040724 0.17604912998976457 0.027149321266968326 0.022517911975435005
23 0.43665158371040724 0.3147389969293756 0.020361990950226245 0.009211873080859774
65 0.5209276018099548 0.09672466734902764 0.0757918552036199 0.06857727737973388
65 0.5164027149321267 0.24513817809621288 0.07352941176470588 0.06653019447287616
73 0.5243212669683258 0.02456499488229273 0.08936651583710407 0.04912998976458546
73 0.5265837104072398 0.17246673490276357 0.08484162895927602 0.05015353121801433
73 0.5299773755656109 0.3101330603889457 0.07805429864253394 0.01842374616171955
29 0.019796380090497737 0.16581371545547594 0.03733031674208145 0.04094165813715456
29 0.018665158371040724 0.3085977482088025 0.03733031674208145 0.021494370522006142
29 0.01809954751131222 0.016888433981576252 0.03619909502262444 0.033776867963152504
42 0.12726244343891402 0.06755373592630501 0.03959276018099547 0.033776867963152504
42 0.12726244343891402 0.21852610030706243 0.03959276018099547 0.0368474923234391
7 0.09558823529411764 0.08955987717502559 0.02828054298642534 0.04503582395087001
7 0.09445701357466063 0.24002047082906858 0.02828054298642534 0.05015353121801433
1 0.6832579185520362 0.2241555783009212 0.07692307692307693 0.03582395087001024
1 0.6006787330316742 0.300921187308086 0.06334841628959276 0.0368474923234391
1 0.7748868778280543 0.2743091095189355 0.07918552036199095 0.038894575230296824
1 0.8608597285067874 0.2538382804503582 0.07692307692307693 0.044012282497441144
1 0.8981900452488688 0.3060388945752303 0.04751131221719457 0.02661207778915046
1 0.6317873303167421 0.08393039918116683 0.03959276018099547 0.06550665301944729
1 0.6849547511312217 0.12794268167860798 0.07126696832579185 0.04094165813715456
1 0.7154977375565611 0.026100307062436028 0.048642533936651584 0.052200614124872056
25 0.9790723981900452 0.16274309109518936 0.0418552036199095 0.06960081883316274
1 0.8959276018099548 0.07113613101330604 0.04638009049773756 0.06960081883316274
1 0.8631221719457014 0.11463664278403275 0.07013574660633484 0.04094165813715456
1 0.7703619909502263 0.06653019447287616 0.07692307692307693 0.04503582395087001
42 0.6340497737556561 0.17400204708290687 0.07126696832579185 0.06345957011258956
42 0.7217194570135747 0.17553735926305014 0.07239819004524888 0.06038894575230297
42 0.9038461538461539 0.16274309109518936 0.0746606334841629 0.057318321392016376