25 0.06672760511882998 0.12941176470588237 0.03991468616697136 0.04068627450980392
25 0.06764168190127971 0.2612745098039216 0.029250457038391225 0.03676470588235294
25 0.06916514320536259 0.39656862745098037 0.030773918342474102 0.033823529411764704
46 0.06672760511882998 0.16029411764705884 0.015234613040828763 0.02107843137254902
46 0.06916514320536259 0.296078431372549 0.013711151736745886 0.027450980392156862
46 0.06916514320536259 0.432843137254902 0.013711151736745886 0.025
42 0.2708714198659354 0.12598039215686274 0.029859841560024376 0.03333333333333333
42 0.269043266301036 0.2607843137254902 0.030773918342474102 0.03333333333333333
42 0.27117611212675197 0.39705882352941174 0.030773918342474102 0.04068627450980392
79 0.5252894576477758 0.17647058823529413 0.03138330286410725 0.026470588235294117
79 0.5280316879951249 0.3156862745098039 0.027726995734308348 0.027450980392156862
79 0.5255941499085923 0.44950980392156864 0.02376599634369287 0.022058823529411766
22 0.5563680682510664 0.1784313725490196 0.01218769043266301 0.020098039215686276
23 0.5548446069469836 0.3161764705882353 0.01858622790981109 0.020098039215686276
23 0.5548446069469836 0.4504901960784314 0.013711151736745886 0.026470588235294117
65 0.6115173674588665 0.1053921568627451 0.056977452772699576 0.06274509803921569
65 0.6121267519804997 0.24509803921568626 0.05149299207800122 0.061764705882352944
65 0.609079829372334 0.3784313725490196 0.049969530773918344 0.059803921568627454
73 0.6304082876294942 0.17892156862745098 0.0923217550274223 0.047058823529411764
73 0.6325411334552102 0.31323529411764706 0.0898842169408897 0.045098039215686274
73 0.6340645947592931 0.45098039215686275 0.08439975624619135 0.045098039215686274
3 0.09750152346130408 0.31862745098039214 0.027726995734308348 0.026470588235294117
3 0.0862279098110908 0.18333333333333332 0.026203534430225474 0.022058823529411766
3 0.11060329067641682 0.4553921568627451 0.027726995734308348 0.025980392156862746
79 0.025289457647775748 0.1818627450980392 0.025289457647775748 0.020098039215686276
79 0.024984765386959172 0.317156862745098 0.021633150517976842 0.018627450980392157
79 0.02681291895185862 0.45245098039215687 0.024680073126142597 0.014705882352941176
29 0.27178549664838514 0.3073529411764706 0.025289457647775748 0.03676470588235294
29 0.2708714198659354 0.44313725490196076 0.025289457647775748 0.03480392156862745
29 0.27026203534430226 0.17107843137254902 0.026203534430225474 0.03480392156862745
42 0.3436928702010969 0.07549019607843137 0.024680073126142597 0.03137254901960784
42 0.3446069469835466 0.21862745098039216 0.02681291895185862 0.030392156862745098
42 0.3446069469835466 0.35441176470588237 0.02681291895185862 0.03333333333333333
7 0.3202315661182206 0.09117647058823529 0.022242535039609993 0.04215686274509804
7 0.32327848872638637 0.23872549019607844 0.019195612431444242 0.04068627450980392
7 0.3223644119439366 0.37401960784313726 0.019195612431444242 0.045098039215686274
35 0.05453991468616697 0.5 0.037781840341255334 0.021568627450980392
17 0.251066422912858 0.5 0.021937842778793418 0.021568627450980392