42 0.41968325791855204 0.2553763440860215 0.026583710407239818 0.056451612903225805
42 0.31165158371040724 0.2513440860215054 0.026583710407239818 0.05779569892473118
42 0.20248868778280543 0.2560483870967742 0.03223981900452489 0.05779569892473118
79 0.37895927601809953 0.7331989247311828 0.021493212669683258 0.05913978494623656
79 0.2675339366515837 0.7385752688172043 0.022058823529411766 0.05174731182795699
79 0.16063348416289594 0.7338709677419355 0.01753393665158371 0.04502688172043011
29 0.2748868778280543 0.2567204301075269 0.029411764705882353 0.04771505376344086
29 0.16572398190045248 0.2553763440860215 0.02771493212669683 0.04771505376344086
29 0.3834841628959276 0.25336021505376344 0.02771493212669683 0.049059139784946235
42 0.459841628959276 0.3918010752688172 0.024886877828054297 0.046370967741935484
42 0.34502262443438914 0.39381720430107525 0.024321266968325792 0.05040322580645161
42 0.23699095022624433 0.39381720430107525 0.026583710407239818 0.05040322580645161
7 0.4473981900452489 0.3474462365591398 0.033936651583710405 0.041666666666666664
7 0.32918552036199095 0.353494623655914 0.03223981900452489 0.036290322580645164
7 0.22171945701357465 0.3521505376344086 0.03619909502262444 0.036290322580645164
25 0.9785067873303167 0.2728494623655914 0.042986425339366516 0.08333333333333333
86 0.955316742081448 0.14717741935483872 0.03167420814479638 0.04032258064516129
35 0.7403846153846154 0.41330645161290325 0.038461538461538464 0.051075268817204304
49 0.8585972850678733 0.5436827956989247 0.07013574660633484 0.08064516129032258
25 0.666289592760181 0.3541666666666667 0.033936651583710405 0.09005376344086022
42 0.6645927601809954 0.4724462365591398 0.030542986425339366 0.0793010752688172
42 0.9813348416289592 0.42473118279569894 0.03733031674208145 0.07526881720430108
3 0.9858597285067874 0.6807795698924731 0.02828054298642534 0.05779569892473118
96 0.9428733031674208 0.6794354838709677 0.027149321266968326 0.03225806451612903
48 0.9626696832579186 0.6397849462365591 0.029411764705882353 0.03763440860215054
42 0.40101809954751133 0.9811827956989247 0.057692307692307696 0.03763440860215054
42 0.5910633484162896 0.989247311827957 0.03959276018099547 0.021505376344086023
42 0.1001131221719457 0.9905913978494624 0.03733031674208145 0.01881720430107527
46 0.501131221719457 0.7788978494623656 0.027149321266968326 0.020161290322580645
46 0.47794117647058826 0.9227150537634409 0.026018099547511313 0.025537634408602152
42 0.9858597285067874 0.8346774193548387 0.02828054298642534 0.051075268817204304
42 0.831447963800905 0.8326612903225806 0.04072398190045249 0.04435483870967742
7 0.9666289592760181 0.7943548387096774 0.048642533936651584 0.036290322580645164
7 0.8059954751131222 0.7916666666666666 0.04638009049773756 0.033602150537634407