42 0.154642223536369 0.41074737492279184 0.013010053222945003 0.04756022235948116
42 0.10082791247782377 0.41136504014823966 0.013010053222945003 0.04632489190858555
42 0.13749260792430515 0.29462631253860405 0.012418687167356593 0.045089561457689935
42 0.19160260201064458 0.2940086473131563 0.013897102306327618 0.04632489190858555
42 0.24571259609698404 0.2940086473131563 0.0127143701951508 0.036751080914144536
42 0.08426966292134831 0.2940086473131563 0.0127143701951508 0.05003088326127239
3 0.17800118273211119 0.6176652254478073 0.011827321111768185 0.023162445954292774
3 0.2318154937906564 0.6056207535515751 0.011827321111768185 0.04756022235948116
79 0.17681845062093435 0.00926497838171711 0.009166173861620342 0.018221124150710314
79 0.22945002956830277 0.010500308832612723 0.007096392667060911 0.020691785052501546
79 0.12359550561797752 0.013588634959851761 0.00827912477823773 0.026868437306979617
42 0.20904790065050266 0.407041383570105 0.011827321111768185 0.042927733168622605
29 0.1732702542874039 0.41074737492279184 0.016262566528681254 0.04045707226683138
29 0.22826729745712596 0.4076590487955528 0.01714961561206387 0.03922174181593576
29 0.12004730928444707 0.40889437924644845 0.01596688350088705 0.04045707226683138
7 0.14547604967474867 0.327053736874614 0.01478415138971023 0.03551575046324892
7 0.1989946777054997 0.3276714021000618 0.01655824955647546 0.03057442865966646
7 0.25251330573625075 0.3276714021000618 0.01596688350088705 0.03057442865966646
7 0.09195742164399763 0.3298332303891291 0.018923713778829097 0.03304508956145769
21 0.42874039030159666 0.5966646077825818 0.14429331756357186 0.06547251389746757
34 0.7829686575990538 0.6012970969734404 0.306327616794796 0.056207535515750466
42 0.04878769958604376 0.9243360098826436 0.03252513305736251 0.03644224830142063
42 0.04937906564163217 0.8872760963557752 0.03429923122412774 0.03211859172328598
42 0.09520993494973388 0.7257566399011736 0.03311649911295092 0.03705991352686844
42 0.16232998225901835 0.6991970352069179 0.03134240094618569 0.03705991352686844
42 0.03400354819633353 0.6778875849289685 0.03252513305736251 0.032736256948733784
42 0.031638083973979894 0.6439159975293391 0.033707865168539325 0.029030265596046944
49 0.006800709639266706 0.9907350216182829 0.013601419278533412 0.01852995676343422
3 0.007096392667060911 0.634342186534898 0.014192785334121822 0.009882643607164917
3 0.017740981667652277 0.9379246448424954 0.021289178001182733 0.02347127856701668
46 0.1333530455351863 0.8091414453366276 0.019515079834417505 0.025941939468807906
46 0.1984033116499113 0.8091414453366276 0.01537551744529864 0.025941939468807906
46 0.19751626256652868 0.7260654725138974 0.014192785334121822 0.027794935145151328
46 0.1992903607332939 0.6707844348363187 0.017740981667652277 0.02470660901791229
47 0.1345357776463631 0.7603458925262507 0.013601419278533412 0.02964793082149475
42 0.2241277350680071 0.7782581840642372 0.021289178001182733 0.015441630636195183
42 0.2483737433471319 0.8014206300185299 0.019515079834417505 0.02347127856701668
42 0.24748669426374925 0.752933909820877 0.018923713778829097 0.021000617665225447
42 0.016853932584269662 0.8551575046324892 0.02188054405677114 0.01605929586164299
42 0.0056179775280898875 0.7087708462013589 0.011235955056179775 0.016676961087090797
22 0.19751626256652868 0.7495367510809141 0.01596688350088705 0.014206300185299567
22 0.19662921348314608 0.7032118591723286 0.013601419278533412 0.01605929586164299
39 0.17356593731519812 0.7257566399011736 0.01596688350088705 0.017294626312538603
1 0.21437019515079833 0.6927115503397159 0.04139562389118864 0.026559604694255712
96 0.0026611472501478417 0.9379246448424954 0.005322294500295683 0.015441630636195183
48 0.006209343583678297 0.9212476837554046 0.012418687167356593 0.030265596046942556
1 0.1590774689532821 0.7841260037059914 0.04316972205795387 0.0253242742433601
56 0.08249556475458308 0.7084620135886349 0.02188054405677114 0.026559604694255712