42 0.05650319829424307 0.2096 0.046908315565031986 0.0592
42 0.3384861407249467 0.208 0.04157782515991471 0.0576
42 0.43976545842217485 0.132 0.039445628997867806 0.0544
3 0.13326226012793177 0.0728 0.031982942430703626 0.04
79 0.69136460554371 0.0704 0.03731343283582089 0.0368
79 0.010660980810234541 0.0672 0.021321961620469083 0.032
29 0.3384861407249467 0.2712 0.035181236673773986 0.0368
29 0.3400852878464819 0.0552 0.035181236673773986 0.0704
7 0.4115138592750533 0.1672 0.03091684434968017 0.0656
42 0.837953091684435 0.0184 0.057569296375266525 0.0368
42 0.2926439232409382 0.3768 0.044243070362473345 0.0536
46 0.31982942430703626 0.48 0.036780383795309166 0.0336
42 0.5868869936034116 0.4056 0.041044776119402986 0.0648
46 0.5565031982942431 0.4456 0.03571428571428571 0.032
46 0.5591684434968017 0.36 0.030383795309168442 0.036
42 0.9466950959488273 0.4448 0.04157782515991471 0.0528
46 0.7254797441364605 0.6856 0.011727078891257996 0.0336
46 0.8283582089552238 0.6856 0.031982942430703626 0.0368
46 0.829957356076759 0.8008 0.03304904051172708 0.0368
46 0.9371002132196162 0.7976 0.03411513859275053 0.032
46 0.9365671641791045 0.684 0.03091684434968017 0.0304
29 0.9749466950959488 0.5136 0.050106609808102345 0.0576