42 0.3589622641509434 0.36425339366515835 0.033962264150943396 0.04411764705882353
42 0.21839622641509435 0.36481900452488686 0.033962264150943396 0.042986425339366516
42 0.3141509433962264 0.25678733031674206 0.03207547169811321 0.0418552036199095
42 0.455188679245283 0.25622171945701355 0.035849056603773584 0.042986425339366516
42 0.5844339622641509 0.25565610859728505 0.010377358490566037 0.033936651583710405
42 0.17547169811320754 0.25622171945701355 0.0330188679245283 0.04638009049773756
79 0.2778301886792453 0.004524886877828055 0.02169811320754717 0.00904977375565611
42 0.5009433962264151 0.3608597285067873 0.031132075471698113 0.03959276018099547
29 0.4070754716981132 0.36425339366515835 0.04245283018867924 0.03733031674208145
29 0.5504716981132075 0.36142533936651583 0.04433962264150943 0.03619909502262444
29 0.2688679245283019 0.36255656108597284 0.04150943396226415 0.03733031674208145
7 0.33490566037735847 0.2867647058823529 0.038679245283018866 0.032805429864253395
7 0.47452830188679246 0.2873303167420814 0.04339622641509434 0.02828054298642534
7 0.1957547169811321 0.2895927601809955 0.04905660377358491 0.030542986425339366
1 0.8452830188679246 0.25961538461538464 0.03490566037735849 0.0746606334841629
1 0.845754716981132 0.00904977375565611 0.03490566037735849 0.01809954751131222
42 0.7938679245283019 0.2697963800904977 0.04905660377358491 0.06334841628959276
42 0.7924528301886793 0.010746606334841629 0.04716981132075472 0.021493212669683258
42 0.7740566037735849 0.38461538461538464 0.02830188679245283 0.03733031674208145
42 0.8816037735849057 0.20418552036199095 0.03018867924528302 0.029411764705882353
22 0.7735849056603774 0.3404977375565611 0.02358490566037736 0.026018099547511313
22 0.7712264150943396 0.4236425339366516 0.027358490566037737 0.012443438914027148
22 0.8070754716981132 0.20305429864253394 0.020754716981132074 0.026018099547511313
22 0.7716981132075472 0.15723981900452488 0.01981132075471698 0.024886877828054297
22 0.7716981132075472 0.07126696832579185 0.017924528301886792 0.026018099547511313
7 0.7660377358490567 0.1996606334841629 0.048113207547169815 0.032805429864253395
42 0.7716981132075472 0.11368778280542986 0.027358490566037737 0.03733031674208145
42 0.09764150943396227 0.8320135746606335 0.057547169811320756 0.07239819004524888
42 0.19811320754716982 0.7816742081447964 0.048113207547169815 0.07352941176470588
42 0.33490566037735847 0.9462669683257918 0.02830188679245283 0.03619909502262444
42 0.29952830188679247 0.9015837104072398 0.03207547169811321 0.03506787330316742
42 0.33773584905660375 0.8602941176470589 0.029245283018867925 0.04524886877828054
42 0.09528301886792453 0.5152714932126696 0.033962264150943396 0.033936651583710405
42 0.09528301886792453 0.43721719457013575 0.03207547169811321 0.014705882352941176
46 0.1660377358490566 0.5627828054298643 0.03207547169811321 0.026018099547511313
46 0.25849056603773585 0.9604072398190046 0.02358490566037736 0.04638009049773756
46 0.25660377358490566 0.8269230769230769 0.022641509433962263 0.0418552036199095
46 0.25707547169811323 0.7313348416289592 0.022641509433962263 0.04751131221719457
22 0.25849056603773585 0.870475113122172 0.02358490566037736 0.02828054298642534
22 0.25613207547169814 0.7833710407239819 0.018867924528301886 0.03167420814479638
47 0.1589622641509434 0.871606334841629 0.026415094339622643 0.04524886877828054
46 0.15754716981132075 0.9592760180995475 0.027358490566037737 0.04524886877828054
38 0.22169811320754718 0.8308823529411765 0.02547169811320755 0.03959276018099547
42 0.6132075471698113 0.7228506787330317 0.03207547169811321 0.03506787330316742
42 0.6575471698113208 0.830316742081448 0.035849056603773584 0.0418552036199095
42 0.7971698113207547 0.8286199095022625 0.03207547169811321 0.03959276018099547
3 0.7165094339622642 0.9864253393665159 0.02547169811320755 0.027149321266968326
3 0.8566037735849057 0.9717194570135747 0.024528301886792454 0.0418552036199095
7 0.7683962264150943 0.755656108597285 0.0509433962264151 0.029411764705882353
42 0.7523584905660378 0.7228506787330317 0.03679245283018868 0.03619909502262444
79 0.8518867924528302 0.4490950226244344 0.020754716981132074 0.033936651583710405
79 0.7122641509433962 0.4507918552036199 0.01981132075471698 0.03506787330316742
29 0.8452830188679246 0.8297511312217195 0.035849056603773584 0.03506787330316742
29 0.7047169811320755 0.829185520361991 0.03962264150943396 0.042986425339366516
7 0.6320754716981132 0.754524886877828 0.04339622641509434 0.03167420814479638