42 0.0650319829424307 0.2614742698191933 0.03624733475479744 0.05146036161335188
42 0.2244136460554371 0.260778859527121 0.04051172707889126 0.05285118219749652
42 0.3837953091684435 0.260778859527121 0.03731343283582089 0.04172461752433936
7 0.08848614072494669 0.29833101529902645 0.04371002132196162 0.04033379694019471
7 0.2462686567164179 0.29902642559109877 0.04904051172707889 0.03477051460361613
7 0.4035181236673774 0.29902642559109877 0.046908315565031986 0.03477051460361613
46 0.5431769722814499 0.2454798331015299 0.022388059701492536 0.04450625869262865
46 0.6961620469083155 0.24130737134909597 0.023454157782515993 0.043115438108484005
46 0.847547974413646 0.24130737134909597 0.02025586353944563 0.043115438108484005
46 0.9930703624733476 0.24408901251738527 0.013859275053304905 0.0458970792767733
42 0.5895522388059702 0.11752433936022254 0.03624733475479744 0.043115438108484005
42 0.7398720682302772 0.11543810848400557 0.03411513859275053 0.05285118219749652
42 0.8891257995735607 0.11752433936022254 0.03837953091684435 0.0458970792767733
42 0.9365671641791045 0.24408901251738527 0.03731343283582089 0.05006954102920723
7 0.6076759061833689 0.1599443671766342 0.046908315565031986 0.03894297635605007
7 0.761727078891258 0.1571627260083449 0.04584221748400853 0.037552155771905425
7 0.9131130063965884 0.1599443671766342 0.04371002132196162 0.03477051460361613
38 0.5223880597014925 0.24061196105702365 0.019189765458422176 0.037552155771905425
38 0.6732409381663113 0.24200278164116829 0.017057569296375266 0.03894297635605007
38 0.8219616204690832 0.24200278164116829 0.015991471215351813 0.03477051460361613
38 0.9738805970149254 0.24061196105702365 0.01812366737739872 0.031988873435326845
42 0.7899786780383795 0.24408901251738527 0.03731343283582089 0.055632823365785816
42 0.6353944562899787 0.2426981919332406 0.039445628997867806 0.05146036161335188
25 0.20575692963752665 0.9833101529902643 0.05970149253731343 0.03337969401947149
49 0.2958422174840085 0.9819193324061196 0.06929637526652452 0.03616133518776078
42 0.2126865671641791 0.849095966620306 0.060767590618336885 0.07788595271210014
42 0.39125799573560766 0.8435326842837274 0.05863539445628998 0.07788595271210014
42 0.39285714285714285 0.7656467315716272 0.06609808102345416 0.06397774687065369
42 0.332089552238806 0.7009735744089013 0.03837953091684435 0.03337969401947149
42 0.4136460554371002 0.7009735744089013 0.035181236673773986 0.03477051460361613
47 0.4147121535181237 0.6467315716272601 0.03837953091684435 0.03337969401947149
42 0.46748400852878463 0.7830319888734353 0.0650319829424307 0.07788595271210014
93 0.48187633262260127 0.8936022253129347 0.03624733475479744 0.07927677329624479
35 0.261727078891258 0.6091794158553546 0.04051172707889126 0.05285118219749652
42 0.20415778251599148 0.40055632823365783 0.02771855010660981 0.03477051460361613
22 0.10394456289978678 0.40055632823365783 0.0255863539445629 0.03894297635605007
47 0.1433901918976546 0.40264255910987484 0.039445628997867806 0.030598052851182198
25 0.47547974413646055 0.480528511821975 0.04904051172707889 0.09318497913769123
42 0.47547974413646055 0.6147426981919333 0.04904051172707889 0.07788595271210014
3 0.3315565031982942 0.8796940194714882 0.03411513859275053 0.061196105702364396
96 0.2947761194029851 0.8769123783031989 0.028784648187633263 0.04172461752433936
48 0.31236673773987206 0.8351877607788595 0.029850746268656716 0.03894297635605007
1 0.32782515991471217 0.5737134909596662 0.06929637526652452 0.061196105702364396
7 0.8720682302771855 0.9422809457579973 0.05863539445628998 0.04450625869262865
7 0.8715351812366737 0.5132127955493742 0.05970149253731343 0.0458970792767733
93 0.9808102345415778 0.8504867872044506 0.03837953091684435 0.07093184979137691
42 0.9029850746268657 0.4054242002781641 0.05650319829424307 0.07510431154381085
22 0.8789978678038379 0.8699582753824756 0.0255863539445629 0.03894297635605007
22 0.8795309168443497 0.5876216968011126 0.026652452025586353 0.03337969401947149
22 0.929637526652452 0.9478442280945758 0.026652452025586353 0.03337969401947149
22 0.9269722814498934 0.5069541029207232 0.029850746268656716 0.03337969401947149
42 0.8789978678038379 0.8025034770514604 0.029850746268656716 0.037552155771905425
42 0.8784648187633263 0.6515994436717664 0.03091684434968017 0.04450625869262865
1 0.9717484008528785 0.9916550764951322 0.04584221748400853 0.016689847009735744
1 0.9722814498933902 0.433240611961057 0.04157782515991471 0.08344923504867872
35 0.5362473347547975 0.5139082058414465 0.03091684434968017 0.06397774687065369