42 0.2994623655913978 0.13912231559290383 0.021236559139784946 0.03034547152194211
42 0.3868279569892473 0.13865546218487396 0.021236559139784946 0.029411764705882353
42 0.3271505376344086 0.21241830065359477 0.01989247311827957 0.028478057889822595
42 0.23951612903225805 0.21288515406162464 0.022311827956989248 0.029411764705882353
42 0.15188172043010753 0.21288515406162464 0.02043010752688172 0.02334267040149393
42 0.4134408602150538 0.21288515406162464 0.02043010752688172 0.031746031746031744
3 0.26129032258064516 0.007469654528478058 0.01935483870967742 0.014939309056956116
3 0.17446236559139786 0.014939309056956116 0.01935483870967742 0.029411764705882353
79 0.2631720430107527 0.3930905695611578 0.014516129032258065 0.013071895424836602
79 0.17768817204301074 0.3926237161531279 0.011827956989247311 0.014005602240896359
79 0.3497311827956989 0.3907563025210084 0.013440860215053764 0.017740429505135387
42 0.2110215053763441 0.14145658263305322 0.01935483870967742 0.02707749766573296
29 0.2693548387096774 0.13912231559290383 0.026344086021505377 0.025676937441643323
29 0.18037634408602152 0.14098972922502334 0.02768817204301075 0.024743230625583566
29 0.3553763440860215 0.1400560224089636 0.025806451612903226 0.025676937441643323
7 0.314247311827957 0.19187675070028012 0.0239247311827957 0.022408963585434174
7 0.22741935483870968 0.19187675070028012 0.026881720430107527 0.0196078431372549
7 0.14112903225806453 0.19187675070028012 0.025806451612903226 0.0196078431372549
7 0.40080645161290324 0.1900093370681606 0.030376344086021505 0.02100840336134454
46 0.14220430107526882 0.42250233426704015 0.02795698924731183 0.028011204481792718
46 0.1424731182795699 0.5826330532212886 0.02795698924731183 0.02334267040149393
39 0.09059139784946237 0.40476190476190477 0.015591397849462365 0.01027077497665733
39 0.09086021505376345 0.6428571428571429 0.013978494623655914 0.011204481792717087
39 0.09059139784946237 0.73062558356676 0.013978494623655914 0.009337068160597572
39 0.09032258064516129 0.8043884220354809 0.013440860215053764 0.013071895424836602
39 0.09059139784946237 0.9393090569561158 0.013440860215053764 0.012138188608776844
39 0.110752688172043 0.42296918767507 0.0064516129032258064 0.03454715219421102
39 0.110752688172043 0.5821661998132587 0.008064516129032258 0.031746031746031744