42 0.12243852459016394 0.38625 0.036885245901639344 0.04875
42 0.07377049180327869 0.2675 0.03483606557377049 0.04625
42 0.22694672131147542 0.266875 0.0389344262295082 0.0475
42 0.3801229508196721 0.266875 0.035860655737704916 0.0375
3 0.3406762295081967 0.575625 0.03381147540983607 0.02875
42 0.2766393442622951 0.3825 0.03381147540983607 0.04375
29 0.17469262295081966 0.38625 0.04610655737704918 0.04125
29 0.33043032786885246 0.383125 0.04815573770491803 0.04
29 0.02459016393442623 0.384375 0.045081967213114756 0.04125
7 0.09631147540983606 0.300625 0.042008196721311473 0.03625
7 0.24795081967213115 0.30125 0.0471311475409836 0.03125
7 0.399077868852459 0.30125 0.045081967213114756 0.03125
42 0.7781762295081968 0.3425 0.05122950819672131 0.07
42 0.7561475409836066 0.176875 0.025614754098360656 0.03
42 0.8719262295081968 0.273125 0.025614754098360656 0.03
42 0.8714139344262295 0.56125 0.028688524590163935 0.0275
1 0.8335040983606558 0.331875 0.0430327868852459 0.0825
1 0.8319672131147541 0.58125 0.0389344262295082 0.0175
7 0.7484631147540983 0.55125 0.06147540983606557 0.04125
7 0.7474385245901639 0.26875 0.05737704918032787 0.04
42 0.7540983606557377 0.465 0.028688524590163935 0.03375
22 0.7925204918032787 0.27125 0.022540983606557378 0.025
22 0.7546106557377049 0.225625 0.022540983606557378 0.0325
22 0.7556352459016393 0.13125 0.018442622950819672 0.03375
22 0.7935450819672131 0.5575 0.02459016393442623 0.02625
22 0.7540983606557377 0.41625 0.022540983606557378 0.03125
22 0.7546106557377049 0.510625 0.0235655737704918 0.0275
42 0.375 0.894375 0.04918032786885246 0.06125
7 0.8498975409836066 0.99125 0.05635245901639344 0.0175
7 0.8498975409836066 0.6175 0.05737704918032787 0.04125
93 0.9631147540983607 0.92125 0.05225409836065574 0.06375
22 0.8570696721311475 0.938125 0.02459016393442623 0.035
22 0.8575819672131147 0.684375 0.025614754098360656 0.03
22 0.9052254098360656 0.99625 0.025614754098360656 0.0075
22 0.9031762295081968 0.611875 0.028688524590163935 0.03
42 0.8570696721311475 0.8775 0.028688524590163935 0.03375
42 0.8565573770491803 0.741875 0.02971311475409836 0.04
42 0.9907786885245902 0.613125 0.018442622950819672 0.02875