42 0.13631130063965885 0.13419417475728154 0.03807036247334756 0.06310679611650485
42 0.13427505330490405 0.42184466019417477 0.046194029850746283 0.07256310679611651
42 0.13656716417910447 0.7113592233009709 0.0416311300639659 0.07460194174757273
42 0.4162899786780384 0.4190679611650485 0.04061833688699363 0.07071844660194178
42 0.4157782515991471 0.1300388349514563 0.03959488272921107 0.07143689320388348
42 0.5175692963752665 0.3270485436893204 0.03909381663113002 0.06601941747572816
42 0.5180703624733476 0.6170097087378641 0.04010660980810235 0.07454368932038832
42 0.5183262260127932 0.9074563106796116 0.03147121535181235 0.06732038834951448
42 0.5183262260127932 0.041689320388349514 0.043656716417910496 0.06675728155339805
65 0.8873987206823027 0.08980582524271845 0.06904051172707888 0.10747572815533979
65 0.8886673773987207 0.3774563106796116 0.06853944562899783 0.10582524271844661
65 0.8884115138592751 0.6628155339805826 0.07107675906183376 0.11619417475728161
65 0.8894349680170576 0.9466019417475728 0.06701492537313422 0.10679611650485436
73 0.9173560767590618 0.24380582524271846 0.11675906183368868 0.08815533980582523
73 0.9160874200426439 0.5300776699029126 0.12335820895522392 0.0892815533980583
73 0.9176012793176973 0.8214368932038836 0.11422174840085299 0.08392233009708742
3 0.21119402985074626 0.2553592233009709 0.032494669509594905 0.05025242718446601
3 0.22692963752665246 0.5448737864077671 0.037569296375266535 0.06339805825242714
3 0.2457142857142857 0.8334563106796117 0.04061833688699363 0.0635728155339806
79 0.773678038379531 0.5374757281553398 0.030458422174840016 0.048582524271844625
79 0.7721641791044775 0.8214174757281553 0.033507462686567235 0.03951456310679616
79 0.7693710021321961 0.2525825242718447 0.037057569296375256 0.04469902912621358
22 0.8109914712153519 0.24702912621359224 0.02284648187633269 0.0557864077669903
22 0.812771855010661 0.5346990291262136 0.01726012793176978 0.04302912621359217
22 0.8117590618336886 0.8205048543689321 0.021321961620469083 0.05986407766990299
79 0.07793176972281449 0.24980582524271847 0.04315565031982942 0.039145631067961185
79 0.07843283582089551 0.5420970873786408 0.04416844349680171 0.05784466019417469
79 0.07894456289978678 0.8269708737864078 0.03909381663113006 0.039533980582524296
42 0.4195842217484008 0.7113592233009709 0.03807036247334759 0.06349514563106805
29 0.4162899786780384 0.5180582524271845 0.03452025586353944 0.08741747572815531
29 0.4188272921108742 0.8140388349514563 0.03350746268656711 0.09132038834951452
29 0.4180597014925373 0.2340970873786408 0.03503198294243072 0.08537864077669906
7 0.489136460554371 0.3700582524271845 0.030970149253731295 0.07992233009708742
7 0.48888059701492537 0.6577281553398059 0.027409381663113044 0.08935922330097083
7 0.48888059701492537 0.9435339805825244 0.027409381663113044 0.08399999999999998
7 0.4868550106609808 0.08378640776699028 0.029445628997867807 0.10100970873786407