42 0.42022357723577236 0.28734321550741165 0.036585365853658534 0.04446978335233751
42 0.2688008130081301 0.2879133409350057 0.036585365853658534 0.043329532497149374
42 0.3719512195121951 0.1790193842645382 0.034552845528455285 0.04218928164196123
42 0.2225609756097561 0.17844925883694412 0.03556910569105691 0.046750285062713795
3 0.4791666666666667 0.47947548460661343 0.021341463414634148 0.019384264538198404
29 0.4695121951219512 0.28677309007981755 0.04065040650406504 0.037628278221208664
29 0.3231707317073171 0.2856328392246294 0.044715447154471545 0.037628278221208664
7 0.3943089430894309 0.20923603192702395 0.041666666666666664 0.0330672748004561
7 0.24441056910569106 0.2120866590649943 0.052845528455284556 0.03078677309007982
49 0.5625 0.3563283922462942 0.08739837398373984 0.10718358038768529
49 0.5609756097560976 0.22291904218928163 0.08841463414634146 0.10490307867730901
42 0.7276422764227642 0.35347776510832385 0.07723577235772358 0.09236031927023945
42 0.7301829268292683 0.22519954389965793 0.07723577235772358 0.09007981755986318
30 0.8455284552845529 0.3540478905359179 0.02540650406504065 0.05017103762827822
30 0.8455284552845529 0.22576966932725198 0.02540650406504065 0.05701254275940707
39 0.975609756097561 0.046750285062713795 0.037601626016260166 0.02394526795895097
25 0.044715447154471545 0.7480045610034207 0.06300813008130081 0.07069555302166476
86 0.07774390243902439 0.854618015963512 0.028455284552845527 0.03420752565564424
25 0.4649390243902439 0.8808437856328393 0.049796747967479675 0.06271379703534778
42 0.4639227642276423 0.5610034207525656 0.051829268292682924 0.059293044469783354
42 0.42073170731707316 0.5017103762827823 0.03048780487804878 0.02508551881413911
42 0.47459349593495936 0.49942987457240595 0.03048780487804878 0.020524515393386546
35 0.2708333333333333 0.62884834663626 0.034552845528455285 0.043329532497149374
49 0.46189024390243905 0.7702394526795895 0.05589430894308943 0.07411630558722919
49 0.16463414634146342 0.5205245153933865 0.06300813008130081 0.06271379703534778
25 0.35315040650406504 0.6784492588369442 0.06300813008130081 0.07639680729760548
42 0.35365853658536583 0.5781071835803877 0.056910569105691054 0.06727480045610035
42 0.05030487804878049 0.6185860889395667 0.04065040650406504 0.06385404789053592
3 0.4654471544715447 0.645381984036488 0.039634146341463415 0.03192702394526796
96 0.46697154471544716 0.6927023945267959 0.023373983739837397 0.03192702394526796
48 0.4349593495934959 0.6704675028506272 0.027439024390243903 0.03078677309007982
1 0.8419715447154471 0.9977194982896237 0.05386178861788618 0.004561003420752566
42 0.7850609756097561 0.9344355758266819 0.044715447154471545 0.043329532497149374
42 0.8551829268292683 0.725769669327252 0.08536585365853659 0.10034207525655645
42 0.717479674796748 0.7280501710376283 0.07621951219512195 0.10034207525655645
42 0.7164634146341463 0.5923603192702395 0.08130081300813008 0.08893956670467502
42 0.7159552845528455 0.49885974914481185 0.08028455284552846 0.019384264538198404
86 0.836890243902439 0.8683010262257697 0.036585365853658534 0.043329532497149374
25 0.9842479674796748 0.725769669327252 0.031504065040650404 0.09007981755986318
42 0.9080284552845529 0.9304446978335233 0.036585365853658534 0.037628278221208664
1 0.9486788617886179 0.9948688711516533 0.051829268292682924 0.010262257696693273
94 0.9954268292682927 0.9070695553021665 0.009146341463414634 0.09007981755986318