42 0.18054318788958149 0.30501535312180145 0.016028495102404273 0.03991811668372569
42 0.11420302760463046 0.3055271238485159 0.016028495102404273 0.038894575230296824
42 0.15939447907390916 0.20777891504605936 0.015138023152270703 0.037871033776867964
42 0.22595725734639358 0.20726714431934493 0.016918967052537846 0.038894575230296824
42 0.292520035618878 0.20726714431934493 0.015583259127337488 0.030706243602865915
42 0.09394479073909172 0.20726714431934493 0.015583259127337488 0.04196519959058342
42 0.2475512021371327 0.30194472876151485 0.014692787177203919 0.03582395087001024
29 0.20325022261798753 0.30501535312180145 0.020035618878005344 0.033776867963152504
29 0.2709260908281389 0.3024564994882293 0.020926090828138913 0.032753326509723645
29 0.13802315227070347 0.30348004094165815 0.019590382902938557 0.033776867963152504
7 0.16918967052537845 0.23490276356192427 0.0182546749777382 0.02968270214943705
7 0.2350845948352627 0.23541453428863868 0.020480854853072127 0.0255885363357216
7 0.30075690115761355 0.23541453428863868 0.019590382902938557 0.0255885363357216
7 0.10351736420302761 0.2374616171954964 0.02315227070347284 0.027635619242579325
25 0.6157613535173642 0.27379733879222107 0.034728406055209264 0.07983623336745138
42 0.6892252894033838 0.3592630501535312 0.03695458593054319 0.08700102354145343
42 0.7208370436331255 0.21340839303991813 0.03428317008014248 0.07983623336745138
42 0.6883348174532502 0.2743091095189355 0.034728406055209264 0.09007164790174002
46 0.7569011576135352 0.4083930399181167 0.016918967052537846 0.042988741044012284
47 0.7876224398931434 0.13510747185261002 0.013357079252003561 0.05629477993858751
46 0.7580142475512022 0.05885363357215967 0.015138023152270703 0.06141248720573183
46 0.757346393588602 0.21187308085977483 0.01647373107747106 0.05834186284544524
46 0.732413178984862 0.35670419651995905 0.024487978628673197 0.027635619242579325
46 0.7337488869100623 0.2758444216990788 0.025378450578806767 0.028659160696008188
87 0.7453250222617988 0.131525076765609 0.0396260017809439 0.07062436028659161
46 0.016918967052537846 0.695496417604913 0.029385574354407838 0.04196519959058342
42 0.06211041852181656 0.548618219037871 0.03784505788067676 0.0849539406345957
1 0.12266251113089938 0.44012282497441146 0.0182546749777382 0.02047082906857728
22 0.021148708815672306 0.44165813715455476 0.01647373107747106 0.02354145342886387
86 0.08704363312555655 0.45496417604913 0.0182546749777382 0.03991811668372569
86 0.15382902938557436 0.44882292732855683 0.0182546749777382 0.037871033776867964
42 0.5037845057880677 0.5081883316274309 0.0304986642920748 0.026100307062436028
86 0.5565449688334817 0.4897645854657114 0.03584149599287623 0.028659160696008188