42 0.09221748400852879 0.24846625766871167 0.03837953091684435 0.0598159509202454
42 0.2510660980810235 0.2476993865030675 0.03837953091684435 0.05828220858895705
42 0.14285714285714285 0.3941717791411043 0.03624733475479744 0.05674846625766871
42 0.2995735607675906 0.39493865030674846 0.03731343283582089 0.06288343558282208
29 0.037846481876332626 0.24846625766871167 0.04797441364605544 0.05061349693251534
29 0.19402985074626866 0.25076687116564417 0.046908315565031986 0.05061349693251534
7 0.11940298507462686 0.3535276073619632 0.04371002132196162 0.04447852760736196
7 0.27665245202558636 0.3496932515337423 0.05543710021321962 0.04141104294478527
42 0.42803837953091683 0.8274539877300614 0.053304904051172705 0.09355828220858896
42 0.3443496801705757 0.6748466257668712 0.03304904051172708 0.04141104294478527
1 0.023454157782515993 0.9846625766871165 0.046908315565031986 0.03067484662576687
1 0.3694029850746269 0.9516871165644172 0.04584221748400853 0.09662576687116564
47 0.2942430703624733 0.6771472392638037 0.028784648187633263 0.05828220858895705
93 0.4077825159914712 0.6886503067484663 0.05970149253731343 0.08128834355828221
25 0.7739872068230277 0.75920245398773 0.05970149253731343 0.08742331288343558
49 0.6668443496801706 0.6365030674846626 0.0650319829424307 0.0950920245398773
42 0.6098081023454158 0.7400306748466258 0.053304904051172705 0.08128834355828221
42 0.6082089552238806 0.9049079754601227 0.05863539445628998 0.08895705521472393
42 0.6609808102345416 0.9079754601226994 0.0511727078891258 0.08282208588957055
42 0.7036247334754797 0.9892638036809815 0.0255863539445629 0.02147239263803681
42 0.6492537313432836 0.9884969325153374 0.023454157782515993 0.023006134969325152
42 0.7739872068230277 0.8895705521472392 0.05650319829424307 0.07668711656441718
3 0.6609808102345416 0.8006134969325154 0.04477611940298507 0.04294478527607362
96 0.6631130063965884 0.7446319018404908 0.023454157782515993 0.06288343558282208
22 0.5570362473347548 0.9892638036809815 0.028784648187633263 0.02147239263803681
35 0.9317697228144989 0.8266871165644172 0.031982942430703626 0.05521472392638037
48 0.6908315565031983 0.7661042944785276 0.03624733475479744 0.0352760736196319