42 0.30640394088669953 0.033936651583710405 0.030541871921182268 0.038461538461538464
42 0.21280788177339902 0.08710407239819004 0.03645320197044335 0.042986425339366516
42 0.21428571428571427 0.25452488687782804 0.034482758620689655 0.038461538461538464
3 0.07192118226600985 0.1583710407239819 0.033497536945812804 0.030542986425339366
3 0.0896551724137931 0.3257918552036199 0.03645320197044335 0.029411764705882353
7 0.27783251231527095 0.22002262443438914 0.02561576354679803 0.06108597285067873
42 0.30640394088669953 0.20079185520361992 0.03152709359605911 0.04411764705882353
79 0.5448275862068965 0.3201357466063348 0.029556650246305417 0.024886877828054297
22 0.5798029556650246 0.3218325791855204 0.014778325123152709 0.02828054298642534
22 0.5788177339901478 0.15441176470588236 0.014778325123152709 0.024886877828054297
79 0.5433497536945813 0.15271493212669685 0.030541871921182268 0.023755656108597284
29 0.21330049261083744 0.31221719457013575 0.030541871921182268 0.042986425339366516
29 0.21379310344827587 0.1436651583710407 0.0374384236453202 0.04751131221719457
7 0.2788177339901478 0.05656108597285068 0.027586206896551724 0.05203619909502263
46 0.6891625615763547 0.1414027149321267 0.030541871921182268 0.06108597285067873
22 0.8522167487684729 0.08710407239819004 0.03152709359605911 0.03733031674208145
29 0.9305418719211823 0.057692307692307696 0.05024630541871921 0.10067873303167421
22 0.9955665024630542 0.08540723981900453 0.008866995073891626 0.03733031674208145
1 0.9748768472906404 0.15610859728506787 0.03251231527093596 0.04751131221719457
22 0.9334975369458128 0.20079185520361992 0.03645320197044335 0.04411764705882353
42 0.8665024630541872 0.020361990950226245 0.07783251231527094 0.04072398190045249
1 0.8118226600985222 0.2398190045248869 0.034482758620689655 0.058823529411764705
86 0.9950738916256158 0.1244343891402715 0.009852216748768473 0.04072398190045249
42 0.33251231527093594 0.5854072398190046 0.03251231527093596 0.038461538461538464
42 0.3310344827586207 0.7437782805429864 0.03645320197044335 0.048642533936651584
42 0.33004926108374383 0.9015837104072398 0.035467980295566505 0.03506787330316742
42 0.241871921182266 0.4745475113122172 0.03842364532019704 0.04072398190045249
42 0.2413793103448276 0.6317873303167421 0.0374384236453202 0.04072398190045249
42 0.241871921182266 0.7929864253393665 0.034482758620689655 0.04072398190045249
42 0.241871921182266 0.9485294117647058 0.034482758620689655 0.04524886877828054
29 0.241871921182266 0.5299773755656109 0.03152709359605911 0.048642533936651584
29 0.241871921182266 0.6917420814479638 0.02561576354679803 0.058823529411764705
29 0.2438423645320197 0.8518099547511312 0.030541871921182268 0.05542986425339366
29 0.2438423645320197 0.9920814479638009 0.030541871921182268 0.01583710407239819
79 0.5492610837438424 0.5378959276018099 0.027586206896551724 0.020361990950226245
79 0.5527093596059113 0.7002262443438914 0.03251231527093596 0.023755656108597284
79 0.5502463054187192 0.8557692307692307 0.03152709359605911 0.026018099547511313
22 0.5842364532019705 0.541289592760181 0.009852216748768473 0.023755656108597284
22 0.5827586206896552 0.7007918552036199 0.012807881773399015 0.026018099547511313
22 0.5807881773399015 0.8580316742081447 0.016748768472906402 0.02828054298642534
7 0.3059113300492611 0.9264705882352942 0.026600985221674877 0.042986425339366516
7 0.3044334975369458 0.6052036199095022 0.026600985221674877 0.05429864253393665
7 0.3044334975369458 0.7641402714932126 0.022660098522167486 0.057692307692307696
7 0.3019704433497537 0.45305429864253394 0.020689655172413793 0.02828054298642534
2 0.04926108374384237 0.8585972850678733 0.029556650246305417 0.027149321266968326
2 0.034482758620689655 0.7030542986425339 0.03251231527093596 0.03167420814479638
2 0.020689655172413793 0.5395927601809954 0.027586206896551724 0.027149321266968326
42 0.006896551724137931 0.9536199095022625 0.013793103448275862 0.042986425339366516
42 0.008374384236453201 0.7941176470588235 0.016748768472906402 0.038461538461538464
42 0.007389162561576354 0.6351809954751131 0.014778325123152709 0.03733031674208145
42 0.00935960591133005 0.47737556561085975 0.0187192118226601 0.04072398190045249
46 0.003940886699507389 0.5124434389140271 0.007881773399014778 0.027149321266968326
46 0.004433497536945813 0.6730769230769231 0.008866995073891626 0.03167420814479638
46 0.00541871921182266 0.8331447963800905 0.01083743842364532 0.030542986425339366
46 0.004433497536945813 0.9903846153846154 0.008866995073891626 0.019230769230769232
25 0.8620689655172413 0.503393665158371 0.060098522167487685 0.07013574660633484
25 0.9921182266009853 0.6063348416289592 0.015763546798029555 0.06787330316742081
25 0.9827586206896551 0.9236425339366516 0.034482758620689655 0.07352941176470588
42 0.8980295566502463 0.9247737556561086 0.05517241379310345 0.05656108597285068
46 0.6842364532019705 0.6804298642533937 0.034482758620689655 0.02828054298642534
95 0.6763546798029557 0.45531674208144796 0.026600985221674877 0.032805429864253395
22 0.9275862068965517 0.8495475113122172 0.03251231527093596 0.027149321266968326
42 0.9197044334975369 0.6063348416289592 0.060098522167487685 0.0757918552036199
95 0.5990147783251232 0.7856334841628959 0.019704433497536946 0.02828054298642534
96 0.9359605911330049 0.9881221719457014 0.02561576354679803 0.023755656108597284
48 0.9078817733990148 0.9949095022624435 0.02857142857142857 0.010180995475113122