42 0.201246660730187 0.04920814479638009 0.02226179875333927 0.021493212669683258
42 0.057435440783615316 0.049773755656108594 0.021816562778272486 0.025452488687782805
42 0.2531166518254675 0.11199095022624435 0.016918967052537846 0.02092760180995475
42 0.201246660730187 0.1414027149321267 0.020258236865538737 0.023755656108597284
42 0.05699020480854853 0.1430995475113122 0.02292965271593945 0.019796380090497737
42 0.20213713268032057 0.2330316742081448 0.01914514692787177 0.02092760180995475
42 0.0578806767586821 0.2341628959276018 0.02292965271593945 0.019230769230769232
79 0.027604630454140695 0.08653846153846154 0.0213713268032057 0.011312217194570135
79 0.02804986642920748 0.17873303167420815 0.018477292965271595 0.012443438914027148
79 0.02804986642920748 0.2703619909502262 0.018032056990204808 0.01414027149321267
46 0.012021371326803205 0.3054298642533937 0.010908281389136243 0.026018099547511313
3 0.12333036509349955 0.18042986425339366 0.018477292965271595 0.016968325791855202
3 0.13312555654496883 0.27262443438914025 0.020258236865538737 0.016402714932126698
46 0.05832591273374889 0.25622171945701355 0.006455921638468388 0.012443438914027148
46 0.05810329474621549 0.16459276018099547 0.007123775601068566 0.013009049773755657
46 0.05810329474621549 0.07352941176470588 0.007123775601068566 0.011877828054298642
3 0.11442564559216385 0.08880090497737557 0.015360641139804097 0.014705882352941176
42 0.04363312555654497 0.3240950226244344 0.02715939447907391 0.029411764705882353
42 0.043410507569011575 0.5271493212669683 0.02715939447907391 0.031108597285067874
64 0.1613980409617097 0.4259049773755656 0.019590382902938557 0.019230769230769232
7 0.2373107747105966 0.21436651583710406 0.014247551202137132 0.0333710407239819
42 0.2531166518254675 0.20361990950226244 0.017364203027604632 0.024321266968325792
79 0.38512911843276937 0.2692307692307692 0.016251113089937666 0.013574660633484163
86 0.43544078361531613 0.36764705882352944 0.015805877114870883 0.016968325791855202
22 0.4044968833481745 0.2703619909502262 0.00823686553873553 0.015271493212669683
22 0.40382902938557436 0.17816742081447964 0.00823686553873553 0.013574660633484163
79 0.3842386464826358 0.17703619909502263 0.016918967052537846 0.013009049773755657
29 0.20146927871772038 0.2647058823529412 0.016918967052537846 0.023755656108597284
29 0.20169189670525378 0.17251131221719457 0.02070347284060552 0.026018099547511313
29 0.20102404274265362 0.08088235294117647 0.018032056990204808 0.026018099547511313
42 0.25422974176313445 0.020361990950226245 0.018477292965271595 0.020361990950226245
7 0.23686553873552982 0.03167420814479638 0.014247551202137132 0.027149321266968326
7 0.2377560106856634 0.1244343891402715 0.015360641139804097 0.028846153846153848
73 0.4565894924309884 0.3987556561085973 0.05676758682101514 0.024321266968325792
73 0.45859305431878894 0.2680995475113122 0.0578806767586821 0.024321266968325792
73 0.4579252003561888 0.17647058823529413 0.05565449688334818 0.025452488687782805
73 0.4568121104185218 0.08540723981900453 0.060552092609082814 0.026583710407239818
79 0.3831255565449688 0.08597285067873303 0.018477292965271595 0.012443438914027148
65 0.44390026714158504 0.22002262443438914 0.03383793410507569 0.03733031674208145
65 0.44367764915405167 0.12839366515837103 0.03984861976847729 0.04468325791855204
42 0.49710596616206587 0.09445701357466063 0.014692787177203919 0.03959276018099547
46 0.1863312555654497 0.6380090497737556 0.0182546749777382 0.0746606334841629
42 0.25022261798753337 0.7528280542986425 0.03695458593054319 0.09615384615384616
42 0.41896705253784505 0.8812217194570136 0.03829029385574354 0.08597285067873303
42 0.33771148708815674 0.9462669683257918 0.0182546749777382 0.05656108597285068
93 0.3626447016918967 0.8506787330316742 0.031611754229741766 0.07918552036199095
42 0.29808548530721285 0.579185520361991 0.015583259127337488 0.04751131221719457
93 0.3813446126447017 0.7256787330316742 0.031611754229741766 0.0667420814479638
1 0.31188780053428317 0.9066742081447964 0.03784505788067676 0.04638009049773756
7 0.47974176313446126 0.8880090497737556 0.020035618878005344 0.09954751131221719
22 0.30031166518254676 0.6487556561085973 0.017364203027604632 0.0418552036199095
48 0.4151825467497774 0.7816742081447964 0.020035618878005344 0.058823529411764705
7 0.3419412288512912 0.7714932126696833 0.022707034728406055 0.09954751131221719
86 0.35284951024042743 0.6080316742081447 0.02983081032947462 0.053167420814479636
86 0.29096170970614427 0.8161764705882353 0.017364203027604632 0.04638009049773756
86 0.29719501335707926 0.9813348416289592 0.023597506678539625 0.03733031674208145
86 0.3893588601959038 0.8546380090497737 0.02226179875333927 0.053167420814479636
86 0.4300979519145147 0.9700226244343891 0.024933214603739984 0.053167420814479636