42 0.22185824895771292 0.029411764705882353 0.0247170935080405 0.013009049773755657
42 0.0634306134603931 0.02997737556561086 0.024121500893388922 0.015271493212669683
42 0.27873734365693864 0.0673076923076923 0.01876116736152472 0.012443438914027148
42 0.22185824895771292 0.08427601809954752 0.022334723049434187 0.01414027149321267
42 0.06283502084574151 0.08597285067873303 0.02531268612269208 0.011877828054298642
42 0.2227516378796903 0.13970588235294118 0.02114353782013103 0.012443438914027148
42 0.06372840976771887 0.14027149321266968 0.02531268612269208 0.011312217194570135
79 0.030375223347230494 0.05203619909502263 0.023525908278737344 0.006787330316742082
79 0.030970815961882073 0.10690045248868778 0.02054794520547945 0.007352941176470588
79 0.030970815961882073 0.16176470588235295 0.019952352590827872 0.008484162895927601
46 0.013103037522334724 0.18269230769230768 0.011911852293031567 0.01583710407239819
3 0.13579511614055986 0.1080316742081448 0.02054794520547945 0.010180995475113122
3 0.14651578320428826 0.16289592760180996 0.022334723049434187 0.009615384615384616
46 0.06432400238237046 0.15328054298642535 0.00714711137581894 0.007352941176470588
46 0.06402620607504467 0.09841628959276018 0.007742703990470518 0.007918552036199095
46 0.06402620607504467 0.04411764705882353 0.007742703990470518 0.007352941176470588
3 0.1262656343061346 0.053167420814479636 0.016676593210244194 0.00904977375565611
42 0.04794520547945205 0.19400452488687783 0.030077427039904705 0.01753393665158371
42 0.047647409172126266 0.3156108597285068 0.030077427039904705 0.018665158371040724
64 0.17778439547349612 0.25509049773755654 0.021739130434782608 0.011312217194570135
7 0.2614651578320429 0.12839366515837103 0.015485407980941036 0.020361990950226245
42 0.27873734365693864 0.12217194570135746 0.019356759976176294 0.014705882352941176
79 0.4243597379392495 0.16119909502262444 0.01816557474687314 0.007918552036199095
86 0.4797498511018463 0.22002262443438914 0.01756998213222156 0.010180995475113122
22 0.4455032757593806 0.16176470588235295 0.008933889219773675 0.00904977375565611
22 0.444907683144729 0.10690045248868778 0.008933889219773675 0.007918552036199095
79 0.4234663490172722 0.10633484162895927 0.01876116736152472 0.007918552036199095
29 0.2221560452650387 0.1583710407239819 0.01876116736152472 0.01414027149321267
29 0.2224538415723645 0.10294117647058823 0.022930315664085765 0.01583710407239819
29 0.22156045265038712 0.048642533936651584 0.019952352590827872 0.01583710407239819
42 0.2799285288862418 0.011877828054298642 0.02054794520547945 0.012443438914027148
7 0.2611673615247171 0.019230769230769232 0.015485407980941036 0.016402714932126698
7 0.26206075044669447 0.0746606334841629 0.016676593210244194 0.016968325791855202
73 0.5029779630732579 0.23868778280542988 0.06253722453841572 0.014705882352941176
73 0.5053603335318642 0.16063348416289594 0.06372840976771887 0.014705882352941176
73 0.5044669446098868 0.10576923076923077 0.06134603930911257 0.015271493212669683
73 0.5032757593805837 0.051470588235294115 0.06670637284097677 0.01583710407239819
79 0.42227516378796903 0.051470588235294115 0.02054794520547945 0.007352941176470588
65 0.48927933293627157 0.13178733031674209 0.037224538415723644 0.02262443438914027
65 0.48868374032162 0.07692307692307693 0.04377605717689101 0.026583710407239818
25 0.549434187016081 0.04355203619909502 0.019654556283502083 0.057692307692307696
25 0.5491363907087552 0.12160633484162896 0.019058963668850508 0.057692307692307696
42 0.8335318642048839 0.11425339366515837 0.029184038117927337 0.05429864253393665
42 0.764145324597975 0.24377828054298642 0.02858844550327576 0.053167420814479636
49 0.54526503871352 0.2420814479638009 0.011316259678379988 0.05656108597285068
88 0.49017272185824895 0.4066742081447964 0.06134603930911257 0.06787330316742081
102 0.49106611078022633 0.5712669683257918 0.06551518761167362 0.19343891402714933
101 0.4922572960095295 0.7805429864253394 0.06372840976771887 0.19683257918552036
103 0.48957712924359736 0.9434389140271493 0.06075044669446099 0.11312217194570136