42 0.06544968833481746 0.37160633484162897 0.026491540516473733 0.029411764705882353
42 0.06589492430988424 0.5588235294117647 0.030943900267141587 0.02828054298642534
42 0.14158504007123776 0.3037330316742081 0.025823686553873553 0.022058823529411766
42 0.1772039180765806 0.37160633484162897 0.028717720391807658 0.026583710407239818
42 0.1798753339269813 0.5593891402714932 0.024265360641139804 0.02997737556561086
42 0.2891807658058771 0.37047511312217196 0.025823686553873553 0.024886877828054297
42 0.2902938557435441 0.5582579185520362 0.023374888691006235 0.02997737556561086
79 0.11086375779162956 0.5978506787330317 0.013579697239536954 0.02771493212669683
79 0.2226179875333927 0.5972850678733032 0.015138023152270703 0.024321266968325792
79 0.33459483526268924 0.5972850678733032 0.017364203027604632 0.023755656108597284
46 0.37711487088156725 0.6182126696832579 0.031834372217275156 0.01414027149321267
3 0.22484416740872662 0.47341628959276016 0.020480854853072127 0.024321266968325792
3 0.33682101513802315 0.4604072398190045 0.019590382902938557 0.026583710407239818
46 0.3172306322350846 0.5576923076923077 0.015138023152270703 0.008484162895927601
46 0.20547640249332147 0.5582579185520362 0.015805877114870883 0.00904977375565611
46 0.0946126447016919 0.5582579185520362 0.014470169189670526 0.00904977375565611
3 0.11308993766696349 0.4847285067873303 0.0182546749777382 0.019796380090497737
42 0.4000445235975067 0.5769230769230769 0.03561887800534283 0.035633484162895926
42 0.647373107747106 0.5774886877828054 0.03784505788067676 0.035633484162895926
64 0.5235975066785397 0.4230769230769231 0.023374888691006235 0.025452488687782805
7 0.2660284951024043 0.3246606334841629 0.04096170970614425 0.018665158371040724
42 0.25333926981300087 0.3037330316742081 0.029608192341941227 0.02262443438914027
79 0.3330365093499555 0.13178733031674209 0.016696349065004452 0.021493212669683258
86 0.45302760463045416 0.06561085972850679 0.020480854853072127 0.020361990950226245
22 0.33414959928762245 0.10633484162895927 0.01892252894033838 0.010746606334841629
22 0.22217275155832591 0.10690045248868778 0.016696349065004452 0.010746606334841629
79 0.22105966162065896 0.1329185520361991 0.015805877114870883 0.022058823529411766
29 0.32791629563668745 0.37104072398190047 0.028717720391807658 0.022058823529411766
29 0.21504897595725736 0.37047511312217196 0.031834372217275156 0.027149321266968326
29 0.10418521816562779 0.37160633484162897 0.031834372217275156 0.023755656108597284
42 0.02983081032947462 0.3026018099547511 0.024933214603739984 0.024321266968325792
7 0.04385574354407836 0.3246606334841629 0.033392698130008905 0.018665158371040724
7 0.15672306322350846 0.3235294117647059 0.034728406055209264 0.019796380090497737
73 0.4908726625111309 0.038461538461538464 0.029608192341941227 0.07409502262443439
73 0.33192341941228853 0.03676470588235294 0.029608192341941227 0.07352941176470588
73 0.22039180765805877 0.03676470588235294 0.030943900267141587 0.07239819004524888
73 0.10930543187889581 0.03902714932126697 0.03250222617987533 0.07748868778280543
79 0.11019590382902938 0.1340497737556561 0.015138023152270703 0.024321266968325792
65 0.27337488869100623 0.05486425339366516 0.04541406945681211 0.04411764705882353
65 0.1616206589492431 0.05486425339366516 0.054541406945681215 0.05203619909502263
46 0.2493321460373998 0.6481900452488688 0.029385574354407838 0.038461538461538464
49 0.8788958147818343 0.7731900452488688 0.02626892252894034 0.07239819004524888
25 0.9392252894033838 0.7737556561085973 0.02804986642920748 0.07126696832579185
25 0.8290293855743545 0.791289592760181 0.025823686553873553 0.07352941176470588
25 0.9897595725734639 0.6453619909502263 0.020480854853072127 0.032805429864253395
95 0.927426536064114 0.9898190045248869 0.02226179875333927 0.020361990950226245
42 0.9897595725734639 0.7234162895927602 0.020480854853072127 0.06900452488687783
42 0.8820124666073018 0.880656108597285 0.031166518254674976 0.07352941176470588
42 0.8544078361531612 0.6521493212669683 0.027604630454140695 0.04638009049773756