42 0.4110244988864143 0.0899660633484163 0.0457572383073497 0.04049773755656109
42 0.11775055679287305 0.09072398190045249 0.04425389755011137 0.046595022624434386
42 0.5169599109131403 0.20352941176470588 0.034877505567928783 0.03903846153846153
42 0.4110244988864143 0.2570701357466063 0.04124721603563471 0.04326923076923077
42 0.11662583518930958 0.2604977375565611 0.0465033407572383 0.036414027149321265
42 0.41251670378619154 0.4239819004524887 0.03975501113585751 0.0388122171945702
42 0.11793986636971046 0.42565610859728503 0.04688195991091314 0.03530542986425343
79 0.05624721603563474 0.1575678733031674 0.042750556792873054 0.02028280542986426
79 0.057193763919821825 0.324683257918552 0.03787305122494431 0.02306561085972849
79 0.05738307349665924 0.49192307692307696 0.03600222717149219 0.02613122171945704
46 0.024565701559020044 0.5555656108597286 0.022126948775055676 0.048269230769230786
3 0.2516369710467706 0.32824660633484165 0.03750556792873052 0.030214932126696875
3 0.27151447661469935 0.49573529411764705 0.041247216035634734 0.029174208144796338
46 0.11933184855233853 0.46589366515837105 0.012906458797327398 0.023246606334841578
46 0.11867483296213807 0.29899321266968326 0.015200445434298448 0.02317873303167422
46 0.11878619153674833 0.13341628959276017 0.014766146993318475 0.021402714932126716
3 0.23388641425389756 0.16092760180995475 0.031536748329621375 0.027330316742081476
42 0.08924276169265033 0.5900113122171946 0.05532293986636972 0.05400452488687784
42 0.08837416481069042 0.9591515837104072 0.05566815144766148 0.0564705882352942
64 0.32964365256124717 0.7742533936651584 0.039309576837416434 0.034434389140271554
7 0.48446547884187086 0.38951357466063347 0.029576837416481008 0.06089366515837109
42 0.516826280623608 0.37059954751131224 0.035835189309576784 0.04355203619909502
79 0.7862806236080179 0.4895475113122172 0.034097995545656894 0.02485294117647062
86 0.8892650334075723 0.6692760180995475 0.03131403118040077 0.030180995475113194
22 0.8256013363028953 0.4913461538461539 0.01670378619153675 0.028438914027149306
22 0.8243763919821826 0.3241402714932127 0.016347438752784035 0.02484162895927606
79 0.784543429844098 0.3225452488687783 0.034788418708240544 0.023778280542986405
29 0.4114587973273942 0.48185520361990947 0.03396436525612472 0.04306561085972856
29 0.41229398663697103 0.31332579185520365 0.0417817371937639 0.04642533936651579
29 0.4104120267260579 0.14788461538461536 0.03673719376391983 0.04765837104072398
42 0.5188641425389755 0.03673076923076923 0.03694877505567923 0.03654977375565611
7 0.48410913140311806 0.057522624434389144 0.028808463251670385 0.05014705882352941
7 0.48535634743875283 0.22613122171945702 0.031314031180400895 0.05273755656108598
73 0.9319599109131402 0.725554298642534 0.11667037861915365 0.043518099547511346
73 0.9365367483296214 0.4879411764705882 0.1171603563474388 0.04434389140271498
73 0.9346102449888641 0.32136877828054294 0.11329621380846326 0.046187782805429914
73 0.9324387527839644 0.15528280542986425 0.12342984409799546 0.04901583710407238
79 0.7824944320712695 0.1567420814479638 0.03760579064587971 0.022567873303167407
65 0.9063251670378619 0.4006108597285068 0.06893095768374174 0.06776018099547508
65 0.9057015590200446 0.23364253393665158 0.08062360801781747 0.08142533936651586