42 0.09752589182968929 0.06369426751592357 0.020138089758342925 0.036093418259023353
3 0.02474108170310702 0.1305732484076433 0.021288837744533946 0.027600849256900213
64 0.05466052934407365 0.39225053078556266 0.020713463751438434 0.032908704883227176
7 0.13463751438434982 0.03131634819532909 0.014959723820483314 0.05732484076433121
42 0.15132336018411968 0.016985138004246284 0.018411967779056387 0.03397027600849257
79 0.2905638665132336 0.12526539278131635 0.01726121979286536 0.02335456475583864
86 0.3437859608745685 0.2935244161358811 0.01668584579976985 0.028662420382165606
22 0.3109896432681243 0.12685774946921444 0.00863060989643268 0.02653927813163482
29 0.09695051783659378 0.1178343949044586 0.017836593785960874 0.040339702760084924
73 0.34781357882623704 0.3466029723991507 0.023590333716915997 0.041401273885350316
73 0.3486766398158803 0.12367303609341826 0.02186421173762946 0.041401273885350316
65 0.34723820483314155 0.041401273885350316 0.02474108170310702 0.06369426751592357
78 0.8598964326812428 0.07749469214437367 0.08803222094361335 0.15498938428874734
76 0.8581703107019563 0.31528662420382164 0.08918296892980437 0.1592356687898089
67 0.8587456846950517 0.5355626326963907 0.08803222094361335 0.12845010615711253
42 0.21029919447640966 0.8354564755838642 0.02819332566168009 0.050955414012738856
42 0.1432681242807825 0.9570063694267515 0.02761795166858458 0.049893842887473464