42 0.04535637149028078 0.14592760180995476 0.0367170626349892 0.03506787330316742
42 0.09611231101511879 0.25339366515837103 0.04103671706263499 0.0418552036199095
42 0.25593952483801297 0.2516968325791855 0.0367170626349892 0.03959276018099547
7 0.22300215982721383 0.17873303167420815 0.058315334773218146 0.029411764705882353
42 0.20464362850971923 0.14592760180995476 0.042116630669546434 0.03619909502262444
29 0.31101511879049676 0.2528280542986425 0.04103671706263499 0.03506787330316742
29 0.15010799136069114 0.252262443438914 0.04535637149028078 0.042986425339366516
29 0.007019438444924406 0.25395927601809953 0.014038876889848811 0.03733031674208145
7 0.06695464362850972 0.17760180995475114 0.04967602591792657 0.03167420814479638
42 0.5383369330453563 0.24660633484162897 0.03779697624190065 0.05429864253393665
93 0.7737580993520519 0.20984162895927602 0.05183585313174946 0.05429864253393665
47 0.7904967602591793 0.06957013574660634 0.04103671706263499 0.024886877828054297
48 0.8434125269978402 0.027149321266968326 0.05399568034557235 0.05429864253393665
42 0.6663066954643628 0.06957013574660634 0.0550755939524838 0.058823529411764705
39 0.8579913606911447 0.1436651583710407 0.029157667386609073 0.014705882352941176
3 0.6528077753779697 0.2686651583710407 0.03455723542116631 0.04638009049773756
96 0.6144708423326134 0.2669683257918552 0.035637149028077755 0.024886877828054297
42 0.7915766738660908 0.1244343891402715 0.024838012958963283 0.03506787330316742
42 0.6474082073434125 0.12386877828054299 0.032397408207343416 0.032805429864253395
42 0.8758099352051836 0.2081447963800905 0.0734341252699784 0.07352941176470588
1 0.7208423326133909 0.023755656108597284 0.03779697624190065 0.04751131221719457
36 0.5934125269978402 0.08031674208144797 0.032397408207343416 0.04411764705882353
48 0.6258099352051836 0.23529411764705882 0.03023758099352052 0.02262443438914027
25 0.17926565874730022 0.3178733031674208 0.06479481641468683 0.03619909502262444
42 0.19978401727861772 0.9145927601809954 0.056155507559395246 0.0667420814479638
42 0.37311015118790497 0.9089366515837104 0.05939524838012959 0.0667420814479638
42 0.3741900647948164 0.8410633484162896 0.06263498920086392 0.058823529411764705
42 0.45788336933045354 0.5452488687782805 0.06047516198704104 0.06787330316742081
42 0.3461123110151188 0.457579185520362 0.05939524838012959 0.05995475113122172
42 0.341792656587473 0.3891402714932127 0.061555075593952485 0.06561085972850679
42 0.17980561555075594 0.40441176470588236 0.06479481641468683 0.06447963800904978
3 0.28779697624190065 0.36255656108597284 0.04427645788336933 0.048642533936651584
3 0.31641468682505397 0.9338235294117647 0.038876889848812095 0.042986425339366516
46 0.5145788336933045 0.6979638009049773 0.009719222462203024 0.04751131221719457
42 0.3147948164146868 0.7822398190045249 0.03995680345572354 0.029411764705882353
42 0.2845572354211663 0.5141402714932126 0.03995680345572354 0.030542986425339366
96 0.2775377969762419 0.9338235294117647 0.03347732181425486 0.02828054298642534
48 0.29211663066954646 0.9032805429864253 0.029157667386609073 0.05542986425339366
48 0.26241900647948163 0.3942307692307692 0.024838012958963283 0.049773755656108594
96 0.24568034557235421 0.36368778280542985 0.03779697624190065 0.026018099547511313
1 0.10637149028077754 0.9400452488687783 0.052915766738660906 0.08597285067873303
39 0.17008639308855292 0.5124434389140271 0.02159827213822894 0.029411764705882353
56 0.43466522678185743 0.5135746606334841 0.03995680345572354 0.048642533936651584
49 0.8131749460043196 0.7731900452488688 0.06371490280777538 0.07239819004524888
25 0.9595032397408207 0.7737556561085973 0.06803455723542116 0.07126696832579185
25 0.6922246220302376 0.791289592760181 0.06263498920086392 0.07352941176470588
25 0.75 0.35180995475113125 0.0755939524838013 0.07013574660633484
95 0.9308855291576674 0.9898190045248869 0.05399568034557235 0.020361990950226245
42 0.8207343412526998 0.880656108597285 0.0755939524838013 0.07352941176470588
42 0.7537796976241901 0.6430995475113123 0.06695464362850972 0.06447963800904978
42 0.7526997840172787 0.5588235294117647 0.06263498920086392 0.06787330316742081
42 0.7532397408207343 0.47115384615384615 0.06371490280777538 0.06900452488687783
39 0.8450323974082073 0.5559954751131222 0.02267818574514039 0.021493212669683258