42 0.229745712596097 0.0582579185520362 0.0254287403903016 0.025452488687782805
42 0.06564163217031342 0.058823529411764705 0.024837374334713187 0.02997737556561086
42 0.2891780011827321 0.1323529411764706 0.0192193968066233 0.024886877828054297
42 0.229745712596097 0.1668552036199095 0.023063276167947958 0.02771493212669683
42 0.06505026611472502 0.16911764705882354 0.026020106445890007 0.023755656108597284
42 0.2309284447072738 0.2754524886877828 0.02188054405677114 0.024886877828054297
42 0.06593731519810762 0.27658371040723984 0.026020106445890007 0.02262443438914027
79 0.03134240094618569 0.10237556561085973 0.02424600827912478 0.013009049773755657
79 0.032229450029568306 0.21097285067873303 0.021289178001182733 0.014705882352941176
79 0.032229450029568306 0.3195701357466063 0.02069781194559432 0.016968325791855202
46 0.013601419278533412 0.3608597285067873 0.012418687167356593 0.031108597285067874
3 0.1407451212300414 0.21323529411764705 0.021289178001182733 0.019796380090497737
3 0.15198107628622118 0.3218325791855204 0.023063276167947958 0.019230769230769232
46 0.06652868125369604 0.3026018099547511 0.007392075694855115 0.014705882352941176
46 0.06623299822590184 0.19400452488687783 0.007983441750443524 0.015271493212669683
46 0.06623299822590184 0.08653846153846154 0.007983441750443524 0.01414027149321267
3 0.13069189828503844 0.10463800904977376 0.01744529863985807 0.01753393665158371
42 0.04997043169722058 0.3829185520361991 0.031046717918391486 0.034502262443438916
42 0.04937906564163217 0.622737556561086 0.031046717918391486 0.03676470588235294
64 0.18450620934358367 0.5028280542986425 0.02247191011235955 0.02262443438914027
7 0.2711413364872856 0.2528280542986425 0.016262566528681254 0.03959276018099547
42 0.2891780011827321 0.2403846153846154 0.019810762862211707 0.028846153846153848
79 0.43968066232998226 0.3178733031674208 0.01862803075103489 0.016402714932126698
86 0.4973388527498522 0.4343891402714932 0.018036664695446483 0.019796380090497737
22 0.4618568894145476 0.3190045248868778 0.009461856889414548 0.01809954751131222
22 0.4612655233589592 0.21040723981900453 0.009461856889414548 0.016402714932126698
79 0.43879361324659966 0.20927601809954752 0.0192193968066233 0.015271493212669683
29 0.2303370786516854 0.31278280542986425 0.0192193968066233 0.02771493212669683
29 0.2306327616794796 0.20361990950226244 0.02365464222353637 0.031108597285067874
29 0.22945002956830277 0.09558823529411764 0.02069781194559432 0.031108597285067874
42 0.29036073329390893 0.023755656108597284 0.021289178001182733 0.024321266968325792
7 0.2705499704316972 0.03733031674208145 0.016262566528681254 0.03223981900452489
7 0.271732702542874 0.14705882352941177 0.01744529863985807 0.033936651583710405
73 0.5212891780011827 0.47115384615384615 0.06475458308693081 0.028846153846153848
73 0.5239503252513306 0.3167420814479638 0.06593731519810762 0.028846153846153848
73 0.523063276167948 0.208710407239819 0.06357185097575399 0.02997737556561086
73 0.5218805440567711 0.10124434389140272 0.06918982850384388 0.03167420814479638
79 0.43761088113542285 0.10180995475113122 0.021289178001182733 0.014705882352941176
65 0.5070963926670609 0.26018099547511314 0.03873447664104081 0.04411764705882353
65 0.5068007096392667 0.1515837104072398 0.04553518628030751 0.053167420814479636
46 0.814902424600828 0.8280542986425339 0.03252513305736251 0.038461538461538464
46 0.7516262566528681 0.6968325791855203 0.02247191011235955 0.05429864253393665
46 0.5733293908929628 0.8416289592760181 0.023063276167947958 0.058823529411764705
42 0.9136605558840922 0.7918552036199095 0.04553518628030751 0.09954751131221719
25 0.9733885274985216 0.7121040723981901 0.05322294500295683 0.10067873303167421
42 0.9736842105263158 0.8636877828054299 0.05263157894736842 0.11877828054298642
22 0.7770549970431697 0.829185520361991 0.020106445890005913 0.03506787330316742