42 0.361349342481418 0.04192139737991266 0.019439679817038306 0.027074235807860263
7 0.2672955974842767 0.016593886462882096 0.030874785591766724 0.022707423580786028
42 0.2770154373927959 0.04192139737991266 0.022298456260720412 0.02794759825327511
7 0.34991423670668953 0.017467248908296942 0.026300743281875358 0.02445414847161572
42 0.3564894225271584 0.26768558951965066 0.024013722126929673 0.03755458515283843
42 0.09348198970840481 0.6820960698689956 0.04345340194396798 0.06724890829694323
42 0.3644939965694683 0.6978165938864629 0.030303030303030304 0.06637554585152838
42 0.3361921097770154 0.7550218340611353 0.04288164665523156 0.06637554585152838
42 0.040022870211549454 0.9445414847161572 0.045740423098913664 0.07161572052401746
42 0.30360205831903947 0.5938864628820961 0.023441966838193252 0.0314410480349345
39 0.27215551743853633 0.3296943231441048 0.009719839908519153 0.0314410480349345
39 0.27072612921669525 0.5161572052401747 0.012578616352201259 0.021834061135371178
42 0.08947970268724986 0.8048034934497816 0.052601486563750716 0.08384279475982533
95 0.3570611778158948 0.9279475982532751 0.016009148084619784 0.06986899563318777
95 0.3067467124070898 0.31353711790393013 0.0137221269296741 0.07598253275109171
39 0.27215551743853633 0.9065502183406113 0.013150371640937679 0.03755458515283843
30 0.30131503716409375 0.6982532751091703 0.016580903373356205 0.04192139737991266
30 0.29445397369925674 0.754585152838428 0.015437392795883362 0.0445414847161572
23 0.16066323613493425 0.45676855895196505 0.018867924528301886 0.03056768558951965
23 0.23699256718124642 0.5310043668122271 0.018296169239565466 0.034934497816593885
23 0.1761006289308176 0.5296943231441048 0.018867924528301886 0.02794759825327511
23 0.1266437964551172 0.26724890829694326 0.019439679817038306 0.028820960698689956
23 0.06289308176100629 0.26724890829694326 0.017724413950829045 0.026200873362445413
23 0.0220125786163522 0.4554585152838428 0.014865637507146942 0.0314410480349345
23 0.05717552887364208 0.6441048034934498 0.017724413950829045 0.023580786026200874
23 0.04859919954259577 0.7707423580786026 0.017152658662092625 0.02794759825327511
23 0.03887935963407661 0.868995633187773 0.020011435105774727 0.027074235807860263
23 0.1312178387650086 0.6414847161572053 0.018867924528301886 0.02445414847161572
23 0.13064608347627216 0.7676855895196506 0.019439679817038306 0.026200873362445413
58 0.9588336192109777 0.7541484716157205 0.0823327615780446 0.14585152838427948
54 0.8321898227558605 0.7524017467248908 0.0880503144654088 0.13537117903930132
57 0.7049742710120068 0.7550218340611353 0.09205260148656375 0.13275109170305677
26 0.5740423098913665 0.7558951965065502 0.09148084619782733 0.14497816593886462