25 0.12060750446694461 0.334855403348554 0.0357355568790947 0.05555555555555555
25 0.12120309708159618 0.395738203957382 0.03633114949374628 0.05403348554033485
25 0.12150089338892198 0.525875190258752 0.033055390113162594 0.0593607305936073
25 0.12298987492555093 0.6232876712328768 0.034544371649791544 0.05403348554033485
42 0.3924955330553901 0.1948249619482496 0.023228111971411555 0.04033485540334855
42 0.37462775461584275 0.2328767123287671 0.02531268612269208 0.03729071537290715
42 0.37522334723049433 0.3515981735159817 0.024419297200714712 0.03729071537290715
46 0.336212030970816 0.0106544901065449 0.013400833829660513 0.0213089802130898
46 0.32310899344848126 0.1095890410958904 0.01786777843954735 0.02359208523592085
42 0.30464562239428233 0.19254185692541856 0.030375223347230494 0.05859969558599695
46 0.3511018463371054 0.3515981735159817 0.017272185824895772 0.0182648401826484
46 0.336212030970816 0.4375951293759513 0.01399642644431209 0.0334855403348554
34 0.3823704586063133 0.3089802130898021 0.052412150089338895 0.03576864535768645
65 0.12269207861822513 0.1841704718417047 0.03901131625967838 0.06468797564687975
49 0.12060750446694461 0.4558599695585997 0.03901131625967838 0.0471841704718417
42 0.8254913639070875 0.647640791476408 0.03335318642048839 0.0441400304414003
42 0.7352590827873734 0.5981735159817352 0.03275759380583681 0.0791476407914764
42 0.7340678975580702 0.6575342465753424 0.030375223347230494 0.0243531202435312
42 0.6730196545562835 0.4809741248097412 0.03275759380583681 0.0852359208523592
42 0.7188802858844551 0.01750380517503805 0.034544371649791544 0.0350076103500761
42 0.7185824895771292 0.08295281582952815 0.033948779035139966 0.0898021308980213
42 0.8168552709946396 0.0136986301369863 0.03513996426444312 0.0273972602739726
42 0.7522334723049434 0.1567732115677321 0.019058963668850508 0.0426179604261796
42 0.769803454437165 0.5205479452054794 0.02084574151280524 0.045662100456621
95 0.8939845145920191 0.13774733637747336 0.01429422275163788 0.0928462709284627
48 0.764145324597975 0.0197869101978691 0.015485407980941036 0.0395738203957382
48 0.7808219178082192 0.662861491628615 0.013103037522334724 0.0136986301369863
56 0.6873138773079214 0.525875190258752 0.01429422275163788 0.0487062404870624