25 0.136318654131618 0.1597222222222222 0.04032657100445324 0.026515151515151516
25 0.13706086095992084 0.18876262626262627 0.04106877783275606 0.025883838383838384
25 0.13730826323602177 0.25126262626262624 0.03735774369124196 0.028409090909090908
25 0.13904007916872835 0.29734848484848486 0.0388421573478476 0.025883838383838384
42 0.4433448787728847 0.0928030303030303 0.026224641266699655 0.01893939393939394
42 0.42305789213260764 0.1111111111111111 0.028451261751608115 0.017676767676767676
42 0.4238000989609104 0.1672979797979798 0.027709054923305294 0.017676767676767676
46 0.3797624938149431 0.005050505050505051 0.015091538842157347 0.010101010101010102
46 0.36516575952498764 0.052398989898989896 0.02028698664027709 0.011363636363636364
42 0.34413656605640774 0.09217171717171717 0.034388916378030675 0.027777777777777776
46 0.396585848589807 0.1672979797979798 0.01954477981197427 0.008838383838383838
46 0.3797624938149431 0.20896464646464646 0.01583374567046017 0.016414141414141416
34 0.4322117763483424 0.14709595959595959 0.05912914398812469 0.017045454545454544
65 0.13854527461652646 0.08775252525252525 0.044285007422068284 0.030934343434343436
49 0.136318654131618 0.21717171717171718 0.044285007422068284 0.022727272727272728
94 0.7503711034141514 0.09848484848484848 0.03908955962394854 0.03409090909090909
42 0.6687283523008412 0.18181818181818182 0.022761009401286492 0.050505050505050504
39 0.6427511133102425 0.18118686868686867 0.010390895596239486 0.047979797979797977
22 0.8146956952003959 0.2222222222222222 0.017812963879267688 0.036616161616161616
46 0.8367144977733795 0.16603535353535354 0.01830776843146957 0.03787878787878788
46 0.9497773379515092 0.07954545454545454 0.024740227610094014 0.04040404040404041
86 0.8666501731815933 0.20075757575757575 0.01929737753587333 0.050505050505050504
94 0.8270658090054428 0.28535353535353536 0.0351311232063335 0.036616161616161616
39 0.6939633844631371 0.18118686868686867 0.012864918357248886 0.05176767676767677
42 0.7402276100940128 0.1351010101010101 0.01979218208807521 0.04292929292929293
46 0.8132112815437902 0.3042929292929293 0.015338941118258289 0.030303030303030304
25 0.47946561108362196 0.6515151515151515 0.04057397328055418 0.05808080808080808
42 0.3050470064324592 0.442550505050505 0.03785254824344384 0.05808080808080808
42 0.2281048985650668 0.4842171717171717 0.03587333003463632 0.05808080808080808
42 0.3753092528451262 0.5176767676767676 0.03735774369124196 0.05176767676767677
42 0.37803067788223654 0.5763888888888888 0.03859475507174666 0.05618686868686869
42 0.4797130133597229 0.5637626262626263 0.04057397328055418 0.05555555555555555
49 0.4396338446313706 0.6717171717171717 0.04280059376546264 0.017676767676767676
3 0.4119247897080653 0.5997474747474747 0.027709054923305294 0.041666666666666664
46 0.2615042058386937 0.32575757575757575 0.022266204849084613 0.012626262626262626
46 0.18654131618010886 0.32575757575757575 0.017812963879267688 0.012626262626262626
46 0.18777832756061355 0.44191919191919193 0.01632855022266205 0.04292929292929293
46 0.18579910935180605 0.5290404040404041 0.02028698664027709 0.039141414141414144
47 0.2600197921820881 0.38825757575757575 0.015586343394359228 0.04671717171717172
42 0.15734784760019793 0.36047979797979796 0.024492825333993072 0.023989898989898988
42 0.1293913904007917 0.33080808080808083 0.022266204849084613 0.022727272727272728
42 0.1306284017812964 0.40025252525252525 0.02177140029688273 0.03282828282828283
42 0.4139040079168728 0.4696969696969697 0.02498762988619495 0.026515151515151516
22 0.18777832756061355 0.4053030303030303 0.01830776843146957 0.022095959595959596
22 0.18876793666501732 0.4779040404040404 0.015586343394359228 0.025252525252525252
39 0.2152399802078179 0.442550505050505 0.01830776843146957 0.027146464646464648
1 0.16848095002474023 0.494949494949495 0.0475012370113805 0.041666666666666664
48 0.4277585353785255 0.57260101010101 0.015586343394359228 0.04292929292929293
96 0.4383968332508659 0.5984848484848485 0.02375061850569025 0.022095959595959596
1 0.2318159327065809 0.351010101010101 0.04948045522018803 0.041035353535353536
39 0.4858980702622464 0.47095959595959597 0.013607125185551707 0.025252525252525252
56 0.31964374072241464 0.4696969696969697 0.02498762988619495 0.041666666666666664
25 0.7956457199406235 0.46654040404040403 0.03859475507174666 0.09848484848484848
42 0.7137555665512123 0.3667929292929293 0.04106877783275606 0.0946969696969697
42 0.6788718456209797 0.5410353535353535 0.03809995051954478 0.09848484848484848
42 0.714992577931717 0.4659090909090909 0.03859475507174666 0.1111111111111111
46 0.6380504700643246 0.9785353535353535 0.014349332013854528 0.04292929292929293
46 0.6375556655121227 0.7316919191919192 0.01682335477486393 0.07575757575757576
46 0.6382978723404256 0.5429292929292929 0.01830776843146957 0.07196969696969698
46 0.6660069272637308 0.36426767676767674 0.027709054923305294 0.03409090909090909
46 0.6645225136071252 0.4640151515151515 0.028203859475507173 0.03535353535353535
87 0.6516575952498763 0.6420454545454546 0.04403760514596734 0.08712121212121213