25 0.3645771732702543 0.3899408284023669 0.031046717918391486 0.06449704142011835
25 0.3639858072146659 0.31893491124260354 0.031638083973979894 0.06331360946745562
25 0.3636901241868717 0.16745562130177516 0.02897693672383205 0.06923076923076923
25 0.3625073920756949 0.054437869822485205 0.029863985807214666 0.06331360946745562
42 0.1280307510348906 0.5532544378698225 0.020106445890005913 0.04674556213017751
42 0.14370195150798346 0.5088757396449705 0.02188054405677114 0.04319526627218935
42 0.14311058545239502 0.37100591715976333 0.021289178001182733 0.04319526627218935
46 0.17711413364872855 0.7668639053254438 0.011531638083973979 0.02603550295857988
46 0.18835008870490832 0.6526627218934912 0.015671200473092846 0.027218934911242602
42 0.2046126552335896 0.5556213017751479 0.026611472501478415 0.06804733727810651
46 0.16410408042578356 0.37100591715976333 0.015079834417504436 0.021301775147928994
46 0.17711413364872855 0.2698224852071006 0.01212300413956239 0.03964497041420118
34 0.13660555884092254 0.42011834319526625 0.04553518628030751 0.042011834319526625
65 0.3628030751034891 0.565680473372781 0.03400354819633353 0.07514792899408285
49 0.3645771732702543 0.24911242603550296 0.03400354819633353 0.05502958579881657
89 0.4973388527498522 0.32366863905325444 0.05558840922531047 0.15739644970414202
42 0.24807806031933766 0.7994082840236686 0.018332347723240685 0.03905325443786982
46 0.1992903607332939 0.8100591715976332 0.017740981667652277 0.06035502958579882
46 0.1342400946185689 0.8100591715976332 0.01714961561206387 0.0485207100591716