25 0.49976658476658475 0.8449464012251149 0.06635135135135134 0.08327718223583477
25 0.572911547911548 0.8432465543644716 0.06579852579852573 0.0839509954058192
25 0.728980343980344 0.8422358346094947 0.07124078624078625 0.07785604900459406
25 0.845085995085995 0.8388361408882082 0.06525798525798512 0.0792036753445636
42 0.332002457002457 0.21632465543644716 0.0473095823095823 0.05437978560490044
42 0.37794840294840293 0.25768759571209804 0.04459459459459454 0.058483920367534456
42 0.5196191646191647 0.256676875957121 0.04405405405405407 0.057794793261868316
46 0.10332923832923833 0.3465237366003063 0.0435012285012285 0.030045941807044417
46 0.2294840294840295 0.3763552833078101 0.028280098280098257 0.04091883614088825
42 0.32982800982800986 0.41975497702909653 0.0690663390663391 0.07078101071975502
46 0.5198894348894348 0.3122664624808576 0.0217567567567568 0.03885145482388975
46 0.6237592137592137 0.34719754977029094 0.04024570024570023 0.03140888208269524
34 0.46877149877149876 0.23972434915773352 0.043501228501228464 0.12153139356814703
65 0.31921375921375916 0.8401990811638591 0.07722358722358724 0.09006125574272579
49 0.644963144963145 0.8442725880551301 0.056560196560196514 0.09006125574272579
49 0.9228501228501229 0.8429096477794793 0.06416461916461919 0.08735068912710561