25 0.5125074449076832 0.27495378927911274 0.04377605717689101 0.04528650646950092
25 0.5116140559857058 0.22504621072088724 0.04466944609886837 0.044824399260628464
25 0.5110184633710542 0.1178373382624769 0.04050029779630732 0.048983364140480594
25 0.5095294818344253 0.03835489833641405 0.04228707564026206 0.044824399260628464
42 0.17986896962477666 0.3900184842883549 0.02829064919594997 0.032809611829944546
42 0.20190589636688505 0.3585951940850277 0.030673019654556283 0.030499075785582256
42 0.20101250744490767 0.26155268022181144 0.030077427039904705 0.030499075785582256
46 0.24895771292435973 0.5406654343807763 0.016081000595592615 0.018484288354898338
46 0.26474091721262655 0.4602587800369686 0.022036926742108397 0.019408502772643253
42 0.2873734365693865 0.3914048059149723 0.037224538415723644 0.04805914972273567
46 0.2307921381774866 0.26155268022181144 0.02114353782013103 0.015249537892791128
46 0.24895771292435973 0.19038817005545286 0.016974389517569983 0.027726432532347505
34 0.192078618225134 0.2962107208872458 0.06402620607504467 0.029574861367837338
65 0.509827278141751 0.3987985212569316 0.04794520547945205 0.05314232902033272
49 0.5125074449076832 0.1756007393715342 0.04794520547945205 0.038817005545286505
64 0.6917808219178082 0.5041589648798521 0.02084574151280524 0.04528650646950092
42 0.7611673615247171 0.5147874306839186 0.04526503871351995 0.07024029574861368
42 0.9416319237641453 0.4810536044362292 0.04586063132817153 0.06931608133086876
3 0.9315068493150684 0.2647874306839187 0.02858844550327576 0.03974121996303143
3 0.7647409172126266 0.44731977818853974 0.022036926742108397 0.04528650646950092
3 0.7736748064324003 0.266173752310536 0.02858844550327576 0.036968576709796676
47 0.9907683144729006 0.3521256931608133 0.01846337105419893 0.027726432532347505
39 0.9419297200714711 0.4043438077634011 0.016676593210244194 0.013863216266173753
39 0.6944609886837403 0.5360443622920518 0.01786777843954735 0.011090573012939002
39 0.6944609886837403 0.4722735674676525 0.015485407980941036 0.011090573012939002
42 0.6640857653365099 0.3544362292051756 0.008338296605122097 0.036044362292051754
68 0.7611673615247171 0.40573012939001846 0.017272185824895772 0.0166358595194085
42 0.8522930315664086 0.26247689463955637 0.04645622394282311 0.07393715341959335
68 0.7266229898749256 0.3539741219963031 0.008338296605122097 0.024953789279112754
11 0.6652769505658129 0.6691312384473198 0.01072066706372841 0.07948243992606285
61 0.747170935080405 0.6668207024029574 0.05062537224538416 0.08040665434380777
75 0.8502084574151281 0.6668207024029574 0.054198927933293624 0.0767097966728281
99 0.9514592019058964 0.6682070240295749 0.048838594401429423 0.07486136783733827