25 0.43469708890637293 0.10872894333843798 0.010228166797797011 0.08269525267993874
42 0.12824547600314712 0.31852986217457885 0.02753737214791503 0.05972434915773354
42 0.14948859166011014 0.26186830015313933 0.02989771833202203 0.055130168453292494
42 0.14870180959874116 0.08499234303215926 0.029110936270653028 0.055130168453292494
46 0.2104642014162077 0.4387442572741195 0.021243115656963022 0.019908116385911178
42 0.23249409913453972 0.3215926493108729 0.03619197482297404 0.08728943338437979
46 0.1774193548387097 0.08499234303215926 0.020456333595594022 0.027565084226646247
34 0.14004720692368214 0.14854517611026033 0.06215578284815106 0.05359877488514548
65 0.4323367427222659 0.3346094946401225 0.014948859166011016 0.09647779479326186
42 0.45239968528717545 0.1546707503828484 0.025177025963808025 0.036753445635528334
42 0.45200629425649097 0.2327718223583461 0.024390243902439025 0.036753445635528334
22 0.485837922895358 0.11562021439509954 0.01927616050354052 0.015313935681470138
42 0.25098347757671124 0.8598774885145483 0.043273013375295044 0.08116385911179173
42 0.3851298190401259 0.8009188361408882 0.043273013375295044 0.08422664624808576
42 0.22265932336742722 0.5865237366003063 0.023603461841070025 0.036753445635528334
42 0.4173878835562549 0.5176110260336907 0.021243115656963022 0.045941807044410414
42 0.23918174665617625 0.9310872894333844 0.023603461841070025 0.03828483920367534
42 0.3457907159716758 0.9318529862174579 0.021243115656963022 0.0444104134762634
93 0.35759244689221087 0.678407350689127 0.04012588512981904 0.08422664624808576
93 0.3725413060582219 0.503062787136294 0.03933910306845004 0.07963246554364471
47 0.14634146341463414 0.5834609494640123 0.03304484657749803 0.03215926493108729
47 0.34421715184893786 0.8545176110260337 0.03147128245476003 0.03522205206738132
1 0.41581431943351693 0.9823889739663093 0.03383162863886703 0.03522205206738132
1 0.2922895357985838 0.777947932618683 0.03225806451612903 0.10107197549770292
42 0.3182533438237608 0.45865237366003064 0.022816679779701022 0.019908116385911178
17 0.2816679779701023 0.7113323124042878 0.03147128245476003 0.03522205206738132
35 0.1959087332808812 0.8705972434915773 0.02675059008654603 0.05666156202143951
39 0.22462627852084974 0.4563552833078101 0.01809598741148702 0.015313935681470138