25 0.2791839818662637 0.19475446428571427 0.023800528900642236 0.03236607142857143
25 0.2788061956932376 0.15904017857142858 0.024367208160181338 0.03180803571428571
25 0.27861730260672457 0.08370535714285714 0.022100491122024935 0.03459821428571429
25 0.2776728371741594 0.02734375 0.0230449565545901 0.03180803571428571
42 0.09803551190026445 0.27622767857142855 0.015489233094068758 0.0234375
42 0.10993577635058557 0.25390625 0.01681148469965999 0.021205357142857144
42 0.1095579901775595 0.18526785714285715 0.016433698526633924 0.021205357142857144
46 0.13562523611635813 0.3828125 0.00887797506611258 0.013392857142857142
46 0.14431431809595768 0.32589285714285715 0.011900264450321118 0.013950892857142858
42 0.15659236871930488 0.27734375 0.02040045334340763 0.03404017857142857
46 0.12561390253116736 0.18526785714285715 0.01152247827729505 0.010602678571428572
46 0.13562523611635813 0.13504464285714285 0.009255761239138648 0.01953125
34 0.10464676992822063 0.20982142857142858 0.03494522100491122 0.020647321428571428
65 0.27786173026067246 0.28236607142857145 0.02606724593879864 0.037388392857142856
49 0.2791839818662637 0.12444196428571429 0.02606724593879864 0.02734375
46 0.5130336229693994 0.017299107142857144 0.02568945976577257 0.03459821428571429
86 0.1106913486966377 0.4252232142857143 0.013978088401964487 0.04352678571428571
93 0.15035889686437476 0.48995535714285715 0.028333962976955042 0.09263392857142858
42 0.6265583679637325 0.7488839285714286 0.03437854174537212 0.10714285714285714
46 0.5884019644880998 0.8967633928571429 0.028333962976955042 0.05580357142857143
22 0.5923687193048734 0.5452008928571429 0.015867019267094825 0.04352678571428571
22 0.7160936909709105 0.5178571428571429 0.017000377786173027 0.049107142857142856
93 0.6639591990933131 0.45591517857142855 0.032111824707215714 0.08370535714285714
93 0.618058179070646 0.4252232142857143 0.02720060445787684 0.07142857142857142
46 0.758783528522856 0.45870535714285715 0.02342274272761617 0.04352678571428571
42 0.6930487344163203 0.5223214285714286 0.01360030222893842 0.044642857142857144
1 0.6777483944087647 0.5864955357142857 0.01511144692104269 0.07700892857142858
7 0.6343029845107669 0.5150669642857143 0.03286739705326785 0.05022321428571429
86 0.65753683415187 0.40234375 0.011711371363808084 0.025669642857142856
86 0.702682281828485 0.6417410714285714 0.017000377786173027 0.044642857142857144
86 0.6490366452587836 0.6434151785714286 0.01360030222893842 0.056919642857142856
86 0.601057801284473 0.4107142857142857 0.014355874574990555 0.03794642857142857
86 0.5778239516433699 0.421875 0.015489233094068758 0.056919642857142856
42 0.5706460143558746 0.5518973214285714 0.011711371363808084 0.04241071428571429