25 0.12089971883786317 0.24104401228249744 0.05060918462980318 0.05527123848515865
25 0.1218369259606373 0.30194472876151485 0.05154639175257732 0.05424769703172978
25 0.1218369259606373 0.4257932446264074 0.046860356138706656 0.04708290685772774
65 0.12371134020618557 0.09058341862845445 0.05529522024367385 0.06448311156601842
49 0.12089971883786317 0.3618219037871034 0.05529522024367385 0.04708290685772774
86 0.3514526710402999 0.009723643807574206 0.04311152764761012 0.019447287615148412
42 0.28209934395501407 0.7625383828045036 0.04967197750702906 0.062436028659160696
42 0.1471415182755389 0.6049129989764586 0.029053420805998126 0.038894575230296824
42 0.18322399250234303 0.646878198567042 0.028116213683223992 0.032753326509723645
42 0.14620431115276475 0.6847492323439099 0.030927835051546393 0.044012282497441144
46 0.22492970946579194 0.593654042988741 0.028116213683223992 0.05424769703172978
46 0.225398313027179 0.8065506653019447 0.029053420805998126 0.044012282497441144
46 0.3149015932521087 0.9288638689866939 0.02999062792877226 0.033776867963152504
46 0.3219306466729147 0.5931422722620266 0.015932521087160263 0.04196519959058342
1 0.2910028116213683 0.6397134083930399 0.05529522024367385 0.04503582395087001
1 0.19540768509840675 0.77482088024565 0.05529522024367385 0.03991811668372569
22 0.22867853795688847 0.6780962128966224 0.026241799437675725 0.027635619242579325
22 0.22774133083411435 0.7604912998976459 0.022492970946579195 0.022517911975435005
47 0.3252108716026242 0.672978505629478 0.00937207122774133 0.048106448311156604
47 0.2642924086223055 0.7031729785056294 0.0009372071227741331 0.0010235414534288639
29 0.24414245548266167 0.7169907881269192 0.05435801312089972 0.04605936540429888