25 0.051094890510948905 0.3948905109489051 0.056308654848800835 0.07883211678832117
42 0.4786235662148071 0.19562043795620437 0.0364963503649635 0.05693430656934306
42 0.4504692387904067 0.24963503649635035 0.03962460896767466 0.052554744525547446
42 0.45151199165797706 0.41824817518248175 0.03858185610010428 0.052554744525547446
46 0.36965589155370177 0.07372262773722628 0.028154327424400417 0.033576642335766425
42 0.34045881126173094 0.1927007299270073 0.047966631908237745 0.08321167883211679
46 0.41345151199165797 0.41824817518248175 0.027111574556830033 0.026277372262773723
34 0.4629822732012513 0.35766423357664234 0.08237747653806048 0.051094890510948905
65 0.054223149113660066 0.1802919708029197 0.061522419186652764 0.09197080291970802
1 0.9859228362877998 0.10656934306569343 0.028154327424400417 0.10218978102189781
1 0.9228362877997914 0.032116788321167884 0.06882168925964546 0.059854014598540145
1 0.9947862356621481 0.21751824817518248 0.010427528675703858 0.09927007299270073
1 0.9379562043795621 0.2656934306569343 0.06882168925964546 0.061313868613138686
1 0.778415015641293 0.14963503649635038 0.06777893639207508 0.061313868613138686
1 0.35766423357664234 0.8437956204379562 0.0364963503649635 0.09927007299270073
1 0.27580813347236705 0.7299270072992701 0.04483837330552659 0.09635036496350365
1 0.23670490093847757 0.7693430656934307 0.07090719499478623 0.06569343065693431
1 0.30656934306569344 0.9554744525547445 0.03962460896767466 0.08905109489051095
1 0.23774765380604795 0.8875912408759125 0.06882168925964546 0.059854014598540145
1 0.5005213764337852 0.7773722627737226 0.0667361835245047 0.051094890510948905
1 0.4556830031282586 0.845985401459854 0.04171011470281543 0.09197080291970802
1 0.5641293013555787 0.8861313868613139 0.06256517205422316 0.06277372262773723
1 0.01616266944734098 0.6649635036496351 0.03232533889468196 0.06861313868613139
1 0.1903023983315954 0.47664233576642334 0.08237747653806048 0.05401459854014599
1 0.1689259645464025 0.6656934306569343 0.06777893639207508 0.061313868613138686
25 0.4801876955161627 0.5927007299270073 0.06360792492179354 0.09343065693430656
25 0.08498435870698644 0.8043795620437956 0.0667361835245047 0.0905109489051095
25 0.21376433785192908 0.6109489051094891 0.06360792492179354 0.08905109489051095
1 0.09332638164754953 0.9868613138686131 0.06777893639207508 0.026277372262773723
49 0.367570385818561 0.6094890510948905 0.06465067778936393 0.10656934306569343
1 0.5182481751824818 0.9532846715328467 0.045881126173096975 0.09343065693430656
42 0.3686131386861314 0.4905109489051095 0.06986444212721585 0.08175182481751825
42 0.40875912408759124 0.7802919708029197 0.06465067778936393 0.09197080291970802
42 0.40719499478623566 0.8934306569343066 0.061522419186652764 0.09343065693430656
42 0.08133472367049009 0.6737226277372262 0.06256517205422316 0.10656934306569343
86 0.011470281543274244 0.7372262773722628 0.022940563086548488 0.058394160583941604
1 0.46506777893639206 0.4781021897810219 0.07090719499478623 0.05693430656934306
86 0.4369134515119917 0.464963503649635 0.035453597497393116 0.030656934306569343
42 0.9942648592283628 0.6459854014598541 0.011470281543274244 0.042335766423357665
42 0.9947862356621481 0.8065693430656934 0.010427528675703858 0.05693430656934306
42 0.8628779979144943 0.9656934306569344 0.03336809176225235 0.051094890510948905
42 0.8613138686131386 0.491970802919708 0.03336809176225235 0.052554744525547446
22 0.959332638164755 0.962043795620438 0.03128258602711158 0.032116788321167884
22 0.9577685088633994 0.4905109489051095 0.028154327424400417 0.03941605839416058
93 0.8993743482794577 0.5970802919708029 0.047966631908237745 0.08175182481751825
7 0.9927007299270073 0.4948905109489051 0.014598540145985401 0.058394160583941604
7 0.9921793534932221 0.9635036496350365 0.01564129301355579 0.05547445255474453