25 0.26496783770410687 0.4058713886300093 0.0351311232063335 0.03960857409133271
25 0.3038099950519545 0.4044734389561976 0.034388916378030675 0.04054054054054054
25 0.38644235526966847 0.4044734389561976 0.03785254824344384 0.03681267474370923
25 0.4477981197427016 0.4026095060577819 0.034388916378030675 0.03821062441752097
42 0.1756556160316675 0.10391425908667289 0.025482434438396834 0.025629077353215284
42 0.20014844136566057 0.1239515377446412 0.023503216229589313 0.027958993476234855
42 0.2753587333003464 0.12301957129543337 0.023503216229589313 0.02702702702702703
46 0.05467590301830777 0.16635601118359739 0.023503216229589313 0.014911463187325256
46 0.12172191984166254 0.18080149114631874 0.015091538842157347 0.020037278657968314
42 0.17491340920336468 0.20130475302889095 0.03711034141514102 0.03401677539608574
46 0.2753587333003464 0.1500465983224604 0.011627906976744186 0.019105312208760484
46 0.3302820385947551 0.16635601118359739 0.021523998020781792 0.01537744641192917
34 0.2483918852053439 0.11509785647716682 0.022761009401286492 0.058247903075489285
65 0.16922315685304304 0.40307548928238585 0.04106877783275606 0.043336439888164026
49 0.3419099455714993 0.40540540540540543 0.029935675408213756 0.043336439888164026
49 0.4888668975754577 0.4044734389561976 0.0338941118258288 0.04193849021435228
35 0.7050964868876793 0.46691519105312207 0.025729836714497772 0.0260950605778192
42 0.7328055418109847 0.3811742777260019 0.03908955962394854 0.07082945013979497
46 0.7422068283028204 0.4683131407269338 0.029688273132112815 0.023299161230195712
25 0.8876793666501732 0.17101584342963652 0.03859475507174666 0.07269338303821063
42 0.8463631865413161 0.32479030754892824 0.042058386937159825 0.07735321528424977
42 0.9168728352300841 0.39095992544268404 0.03859475507174666 0.0717614165890028
42 0.8874319643740722 0.3229263746505126 0.04354280059376546 0.07269338303821063
46 0.8179119247897081 0.46458527493010254 0.029688273132112815 0.03075489282385834
46 0.9883720930232558 0.4664492078285182 0.023255813953488372 0.02702702702702703
46 0.917615042058387 0.46505125815470644 0.028203859475507173 0.02982292637465051
46 0.8476001979218208 0.4151910531220876 0.013359722909450767 0.0521901211556384
46 0.8866897575457694 0.41798695246971107 0.013854527461652647 0.05312208760484623
87 0.7798119742701632 0.440354147250699 0.0326571004453241 0.07921714818266543
87 0.9562097971301335 0.440354147250699 0.03414151410192974 0.07921714818266543