49 0.22334754797441364 0.41273885350318473 0.07036247334754797 0.08789808917197452
69 0.22121535181236673 0.5337579617834395 0.054371002132196165 0.07133757961783439
42 0.27078891257995735 0.3197452229299363 0.05863539445628998 0.06624203821656051
25 0.10341151385927505 0.3089171974522293 0.06183368869936034 0.07133757961783439
96 0.22014925373134328 0.3235668789808917 0.019189765458422176 0.034394904458598725
48 0.1892324093816631 0.30127388535031846 0.028784648187633263 0.030573248407643312
3 0.22281449893390193 0.27070063694267515 0.03731343283582089 0.03821656050955414
42 0.1023454157782516 0.19681528662420383 0.05650319829424307 0.06624203821656051
42 0.2777185501066098 0.17770700636942674 0.05223880597014925 0.06751592356687898
42 0.22068230277185502 0.1789808917197452 0.060767590618336885 0.06751592356687898
42 0.1732409381663113 0.10955414012738854 0.03411513859275053 0.035668789808917196
42 0.232409381663113 0.10636942675159236 0.03731343283582089 0.034394904458598725
39 0.27665245202558636 0.10127388535031848 0.023454157782515993 0.04076433121019108
42 0.255863539445629 0.007643312101910828 0.03624733475479744 0.015286624203821656
39 0.13646055437100213 0.006369426751592357 0.014925373134328358 0.012738853503184714
22 0.31716417910447764 0.10127388535031848 0.005330490405117271 0.03184713375796178
42 0.6188699360341151 0.34394904458598724 0.03837953091684435 0.049681528662420385
42 0.4600213219616205 0.3445859872611465 0.03837953091684435 0.048407643312101914
42 0.5682302771855011 0.2229299363057325 0.03624733475479744 0.04713375796178344
42 0.7276119402985075 0.22229299363057325 0.04051172707889126 0.048407643312101914
42 0.8869936034115139 0.22229299363057325 0.03731343283582089 0.03821656050955414
42 0.4115138592750533 0.22229299363057325 0.03731343283582089 0.05222929936305733
3 0.6871002132196162 0.5585987261146497 0.035181236673773986 0.02165605095541401
3 0.8459488272921108 0.545859872611465 0.035181236673773986 0.04713375796178344
42 0.779317697228145 0.3401273885350318 0.035181236673773986 0.045859872611464965
29 0.6732409381663113 0.34394904458598724 0.04797441364605544 0.04076433121019108
29 0.8352878464818764 0.34076433121019106 0.050106609808102345 0.03949044585987261
29 0.5170575692963753 0.34203821656050953 0.046908315565031986 0.04203821656050955
7 0.591684434968017 0.256687898089172 0.04371002132196162 0.03694267515923567
7 0.7494669509594882 0.2573248407643312 0.04904051172707889 0.033121019108280254
7 0.9067164179104478 0.2573248407643312 0.04584221748400853 0.033121019108280254
7 0.43443496801705755 0.25987261146496815 0.05543710021321962 0.035668789808917196
42 0.050106609808102345 0.7770700636942676 0.046908315565031986 0.050955414012738856
29 0.10341151385927505 0.7777070063694268 0.04051172707889126 0.04203821656050955
42 0.009594882729211088 0.6547770700636942 0.019189765458422176 0.04331210191082802
7 0.024520255863539446 0.6923566878980891 0.04904051172707889 0.03184713375796178
42 0.8054371002132196 0.9496815286624204 0.06609808102345416 0.07643312101910828
42 0.8059701492537313 0.8547770700636943 0.0650319829424307 0.07261146496815286
39 0.8710021321961621 0.8547770700636943 0.023454157782515993 0.03694267515923567
1 0.8102345415778252 0.7261146496815286 0.03731343283582089 0.08280254777070063
49 0.8656716417910447 0.6146496815286624 0.07462686567164178 0.09044585987261146
42 0.6652452025586354 0.5770700636942675 0.057569296375266525 0.015286624203821656
25 0.8656716417910447 0.7649681528662421 0.06823027718550106 0.07388535031847134
39 0.7430703624733476 0.8573248407643312 0.02025586353944563 0.034394904458598725
42 0.7084221748400853 0.6936305732484076 0.029850746268656716 0.04076433121019108
42 0.7105543710021321 0.6063694267515923 0.029850746268656716 0.03949044585987261