49 0.24706227967097533 0.23248407643312102 0.06756756756756757 0.029936305732484077
69 0.15305522914218567 0.2318471337579618 0.05581668625146886 0.02356687898089172
42 0.318448883666275 0.25286624203821656 0.05082256169212691 0.025477707006369428
25 0.32696827262044653 0.18089171974522292 0.05493537015276146 0.0267515923566879
96 0.31551116333725027 0.23121019108280255 0.026439482961222092 0.008280254777070064
48 0.3328437132784959 0.2178343949044586 0.023501762632197415 0.012101910828025478
3 0.3563454759106933 0.23248407643312102 0.02937720329024677 0.01592356687898089
42 0.41304347826086957 0.18025477707006368 0.05082256169212691 0.024203821656050957
42 0.42773207990599293 0.25605095541401274 0.05199764982373678 0.022292993630573247
42 0.42655699177438305 0.23121019108280255 0.05199764982373678 0.026114649681528664
42 0.4800235017626322 0.21082802547770702 0.027320799059929495 0.01464968152866242
42 0.48237367802585196 0.23630573248407644 0.026439482961222092 0.01592356687898089
39 0.4864864864864865 0.2554140127388535 0.031433607520564046 0.01019108280254777
42 0.5681551116333725 0.2464968152866242 0.03231492361927144 0.015286624203821656
42 0.5675675675675675 0.28343949044585987 0.028495887191539365 0.01337579617834395
42 0.63572267920094 0.2643312101910828 0.027320799059929495 0.012101910828025478
39 0.5672737955346651 0.19554140127388536 0.02555816686251469 0.006369426751592357
22 0.5969447708578144 0.2643312101910828 0.02555816686251469 0.010828025477707006
35 0.4835487661574618 0.34777070063694265 0.033196239717978845 0.01464968152866242
22 0.48589894242068155 0.2770700636942675 0.02438307873090482 0.010828025477707006
38 0.6307285546415982 0.15987261146496815 0.019682726204465335 0.01019108280254777
36 0.732373678025852 0.03949044585987261 0.07109283196239718 0.07898089171974522
100 0.7400117508813161 0.22993630573248408 0.05229142185663925 0.08025477707006369
42 0.1809635722679201 0.378343949044586 0.05405405405405406 0.03821656050955414
42 0.2356051703877791 0.3802547770700637 0.04465334900117509 0.04203821656050955
42 0.2808460634547591 0.39171974522292996 0.02438307873090482 0.02929936305732484
47 0.3187426556991774 0.3923566878980892 0.023207990599294948 0.03184713375796178
42 0.22297297297297297 0.43821656050955415 0.05434782608695652 0.05605095541401274
93 0.14600470035252644 0.4573248407643312 0.055229142185663924 0.048407643312101914
25 0.43390129259694477 0.45095541401273886 0.06492361927144535 0.055414012738853505
42 0.3407755581668625 0.4484076433121019 0.05434782608695652 0.049681528662420385
42 0.23266745005875442 0.5840764331210191 0.019388954171562868 0.0267515923566879
39 0.309048178613396 0.5554140127388535 0.022326674500587545 0.02165605095541401
39 0.327262044653349 0.5955414012738853 0.029964747356051705 0.02929936305732484
17 0.2720329024676851 0.5808917197452229 0.046415981198589897 0.02038216560509554
42 0.9917743830787309 0.48662420382165605 0.01645123384253819 0.04331210191082802
42 0.9905992949471211 0.6656050955414012 0.01880141010575793 0.05477707006369427
42 0.9905992949471211 0.8426751592356688 0.01880141010575793 0.03949044585987261
42 0.9391891891891891 0.3719745222929936 0.022914218566392478 0.025477707006369428
42 0.9388954171562868 0.5394904458598726 0.022326674500587545 0.045859872611464965
42 0.9391891891891891 0.7210191082802547 0.020564042303172738 0.045859872611464965
42 0.9391891891891891 0.8961783439490446 0.020564042303172738 0.050955414012738856
29 0.9391891891891891 0.4248407643312102 0.01880141010575793 0.05477707006369427
29 0.9391891891891891 0.6070063694267516 0.01527614571092832 0.06624203821656051
29 0.9403642773207991 0.7872611464968153 0.018213866039952998 0.062420382165605096
29 0.9403642773207991 0.9624203821656051 0.018213866039952998 0.05222929936305733
7 0.97737955346651 0.8713375796178344 0.01645123384253819 0.049681528662420385
7 0.9764982373678026 0.5095541401273885 0.015863689776733254 0.061146496815286625
7 0.9764982373678026 0.6885350318471337 0.013513513513513514 0.06496815286624204
2 0.8328437132784959 0.9732484076433121 0.018213866039952998 0.03184713375796178
2 0.8243243243243243 0.7949044585987262 0.01762632197414806 0.030573248407643312
2 0.8155111633372503 0.6197452229299363 0.019388954171562868 0.035668789808917196
2 0.8072855464159812 0.4356687898089172 0.01645123384253819 0.030573248407643312
79 0.763219741480611 0.43312101910828027 0.018213866039952998 0.024203821656050957
79 0.7649823736780259 0.6140127388535032 0.020564042303172738 0.02802547770700637
79 0.7643948296122209 0.79171974522293 0.019388954171562868 0.033121019108280254
79 0.7641010575793185 0.9713375796178344 0.01880141010575793 0.024203821656050957
42 0.7943595769682726 0.902547770700637 0.01762632197414806 0.048407643312101914
42 0.7940658049353702 0.7229299363057324 0.022326674500587545 0.04331210191082802
42 0.7940658049353702 0.5439490445859873 0.019388954171562868 0.04203821656050955
42 0.7949471210340776 0.3738853503184713 0.022326674500587545 0.02929936305732484
46 0.7943595769682726 0.40573248407643314 0.010575793184488837 0.030573248407643312
46 0.7934782608695652 0.586624203821656 0.01410105757931845 0.035668789808917196
46 0.7955346650998825 0.7662420382165606 0.012338425381903642 0.034394904458598725
46 0.79524089306698 0.9471337579617835 0.010575793184488837 0.02929936305732484