49 0.41774383078730903 0.3544891640866873 0.06169212690951821 0.05159958720330237
69 0.4162749706227967 0.4262125902992776 0.04759106933019976 0.04282765737874097
42 0.459165687426557 0.29927760577915374 0.05141010575793185 0.0392156862745098
25 0.3128672150411281 0.2930856553147575 0.05405405405405406 0.04179566563467492
96 0.41480611045828436 0.3018575851393189 0.016745005875440658 0.020123839009287926
48 0.38777908343125733 0.2884416924664603 0.02526439482961222 0.01805985552115583
3 0.4171562867215041 0.27038183694530443 0.03260869565217391 0.022703818369453045
42 0.3116921269095182 0.22703818369453044 0.04935370152761457 0.0392156862745098
42 0.46533490011750883 0.21568627450980393 0.045828437132784956 0.03973168214654283
42 0.41539365452408933 0.21671826625386997 0.053172737955346654 0.03973168214654283
42 0.37397179788484136 0.17543859649122806 0.029964747356051705 0.021155830753353973
42 0.42567567567567566 0.173890608875129 0.03260869565217391 0.020123839009287926
39 0.46445358401880144 0.17079463364293085 0.020564042303172738 0.024251805985552117
42 0.44682726204465334 0.10784313725490197 0.03172737955346651 0.02476780185758514
42 0.5217391304347826 0.10835913312693499 0.02702702702702703 0.021671826625386997
42 0.4826674500587544 0.05624355005159959 0.02526439482961222 0.021155830753353973
39 0.34224441833137487 0.10887512899896801 0.012925969447708578 0.0196078431372549
22 0.48296122209165687 0.08617131062951497 0.022326674500587545 0.0196078431372549
22 0.5088131609870741 0.17131062951496387 0.022326674500587545 0.018575851393188854
38 0.2688014101057579 0.05985552115583075 0.020564042303172738 0.014963880288957688
102 0.8795534665099882 0.3023735810113519 0.031139835487661575 0.05263157894736842
46 0.7138660399529965 0.43498452012383904 0.021739130434782608 0.05572755417956656
93 0.6642185663924794 0.18008255933952527 0.043478260869565216 0.08565531475748193
93 0.7138660399529965 0.30082559339525283 0.04171562867215041 0.14447884416924664
39 0.809048178613396 0.3931888544891641 0.02408930669800235 0.021671826625386997
100 0.6589306698002351 0.8065015479876161 0.03701527614571093 0.09184726522187822
44 0.7596944770857814 0.8070175438596491 0.045828437132784956 0.20639834881320948
14 0.8589894242068156 0.8204334365325078 0.04465334900117509 0.13828689370485037