49 0.17931633835457705 0.2267515923566879 0.05475086906141367 0.05031847133757962
69 0.18047508690614136 0.1573248407643312 0.042294322132097335 0.041401273885350316
42 0.1425260718424102 0.2802547770700637 0.045480880648899186 0.0375796178343949
25 0.272305909617613 0.2859872611464968 0.04808806488991889 0.04076433121019108
96 0.18163383545770567 0.27770700636942675 0.01477404403244496 0.019745222929936305
48 0.20567786790266512 0.29044585987261146 0.022305909617612977 0.017197452229299363
3 0.17960602549246812 0.3076433121019108 0.028968713789107765 0.02165605095541401
42 0.2731749710312862 0.34968152866242036 0.04374275782155272 0.0375796178343949
42 0.13702201622247973 0.3611464968152866 0.04055619930475087 0.03821656050955414
42 0.1813441483198146 0.35987261146496813 0.047219003476245656 0.03821656050955414
42 0.21813441483198145 0.4 0.026361529548088066 0.02038216560509554
42 0.1723638470451912 0.4012738853503185 0.028968713789107765 0.019745222929936305
39 0.13789107763615296 0.40445859872611467 0.01825028968713789 0.022929936305732482
42 0.15353418308227115 0.46496815286624205 0.02809965237543453 0.024203821656050957
42 0.08690614136732329 0.4643312101910828 0.024044032444959444 0.021019108280254776
42 0.12166859791425261 0.5152866242038217 0.022305909617612977 0.02038216560509554
39 0.246234067207416 0.4643312101910828 0.011587485515643106 0.01910828025477707
22 0.12137891077636152 0.48662420382165605 0.01998841251448436 0.01910828025477707
22 0.0984936268829664 0.40382165605095544 0.01998841251448436 0.017834394904458598
38 0.31141367323290847 0.5114649681528662 0.01825028968713789 0.01464968152866242
42 0.831981460023175 0.07834394904458598 0.03186558516801854 0.06751592356687898
42 0.7331981460023175 0.12738853503184713 0.03186558516801854 0.07006369426751592
42 0.7546349942062572 0.4859872611464968 0.034183082271147164 0.07770700636942675
42 0.8476245654692932 0.5452229299363057 0.03360370799536501 0.048407643312101914
42 0.8528389339513326 0.3057324840764331 0.01738122827346466 0.030573248407643312
42 0.7094438006952491 0.3630573248407643 0.015643105446118192 0.03821656050955414
42 0.8406720741599073 0.01910828025477707 0.01738122827346466 0.03184713375796178
42 0.7621668597914253 0.018471337579617834 0.015643105446118192 0.03694267515923567
93 0.753476245654693 0.22929936305732485 0.02954808806488992 0.07006369426751592
93 0.742468134414832 0.37515923566878984 0.028968713789107765 0.06624203821656051
47 0.9090382387022016 0.30828025477707005 0.02433371958285052 0.0267515923566879
47 0.6822132097334879 0.36178343949044584 0.014484356894553883 0.05222929936305733
47 0.7633256083429896 0.08280254777070063 0.023174971031286212 0.02929936305732484
1 0.8015643105446119 0.1464968152866242 0.023754345307068367 0.0840764331210191
17 0.6234067207415991 0.021019108280254776 0.011587485515643106 0.04203821656050955
42 0.7821552723059096 0.42165605095541403 0.016801853997682505 0.035668789808917196
42 0.6393395133256083 0.019745222929936305 0.012746234067207415 0.034394904458598725
17 0.8093858632676709 0.20191082802547772 0.023174971031286212 0.02929936305732484
35 0.8725376593279258 0.06942675159235669 0.019698725376593278 0.04713375796178344
39 0.8513904982618772 0.4248407643312102 0.013325608342989572 0.034394904458598725
48 0.794611819235226 0.5528662420382165 0.015643105446118192 0.033121019108280254
39 0.6399188876013905 0.04777070063694268 0.015643105446118192 0.024203821656050957
30 0.9742178447276941 0.8445859872611465 0.051564310544611816 0.048407643312101914
71 0.8820973348783314 0.8433121019108281 0.0880648899188876 0.28152866242038216
97 0.7844727694090382 0.845859872611465 0.0492468134414832 0.10573248407643313
18 0.6926419466975666 0.8464968152866242 0.01853997682502897 0.08152866242038216