49 0.3799698795180723 0.6472356687898089 0.10329819277108439 0.08496815286624203
69 0.23575301204819277 0.6450700636942676 0.08489457831325302 0.06505732484076432
42 0.49043674698795175 0.7036942675159236 0.07874999999999995 0.07072611464968151
25 0.502710843373494 0.504 0.08489457831325302 0.07361783439490441
96 0.48558734939759035 0.6435414012738854 0.041430722891566255 0.023082802547770707
48 0.5119277108433735 0.6065477707006369 0.03579819277108431 0.03473885350318469
3 0.5484939759036145 0.6465732484076433 0.04448795180722886 0.04472611464968155
42 0.635421686746988 0.502484076433121 0.07722891566265055 0.06799999999999999
42 0.658433734939759 0.7123566878980893 0.08028614457831335 0.06207643312101913
42 0.6566566265060241 0.6437707006369426 0.07977409638554221 0.07285350318471344
42 0.7389909638554217 0.5872866242038216 0.04194277108433738 0.040356687898089105
42 0.742816265060241 0.6580382165605095 0.04040662650602416 0.04429299363057323
39 0.7481927710843373 0.7110445859872611 0.048072289156626445 0.028318471337579643
42 0.8745030120481927 0.6865987261146497 0.04909638554216854 0.044318471337579574
42 0.873237951807229 0.7891592356687899 0.0434638554216866 0.036598726114649704
42 0.9783283132530121 0.7355031847133758 0.041942771084337215 0.0348280254777069
39 0.8724698795180723 0.543796178343949 0.03887048192771076 0.018254777070063746
22 0.9184939759036145 0.7363694267515923 0.03887048192771076 0.029643312101910804
35 0.7440963855421686 0.9678726114649682 0.05216867469879516 0.041044585987261184
22 0.7474246987951808 0.7716305732484077 0.037334337349397534 0.030089171974522155
38 0.9709036144578312 0.4442675159235669 0.03018072289156621 0.028585987261146566