25 0.35023584905660377 0.28280254777070063 0.07665094339622641 0.08152866242038216
42 0.8879716981132075 0.21910828025477708 0.06485849056603774 0.06751592356687898
42 0.5601415094339622 0.02929936305732484 0.0294811320754717 0.0267515923566879
1 0.3543632075471698 0.041401273885350316 0.04834905660377359 0.08280254777070063
1 0.6786556603773585 0.1286624203821656 0.049528301886792456 0.08280254777070063
1 0.7783018867924528 0.12993630573248408 0.045990566037735846 0.08280254777070063
42 0.8691037735849056 0.3452229299363057 0.07665094339622641 0.10318471337579618
93 0.23938679245283018 0.06815286624203822 0.05070754716981132 0.08662420382165605
42 0.3543632075471698 0.1464968152866242 0.08254716981132075 0.08662420382165605
30 0.6733490566037735 0.18471337579617833 0.045990566037735846 0.02165605095541401
30 0.7665094339622641 0.18535031847133757 0.03891509433962264 0.022929936305732482
86 0.722877358490566 0.12738853503184713 0.031839622641509434 0.044585987261146494
86 0.6314858490566038 0.12929936305732484 0.03537735849056604 0.04076433121019108
42 0.5412735849056604 0.4248407643312102 0.0660377358490566 0.049681528662420385
42 0.7211084905660378 0.4726114649681529 0.06485849056603774 0.06624203821656051
42 0.7222877358490566 0.4159235668789809 0.060141509433962265 0.03184713375796178
42 0.8443396226415094 0.5707006369426751 0.06485849056603774 0.07133757961783439
42 0.7535377358490566 0.9719745222929936 0.06839622641509434 0.05605095541401274
42 0.754127358490566 0.9038216560509554 0.06721698113207547 0.0751592356687898
42 0.5595518867924528 0.9751592356687898 0.0695754716981132 0.049681528662420385
42 0.6875 0.8420382165605096 0.03773584905660377 0.035668789808917196
42 0.6527122641509434 0.5375796178343949 0.041273584905660375 0.03821656050955414
1 0.46108490566037735 0.9859872611464968 0.05188679245283019 0.02802547770700637
95 0.4068396226415094 0.8579617834394905 0.02830188679245283 0.07770700636942675
3 0.6869103773584906 0.9923566878980892 0.045990566037735846 0.015286624203821656
96 0.6456367924528302 0.9942675159235669 0.036556603773584904 0.011464968152866241
48 0.6639150943396226 0.9694267515923567 0.030660377358490566 0.061146496815286625
48 0.6308962264150944 0.4121019108280255 0.025943396226415096 0.024203821656050957
56 0.8160377358490566 0.5331210191082802 0.02830188679245283 0.04076433121019108