49 0.05458515283842795 0.3674698795180723 0.05764192139737991 0.08313253012048193
69 0.05589519650655022 0.25180722891566265 0.0445414847161572 0.06867469879518072
1 0.5419213973799126 0.054819277108433734 0.056768558951965066 0.051807228915662654
42 0.5056768558951965 0.13072289156626507 0.029694323144104803 0.04096385542168675
1 0.46593886462882095 0.20602409638554217 0.06375545851528384 0.05060240963855422
42 0.5065502183406113 0.31265060240963854 0.029694323144104803 0.04216867469879518
46 0.4104803493449782 0.6680722891566265 0.017467248908296942 0.046987951807228916
22 0.4069868995633188 0.5156626506024097 0.02445414847161572 0.04819277108433735
94 0.3663755458515284 0.5373493975903615 0.026200873362445413 0.08433734939759036
42 0.13624454148471615 0.6355421686746988 0.06986899563318777 0.09156626506024096
25 0.19737991266375546 0.7590361445783133 0.07860262008733625 0.10120481927710843
42 0.07379912663755459 0.7584337349397591 0.07423580786026202 0.09879518072289156
42 0.01222707423580786 0.7584337349397591 0.02445414847161572 0.10963855421686747
94 0.33362445414847164 0.6078313253012049 0.013100436681222707 0.0783132530120482
46 0.3506550218340611 0.6180722891566265 0.03406113537117904 0.030120481927710843
102 0.3034934497816594 0.6204819277108434 0.05152838427947598 0.07349397590361446
46 0.3419213973799127 0.5156626506024097 0.04017467248908297 0.05060240963855422
46 0.8816593886462882 0.619277108433735 0.016593886462882096 0.03614457831325301
46 0.7611353711790393 0.6162650602409638 0.01834061135371179 0.03855421686746988
46 0.6358078602620088 0.6198795180722891 0.01921397379912664 0.03734939759036145
46 0.5117903930131005 0.6198795180722891 0.016593886462882096 0.03734939759036145
3 0.6344978165938865 0.4427710843373494 0.027074235807860263 0.027710843373493974
3 0.5096069868995633 0.4566265060240964 0.026200873362445413 0.03734939759036145
3 0.756768558951965 0.43493975903614457 0.025327510917030567 0.012048192771084338
42 0.9292576419213974 0.6186746987951808 0.029694323144104803 0.04216867469879518
42 0.845414847161572 0.7289156626506024 0.02794759825327511 0.03975903614457831
42 0.7231441048034934 0.7271084337349397 0.029694323144104803 0.03734939759036145
42 0.6 0.7289156626506024 0.02794759825327511 0.04578313253012048
42 0.4777292576419214 0.7271084337349397 0.0314410480349345 0.03975903614457831
42 0.4388646288209607 0.6174698795180723 0.03056768558951965 0.043373493975903614
7 0.7082969432314411 0.6903614457831325 0.03842794759825328 0.033734939759036145
7 0.5820960698689956 0.6927710843373494 0.03668122270742358 0.03253012048192771
7 0.4580786026200873 0.6903614457831325 0.03580786026200873 0.030120481927710843
7 0.8296943231441049 0.6933734939759036 0.04279475982532751 0.027710843373493974
47 0.879475982532751 0.9885542168674699 0.02096069868995633 0.02289156626506024
47 0.7593886462882096 0.9873493975903614 0.020087336244541485 0.02530120481927711
47 0.637117903930131 0.9873493975903614 0.021834061135371178 0.02530120481927711
47 0.5131004366812227 0.9903614457831326 0.020087336244541485 0.01927710843373494
42 0.8082969432314411 0.619277108433735 0.03056768558951965 0.043373493975903614
38 0.7781659388646288 0.6204819277108434 0.01572052401746725 0.03253012048192771
38 0.654585152838428 0.619277108433735 0.013973799126637555 0.033734939759036145
38 0.5327510917030568 0.619277108433735 0.013100436681222707 0.030120481927710843
42 0.5589519650655022 0.6174698795180723 0.03056768558951965 0.04819277108433735
42 0.6855895196506551 0.6186746987951808 0.032314410480349345 0.04457831325301205
38 0.9008733624454148 0.6168674698795181 0.01834061135371179 0.033734939759036145