49 0.4242675511332228 0.24585987261146497 0.06246545052515202 0.035668789808917196
69 0.4228855721393035 0.2961783439490446 0.04836926478717524 0.029936305732484077
42 0.4665561083471531 0.20764331210191084 0.05223880597014925 0.027388535031847135
25 0.3175787728026534 0.2031847133757962 0.05500276395798784 0.02929936305732484
96 0.4215035931453842 0.20955414012738854 0.017136539524599224 0.014012738853503185
48 0.3938640132669983 0.2 0.02570480928689884 0.012738853503184714
3 0.42399115533443893 0.18789808917197454 0.03316749585406302 0.01592356687898089
42 0.3167495854063018 0.1573248407643312 0.050304035378662244 0.027388535031847135
42 0.472636815920398 0.14968152866242038 0.04643449419568822 0.027388535031847135
42 0.42205638474295193 0.1503184713375796 0.054173576561636266 0.027388535031847135
42 0.37976782752902155 0.12165605095541401 0.030403537866224434 0.01464968152866242
42 0.43228302929795465 0.12038216560509554 0.03316749585406302 0.014012738853503185
39 0.47180762852404645 0.11847133757961784 0.020729684908789386 0.016560509554140127
42 0.4538419016030956 0.0751592356687898 0.03233830845771144 0.017197452229299363
42 0.5301271420674406 0.0751592356687898 0.02736318407960199 0.015286624203821656
42 0.49032614704256494 0.038853503184713374 0.02570480928689884 0.01464968152866242
39 0.3474295190713101 0.07579617834394904 0.013266998341625208 0.01337579617834395
22 0.4906025428413488 0.05987261146496815 0.022664455500276397 0.01337579617834395
22 0.5168601437258153 0.11847133757961784 0.022664455500276397 0.012738853503184714
38 0.27307904919845216 0.041401273885350316 0.020729684908789386 0.01019108280254777
69 0.44665561083471533 0.45286624203821657 0.049474847982310666 0.048407643312101914