49 0.3142523364485981 0.2267515923566879 0.0514018691588785 0.08789808917197452
69 0.3130841121495327 0.3490445859872611 0.0397196261682243 0.07261146496815286
42 0.34890965732087226 0.1337579617834395 0.042834890965732085 0.06624203821656051
25 0.2266355140186916 0.12292993630573248 0.045171339563862926 0.07133757961783439
96 0.3119158878504673 0.1375796178343949 0.014018691588785047 0.034394904458598725
48 0.2893302180685358 0.11528662420382166 0.02102803738317757 0.030573248407643312
3 0.31386292834890966 0.08471337579617834 0.027258566978193146 0.03821656050955414
42 0.22546728971962618 0.02165605095541401 0.04127725856697819 0.04331210191082802
42 0.35397196261682246 0.012738853503184714 0.0381619937694704 0.025477707006369428
42 0.3119158878504673 0.01337579617834395 0.04439252336448598 0.0267515923566879
25 0.6304517133956387 0.25796178343949044 0.04984423676012461 0.07388535031847134
42 0.7106697819314641 0.2611464968152866 0.04439252336448598 0.07006369426751592
42 0.7609034267912772 0.3267515923566879 0.040498442367601244 0.062420382165605096
42 0.7947819314641744 0.21146496815286625 0.037383177570093455 0.06878980891719745
25 0.8181464174454829 0.3292993630573248 0.04672897196261682 0.08280254777070063
42 0.8274922118380063 0.17452229299363056 0.02102803738317757 0.033121019108280254
22 0.7141744548286605 0.17261146496815286 0.018691588785046728 0.0267515923566879
38 0.7616822429906542 0.22165605095541402 0.02336448598130841 0.030573248407643312
42 0.6561526479750779 0.17133757961783438 0.019470404984423675 0.034394904458598725
95 0.6791277258566978 0.18535031847133757 0.014018691588785047 0.0751592356687898
38 0.764018691588785 0.22038216560509555 0.02102803738317757 0.030573248407643312
35 0.9302959501557633 0.09171974522292993 0.024922118380062305 0.03949044585987261
1 0.6911993769470405 0.11337579617834395 0.03271028037383177 0.07643312101910828
1 0.793613707165109 0.10955414012738854 0.031931464174454825 0.08152866242038216
7 0.21495327102803738 0.9662420382165605 0.042834890965732085 0.04076433121019108
93 0.30062305295950154 0.8828025477707007 0.0397196261682243 0.06496815286624204
22 0.22001557632398755 0.9 0.018691588785046728 0.035668789808917196
22 0.220404984423676 0.6414012738853503 0.019470404984423675 0.030573248407643312
22 0.2570093457943925 0.9713375796178344 0.019470404984423675 0.030573248407643312
42 0.22001557632398755 0.8382165605095542 0.021806853582554516 0.034394904458598725
42 0.21962616822429906 0.7 0.022585669781931463 0.04076433121019108
42 0.32749221183800625 0.9726114649681529 0.020249221183800622 0.035668789808917196