49 0.1256517205422315 0.14904458598726114 0.06882168925964546 0.08789808917197452
69 0.1266944734098019 0.031210191082802548 0.053180396246089674 0.062420382165605096
42 0.07924921793534932 0.24203821656050956 0.05735140771637122 0.06624203821656051
25 0.2429614181438999 0.25286624203821656 0.06047966631908238 0.07133757961783439
96 0.12877997914494266 0.23821656050955414 0.018769551616266946 0.034394904458598725
48 0.15901981230448384 0.2605095541401274 0.028154327424400417 0.030573248407643312
3 0.1261730969760167 0.2910828025477707 0.0364963503649635 0.03821656050955414
42 0.2440041710114703 0.364968152866242 0.05526590198123045 0.06624203821656051
42 0.07247132429614181 0.38407643312101913 0.051094890510948905 0.06751592356687898
42 0.12825860271115747 0.38280254777070066 0.05943691345151199 0.06751592356687898
7 0.600104275286757 0.2375796178343949 0.040667361835245046 0.04203821656050955
22 0.5881126173096975 0.16942675159235668 0.016684045881126174 0.030573248407643312
42 0.5896767466110532 0.11082802547770701 0.01981230448383733 0.04076433121019108
35 0.9197080291970803 0.2375796178343949 0.03023983315954119 0.05859872611464968
42 0.21793534932221065 0.4496815286624204 0.05005213764337852 0.02038216560509554
42 0.24504692387904067 0.6547770700636942 0.03441084462982273 0.03694267515923567
42 0.24608967674661106 0.7949044585987262 0.035453597497393116 0.049681528662420385
42 0.10166840458811262 0.9331210191082803 0.03336809176225235 0.044585987261146494
42 0.10010427528675704 0.5197452229299363 0.03336809176225235 0.045859872611464965
22 0.1981230448383733 0.9299363057324841 0.03128258602711158 0.02802547770700637
22 0.2492179353493222 0.8554140127388535 0.03128258602711158 0.035668789808917196
22 0.24817518248175183 0.5910828025477707 0.02502606882168926 0.033121019108280254
22 0.19655891553701774 0.5184713375796178 0.028154327424400417 0.034394904458598725
1 0.15172054223149115 0.9796178343949045 0.04483837330552659 0.04076433121019108
93 0.13816475495307612 0.6114649681528662 0.047966631908237745 0.07133757961783439
1 0.15119916579770595 0.46496815286624205 0.045881126173096975 0.050955414012738856
7 0.25391032325338897 0.5222929936305732 0.05943691345151199 0.050955414012738856
7 0.25443169968717416 0.9318471337579618 0.06047966631908238 0.048407643312101914
42 0.6777893639207507 0.6681528662420382 0.043795620437956206 0.05222929936305733
46 0.5938477580813347 0.7006369426751592 0.027111574556830033 0.04331210191082802
42 0.929614181438999 0.8433121019108281 0.04275286757038582 0.05605095541401274
46 0.6220020855057351 0.9796178343949045 0.026068821689259645 0.04076433121019108
46 0.6913451511991658 0.9828025477707006 0.029197080291970802 0.034394904458598725
46 0.7747653806047967 0.7012738853503184 0.017726798748696558 0.035668789808917196