38 0.043167524299599774 0.6862549800796812 0.012578616352201259 0.035856573705179286
1 0.17295597484276728 0.4437250996015936 0.03916523727844483 0.052788844621513946
1 0.31989708404802747 0.4452191235059761 0.040880503144654086 0.052788844621513946
42 0.3481989708404803 0.5 0.0137221269296741 0.04731075697211155
42 0.062321326472269865 0.5029880478087649 0.017724413950829045 0.045816733067729085
42 0.1675242995997713 0.3655378486055777 0.03316180674671241 0.07420318725099602
42 0.3127501429388222 0.36404382470119523 0.030303030303030304 0.07121513944223108
42 0.3936535162950257 0.33167330677290835 0.017724413950829045 0.03137450199203187
42 0.1072041166380789 0.33565737051792827 0.01972555746140652 0.04282868525896414
42 0.026300743281875358 0.3695219123505976 0.03316180674671241 0.07021912350597609
1 0.03344768439108062 0.4506972111553785 0.04288164665523156 0.055776892430278883
42 0.20182961692395654 0.49850597609561753 0.015437392795883362 0.045816733067729085
22 0.060891938250428816 0.3894422310756972 0.010005717552887363 0.037350597609561755
22 0.13036020583190394 0.3351593625498008 0.0137221269296741 0.035856573705179286
22 0.08290451686678102 0.33217131474103584 0.0137221269296741 0.04133466135458167
22 0.20240137221269297 0.38595617529880477 0.0137221269296741 0.03137450199203187
22 0.22670097198399086 0.33217131474103584 0.013150371640937679 0.029880478087649404
22 0.2715837621497999 0.33217131474103584 0.0137221269296741 0.027390438247011952
22 0.34734133790737565 0.3849601593625498 0.011149228130360206 0.035856573705179286
22 0.417095483133219 0.33217131474103584 0.0137221269296741 0.037350597609561755
22 0.3710691823899371 0.33217131474103584 0.01429388221841052 0.03286852589641434
7 0.20440251572327045 0.3237051792828685 0.017152658662092625 0.07270916334661355
7 0.3507718696397942 0.32121513944223107 0.017152658662092625 0.07868525896414343
7 0.06375071469411092 0.32619521912350596 0.01972555746140652 0.07868525896414343
42 0.24928530588907946 0.33217131474103584 0.01972555746140652 0.04133466135458167
42 0.4542595769010863 0.40039840637450197 0.024299599771297885 0.02888446215139442
22 0.4908519153802173 0.3999003984063745 0.02715837621497999 0.02091633466135458
42 0.696969696969697 0.7629482071713147 0.02058319039451115 0.025896414342629483
39 0.5242995997712979 0.8102589641434262 0.02058319039451115 0.01693227091633466
39 0.6463693539165237 0.8127490039840638 0.01429388221841052 0.021912350597609563
95 0.5137221269296741 0.7559760956175299 0.04974271012006861 0.01195219123505976
39 0.9019439679817038 0.8102589641434262 0.024585477415666093 0.022908366533864542
30 0.7652944539736992 0.7619521912350598 0.02801600914808462 0.02390438247011952
30 0.8024585477415667 0.771414342629482 0.029159519725557463 0.026892430278884463
23 0.6072041166380789 0.9940239043824701 0.02058319039451115 0.01195219123505976
23 0.6560891938250428 0.8715139442231076 0.022870211549456832 0.030876494023904383
23 0.6552315608919382 0.977589641434263 0.017724413950829045 0.03286852589641434