1 0.23772915434654052 0.4188508064516129 0.021584861028976936 0.08266129032258064
1 0.23832052040212892 0.10786290322580645 0.021584861028976936 0.08669354838709678
42 0.26079243051448847 0.04788306451612903 0.0192193968066233 0.028729838709677418
42 0.2616794795978711 0.6461693548387096 0.01862803075103489 0.02620967741935484
42 0.2060910703725606 0.42993951612903225 0.03015966883500887 0.07056451612903226
42 0.2054997043169722 0.12298387096774194 0.02897693672383205 0.06401209677419355
42 0.19396806623299823 0.5574596774193549 0.01744529863985807 0.04133064516129032
42 0.26020106445890007 0.35735887096774194 0.01862803075103489 0.03276209677419355
22 0.21584861028976937 0.6517137096774194 0.015079834417504436 0.015120967741935484
22 0.19367238320520402 0.5085685483870968 0.014488468361916026 0.028729838709677418
22 0.19248965109402721 0.6088709677419355 0.016853932584269662 0.028729838709677418
22 0.21437019515079833 0.3558467741935484 0.0127143701951508 0.028729838709677418
22 0.19248965109402721 0.30493951612903225 0.01212300413956239 0.027721774193548387
22 0.19248965109402721 0.20967741935483872 0.01094027202838557 0.028729838709677418
22 0.21407451212300413 0.04939516129032258 0.014488468361916026 0.023689516129032258
22 0.192193968066233 0.007056451612903226 0.013305736250739207 0.013608870967741936
7 0.18894145476049676 0.35231854838709675 0.02956830277942046 0.036290322580645164
7 0.18805440567711412 0.04284274193548387 0.0319337670017741 0.036290322580645164
7 0.18982850384387936 0.6436491935483871 0.0319337670017741 0.03125
42 0.19248965109402721 0.2565524193548387 0.016853932584269662 0.04133064516129032
42 0.43081017149615614 0.30997983870967744 0.02188054405677114 0.023185483870967742
42 0.4568302779420461 0.34576612903225806 0.021289178001182733 0.03578629032258065
42 0.4559432288586635 0.2716733870967742 0.02069781194559432 0.031754032258064516
1 0.43110585452395034 0.17943548387096775 0.02247191011235955 0.04032258064516129