1 0.2642857142857143 0.2805017103762828 0.030952380952380953 0.09692132269099202
1 0.2636904761904762 0.6436716077537058 0.030952380952380953 0.10091220068415051
42 0.23095238095238096 0.7137970353477765 0.027976190476190477 0.033637400228050174
42 0.22916666666666666 0.014823261117445839 0.026785714285714284 0.029076396807297605
42 0.3101190476190476 0.26738882554161914 0.04404761904761905 0.08209806157354618
42 0.3113095238095238 0.6259977194982896 0.042261904761904764 0.07468643101482327
42 0.3279761904761905 0.11858608893956671 0.025 0.04846066134549601
42 0.23214285714285715 0.3523375142531357 0.026785714285714284 0.03819840364880274
22 0.29642857142857143 0.00798175598631699 0.022023809523809525 0.01596351197263398
22 0.32857142857142857 0.17616875712656785 0.020833333333333332 0.033637400228050174
22 0.32976190476190476 0.05872291904218928 0.024404761904761905 0.033637400228050174
22 0.2982142857142857 0.3540478905359179 0.018452380952380953 0.033637400228050174
22 0.32976190476190476 0.41334093500570124 0.017857142857142856 0.03249714937286203
22 0.32976190476190476 0.5250855188141391 0.01607142857142857 0.033637400228050174
22 0.2988095238095238 0.7115165336374002 0.020833333333333332 0.027936145952109463
22 0.32916666666666666 0.7605473204104903 0.02023809523809524 0.018244013683010263
7 0.3351190476190476 0.35860889395667045 0.04285714285714286 0.042759407069555305
7 0.33630952380952384 0.7200684150513113 0.04642857142857143 0.042759407069555305
7 0.3327380952380952 0.01767388825541619 0.04642857142857143 0.03534777651083238
42 0.32976190476190476 0.4697833523375142 0.024404761904761905 0.04846066134549601
42 0.7583333333333333 0.8323831242873432 0.06547619047619048 0.06955530216647662
7 0.799404761904762 0.9139110604332953 0.06666666666666667 0.052451539338654506
22 0.7934523809523809 0.976054732041049 0.03571428571428571 0.039908779931584946
25 0.6851190476190476 0.9834663625997719 0.07261904761904762 0.0330672748004561
42 0.6505952380952381 0.9116305587229191 0.047619047619047616 0.036488027366020526
22 0.7375 0.9099201824401368 0.04047619047619048 0.03078677309007982