1 0.30369318181818183 0.17485380116959065 0.03579545454545455 0.06023391812865497
1 0.3025568181818182 0.40116959064327484 0.03579545454545455 0.06315789473684211
42 0.26534090909090907 0.4450292397660819 0.031818181818181815 0.021052631578947368
42 0.2630681818181818 0.00935672514619883 0.030965909090909093 0.018128654970760234
42 0.35625 0.16666666666666666 0.05028409090909091 0.05087719298245614
42 0.3573863636363636 0.3900584795321637 0.048295454545454544 0.04678362573099415
42 0.37670454545454546 0.07426900584795322 0.028977272727272727 0.0304093567251462
42 0.26647727272727273 0.2198830409356725 0.030965909090909093 0.023976608187134502
22 0.3403409090909091 0.005263157894736842 0.025 0.009941520467836258
22 0.3769886363636364 0.10935672514619883 0.024147727272727272 0.021052631578947368
22 0.3789772727272727 0.03625730994152047 0.028125 0.021052631578947368
22 0.34261363636363634 0.22046783625730995 0.02130681818181818 0.021052631578947368
22 0.3789772727272727 0.2573099415204678 0.020170454545454547 0.019883040935672516
22 0.3789772727272727 0.32690058479532164 0.018465909090909092 0.021052631578947368
22 0.3431818181818182 0.4432748538011696 0.024147727272727272 0.017543859649122806
22 0.378125 0.47368421052631576 0.02215909090909091 0.011695906432748537
7 0.3849431818181818 0.22339181286549709 0.04943181818181818 0.02631578947368421
7 0.38636363636363635 0.44853801169590646 0.053125 0.02631578947368421
7 0.38238636363636364 0.011111111111111112 0.053125 0.021637426900584796
42 0.3789772727272727 0.2929824561403509 0.028125 0.0304093567251462
93 0.7215909090909091 0.2742690058479532 0.040340909090909094 0.08654970760233918
42 0.9386363636363636 0.2830409356725146 0.022727272727272728 0.0456140350877193
22 0.9397727272727273 0.04035087719298246 0.017613636363636363 0.04912280701754386
22 0.9397727272727273 0.20818713450292398 0.020454545454545454 0.047953216374269005
22 0.9397727272727273 0.3543859649122807 0.017613636363636363 0.0456140350877193
46 0.9392045454545455 0.11345029239766082 0.021022727272727273 0.06900584795321638
46 0.9113636363636364 0.23976608187134502 0.03068181818181818 0.04327485380116959
1 0.8892045454545454 0.39649122807017545 0.04943181818181818 0.06666666666666667
93 0.8747159090909091 0.4631578947368421 0.03920454545454546 0.03274853801169591
47 0.8579545454545454 0.11345029239766082 0.01534090909090909 0.06666666666666667
86 0.8900568181818181 0.11403508771929824 0.020454545454545454 0.044444444444444446
30 0.35909090909090907 0.8883040935672515 0.06136363636363636 0.044444444444444446
71 0.2630681818181818 0.8783625730994152 0.08636363636363636 0.2432748538011696
97 0.16761363636363635 0.8888888888888888 0.048295454545454544 0.09707602339181287
18 0.07755681818181819 0.8894736842105263 0.01818181818181818 0.07485380116959064
42 0.8085227272727272 0.6421052631578947 0.028409090909090908 0.05847953216374269
42 0.8801136363636364 0.6497076023391812 0.017613636363636363 0.03625730994152047
42 0.8644886363636364 0.6906432748538012 0.01875 0.03859649122807018
42 0.8642045454545455 0.8169590643274853 0.019886363636363636 0.03859649122807018
34 0.8713068181818182 0.7695906432748538 0.04261363636363636 0.042105263157894736
46 0.8443181818181819 0.8181286549707603 0.014772727272727272 0.017543859649122806
46 0.8340909090909091 0.9111111111111111 0.009659090909090909 0.028070175438596492
46 0.8221590909090909 0.5538011695906433 0.015909090909090907 0.022222222222222223