38 0.10008287292817679 0.9151238095238096 0.029571823204419884 0.04695238095238091
1 0.4016988950276243 0.5910857142857143 0.09104972375690602 0.07057142857142848
1 0.7435911602209945 0.5932380952380952 0.0946270718232044 0.07118095238095239
42 0.810317679558011 0.6665142857142857 0.03258287292817668 0.06260952380952382
42 0.14527624309392267 0.6705142857142857 0.041505524861878466 0.05952380952380952
42 0.3891988950276243 0.48765714285714284 0.07676795580110499 0.1000571428571428
42 0.7272928176795579 0.48580952380952386 0.07006906077348068 0.09636190476190483
42 0.9154281767955801 0.4417714285714286 0.04196132596685098 0.041523809523809546
42 0.2492817679558011 0.44761904761904764 0.045966850828729325 0.05691428571428571
42 0.06136740331491713 0.4919619047619047 0.07720994475138121 0.09388571428571427
1 0.07788674033149172 0.6009523809523809 0.09953038674033149 0.07550476190476188
42 0.4693232044198895 0.6643619047619048 0.036146408839778946 0.061999999999999916
22 0.1412707182320442 0.519352380952381 0.022762430939226506 0.04897142857142864
22 0.3032872928176796 0.4464 0.030801104972375707 0.047066666666666625
22 0.1923756906077348 0.4427047619047619 0.03124309392265194 0.05445714285714281
22 0.4713259668508287 0.5141142857142857 0.032140883977900526 0.042190476190476146
22 0.526671270718232 0.4427047619047619 0.03034530386740335 0.03967619047619045
22 0.6320027624309392 0.44300952380952385 0.032140883977900526 0.03660952380952375
22 0.8083149171270718 0.5128952380952381 0.0258839779005525 0.04710476190476194
22 0.970110497237569 0.44239999999999996 0.030801104972375627 0.05015238095238092
22 0.8632044198895028 0.4433142857142857 0.03392265193370158 0.04337142857142854
7 0.47534530386740326 0.4310095238095238 0.04016574585635365 0.0975428571428571
7 0.8154558011049724 0.4288571428571429 0.04016574585635349 0.10432380952380949
7 0.14863259668508289 0.43531428571428565 0.045524861878453046 0.10617142857142853
42 0.579792817679558 0.4427047619047619 0.04552486187845309 0.05445714285714281