1 0.19937694704049844 0.12666666666666668 0.02881619937694704 0.09777777777777778
1 0.19820872274143303 0.46074074074074073 0.02881619937694704 0.03851851851851852
42 0.24182242990654207 0.11333333333333333 0.040498442367601244 0.08296296296296296
42 0.24221183800623053 0.4585185185185185 0.03894080996884735 0.04296296296296296
42 0.169392523364486 0.19925925925925925 0.024922118380062305 0.03851851851851852
22 0.2585669781931464 0.02074074074074074 0.019470404984423675 0.034074074074074076
22 0.2309190031152648 0.20074074074074075 0.017133956386292833 0.034074074074074076
22 0.2601246105919003 0.2607407407407407 0.016355140186915886 0.03259259259259259
22 0.2601246105919003 0.37333333333333335 0.014797507788161994 0.034074074074074076
7 0.26479750778816197 0.2051851851851852 0.0397196261682243 0.04296296296296296
42 0.2601246105919003 0.31777777777777777 0.022585669781931463 0.04888888888888889
93 0.49338006230529596 0.4266666666666667 0.04322429906542056 0.035555555555555556
42 0.3773364485981308 0.5170370370370371 0.0397196261682243 0.07407407407407407
42 0.45404984423676015 0.8548148148148148 0.010903426791277258 0.044444444444444446
42 0.45404984423676015 0.9733333333333334 0.010903426791277258 0.05333333333333334
42 0.4353582554517134 0.9807407407407407 0.0264797507788162 0.03851851851851852
46 0.40420560747663553 0.7933333333333333 0.0264797507788162 0.034074074074074076
46 0.32904984423676015 0.5725925925925925 0.018691588785046728 0.06222222222222222
22 0.32982866043613707 0.5044444444444445 0.01557632398753894 0.04148148148148148