1 0.20883054892601433 0.11876155268022182 0.07875894988066826 0.034195933456561925
1 0.5041766109785203 0.11968576709796673 0.08233890214797136 0.034195933456561925
42 0.5614558472553699 0.15526802218114602 0.027446300715990454 0.030499075785582256
42 0.19809069212410502 0.06839186691312385 0.06682577565632458 0.04805914972273567
42 0.48985680190930786 0.06746765249537892 0.060859188544152745 0.04621072088724584
42 0.07696897374701671 0.048983364140480594 0.03937947494033413 0.027726432532347505
42 0.26730310262529833 0.15434380776340112 0.031026252983293555 0.029574861367837338
22 0.12350835322195704 0.04852125693160813 0.027446300715990454 0.02310536044362292
22 0.028042959427207637 0.0466728280961183 0.027446300715990454 0.026802218114602587
22 0.2684964200477327 0.08133086876155268 0.027446300715990454 0.02033271719038817
22 0.3168257756563246 0.0466728280961183 0.026252983293556086 0.019408502772643253
22 0.4075178997613365 0.0466728280961183 0.027446300715990454 0.01756007393715342
22 0.5596658711217184 0.08086876155268022 0.022673031026252982 0.02310536044362292
22 0.5960620525059666 0.0466728280961183 0.0059665871121718375 0.021256931608133085
7 0.2720763723150358 0.0411275415896488 0.034606205250596656 0.04713493530499076
7 0.5662291169451074 0.03974121996303143 0.034606205250596656 0.05083179297597042
7 0.00477326968973747 0.042975970425138635 0.00954653937947494 0.05083179297597042
42 0.3627684964200477 0.0466728280961183 0.03937947494033413 0.026802218114602587
25 0.931980906921241 0.11367837338262476 0.07637231503579953 0.05730129390018484
1 0.8406921241050119 0.07393715341959335 0.07756563245823389 0.04066543438077634
1 0.9630071599045346 0.04528650646950092 0.07398568019093078 0.038817005545286505
86 0.8186157517899761 0.04436229205175601 0.03699284009546539 0.031423290203327174
64 0.09844868735083533 0.46072088724584104 0.05847255369928401 0.03234750462107209
42 0.0805489260143198 0.5683918669131238 0.09904534606205251 0.07024029574861368
93 0.011933174224343675 0.5231053604436229 0.02386634844868735 0.06284658040665435
42 0.1282816229116945 0.8484288354898336 0.08949880668257756 0.0711645101663586
47 0.18854415274463007 0.3613678373382625 0.03341288782816229 0.04528650646950092
3 0.4075178997613365 0.83271719038817 0.0513126491646778 0.04436229205175601
3 0.1718377088305489 0.5739371534195934 0.05847255369928401 0.034195933456561925
3 0.40572792362768495 0.5878003696857671 0.0477326968973747 0.04436229205175601
47 0.29415274463007157 0.9316081330868762 0.03579952267303103 0.04251386321626617
39 0.22732696897374702 0.8488909426987061 0.017899761336515514 0.025878003696857672
39 0.057279236276849645 0.46487985212569316 0.014319809069212411 0.027726432532347505
39 0.13961813842482101 0.46487985212569316 0.014319809069212411 0.024029574861367836
42 0.008353221957040573 0.3599815157116451 0.016706443914081145 0.036044362292051754
42 0.2911694510739857 0.4043438077634011 0.046539379474940336 0.03974121996303143
68 0.22553699284009546 0.5683918669131238 0.021479713603818614 0.027726432532347505
42 0.4105011933174224 0.7097966728280961 0.0954653937947494 0.07208872458410351
68 0.29236276849642007 0.5147874306839186 0.032219570405727926 0.012939001848428836