38 0.06412664341293266 0.5573654390934845 0.01851354977193453 0.02903682719546742
1 0.25717735444056883 0.3604815864022663 0.05835792862892407 0.04320113314447592
1 0.4759860477595922 0.3611898016997167 0.0610410517842769 0.04320113314447592
42 0.5183793936141669 0.40580736543909346 0.020391735980681513 0.03824362606232295
42 0.09283606117520794 0.4086402266288952 0.026562919237993025 0.036827195467422094
42 0.24926214113227796 0.29674220963172804 0.04950362221625973 0.06019830028328612
42 0.46538771129594847 0.29603399433427763 0.04507646900992755 0.05807365439093484
42 0.5859940971290583 0.26912181303116145 0.026562919237993025 0.025495750708215296
42 0.1595116715857258 0.2726628895184136 0.029111886235578213 0.034702549575070823
42 0.03930775422591897 0.29957507082152973 0.04950362221625973 0.056657223796033995
1 0.04990609068956265 0.3661473087818697 0.06359001878186209 0.0453257790368272
42 0.30050979339951706 0.40509915014164305 0.022940702978266704 0.036827195467422094
22 0.09055540649315803 0.31586402266288954 0.015025489669975852 0.030453257790368272
22 0.19398980413200967 0.2719546742209632 0.020391735980681513 0.02903682719546742
22 0.12328950898846257 0.2698300283286119 0.020391735980681513 0.0339943342776204
22 0.3014488865038905 0.3130311614730878 0.020391735980681513 0.025495750708215296
22 0.3371344244700832 0.2698300283286119 0.019452642876308022 0.024079320113314446
22 0.4043466595116716 0.2698300283286119 0.020391735980681513 0.021954674220963172
22 0.5170378320364905 0.3123229461756374 0.01676951972095519 0.02903682719546742
22 0.620874698148645 0.2698300283286119 0.020391735980681513 0.030453257790368272
22 0.5524550576871479 0.2698300283286119 0.02119667292728736 0.026912181303116147
7 0.30399785350147573 0.26274787535410765 0.025623826133619534 0.059490084985835696
7 0.5218674537161255 0.2613314447592068 0.025623826133619534 0.06373937677053824
7 0.09498255969949021 0.26487252124645894 0.029111886235578213 0.06373937677053824
42 0.37121008854306414 0.2698300283286119 0.029111886235578213 0.0339943342776204
1 0.6270458814059565 0.6281869688385269 0.02092836061175208 0.03824362606232295
86 0.6110812986316072 0.7245042492917847 0.013415615776764154 0.0708215297450425