1 0.2884505431675243 0.45667330677290835 0.026014865637507146 0.09063745019920319
1 0.2893081761006289 0.11802788844621515 0.026014865637507146 0.0946215139442231
42 0.3161806746712407 0.052290836653386456 0.023156089193825044 0.03137450199203187
42 0.31732418524871353 0.7046812749003984 0.022584333905088624 0.02888446215139442
42 0.2501429388221841 0.46912350597609564 0.03659233847913093 0.07669322709163347
42 0.24957118353344768 0.1344621513944223 0.03516295025728988 0.0697211155378486
42 0.23527730131503716 0.6080677290836654 0.02115494568324757 0.045318725099601595
42 0.3156089193825043 0.3899402390438247 0.022584333905088624 0.035856573705179286
22 0.26186392224128074 0.7106573705179283 0.018296169239565466 0.01643426294820717
22 0.23499142367066894 0.5547808764940239 0.017724413950829045 0.03137450199203187
22 0.2335620354488279 0.6643426294820717 0.02029731275014294 0.03137450199203187
22 0.25986277873070324 0.3884462151394422 0.015437392795883362 0.03137450199203187
22 0.2335620354488279 0.33266932270916333 0.014865637507146942 0.030378486055776893
22 0.2335620354488279 0.22858565737051792 0.013436249285305889 0.03137450199203187
22 0.259576901086335 0.054282868525896415 0.017724413950829045 0.025896414342629483
22 0.2332761578044597 0.007470119521912351 0.016295025728987993 0.014940239043824702
7 0.22927387078330475 0.3844621513944223 0.036020583190394515 0.0398406374501992
7 0.22841623785020013 0.046812749003984064 0.038593481989708404 0.0398406374501992
7 0.23013150371640936 0.7016932270916335 0.038307604345340196 0.0348605577689243
42 0.2335620354488279 0.2798804780876494 0.02029731275014294 0.045318725099601595
42 0.9817038307604345 0.40886454183266935 0.03659233847913093 0.07669322709163347
42 0.706403659233848 0.39143426294820716 0.045740423098913664 0.07569721115537849
42 0.7427101200686106 0.32619521912350596 0.04288164665523156 0.07569721115537849
42 0.7753001715265866 0.5099601593625498 0.023441966838193252 0.035856573705179286
39 0.8081761006289309 0.598605577689243 0.012578616352201259 0.0249003984063745
42 0.9814179531160663 0.2689243027888446 0.037164093767867355 0.09561752988047809
95 0.7218410520297313 0.12898406374501992 0.016009148084619784 0.0796812749003984
39 0.8067467124070897 0.15338645418326693 0.013150371640937679 0.04282868525896414
30 0.7775871926815323 0.39093625498007967 0.016580903373356205 0.04880478087649402
30 0.7844482561463694 0.32669322709163345 0.015437392795883362 0.05079681274900399
23 0.9182389937106918 0.6663346613545816 0.018867924528301886 0.035856573705179286
23 0.8419096626643796 0.5816733067729084 0.017724413950829045 0.0398406374501992
23 0.9028016009148084 0.5831673306772909 0.018867924528301886 0.030876494023904383
23 0.9476843910806175 0.45567729083665337 0.018867924528301886 0.026892430278884463
23 0.948256146369354 0.31175298804780877 0.019439679817038306 0.029880478087649404