1 0.3115264797507788 0.13993948562783662 0.03842159916926272 0.09984871406959153
1 0.31048805815160957 0.5143721633888049 0.03842159916926272 0.1043872919818457
42 0.27050882658359293 0.583963691376702 0.03426791277258567 0.030257186081694403
42 0.36812045690550366 0.12632375189107414 0.05399792315680166 0.08472012102874432
42 0.3691588785046729 0.4962178517397882 0.05192107995846314 0.07715582450832073
42 0.2715472481827622 0.2140695915279879 0.033229491173416406 0.039334341906202726
22 0.3904465212876428 0.03177004538577912 0.02596053997923157 0.03479576399394856
22 0.35358255451713394 0.21558245083207261 0.02284527518172378 0.03479576399394856
22 0.3925233644859813 0.27685325264750377 0.021806853582554516 0.03328290468986384
22 0.3925233644859813 0.3918305597579425 0.01973001038421599 0.03479576399394856
22 0.3541017653167186 0.5847201210287444 0.02596053997923157 0.028744326777609682
7 0.3987538940809969 0.2201210287443268 0.0529595015576324 0.04387291981845688
7 0.40031152647975077 0.5847201210287444 0.05711318795430945 0.028744326777609682
42 0.3925233644859813 0.3350983358547655 0.030114226375908618 0.049924357034795766
42 0.8624091381100727 0.5718608169440242 0.055036344755970926 0.05446293494704992
42 0.8847352024922118 0.1437216338880484 0.03426791277258567 0.04387291981845688
42 0.885773624091381 0.3101361573373676 0.035306334371754934 0.059001512859304085
42 0.7419522326064382 0.4742813918305598 0.033229491173416406 0.0529500756429652
22 0.838006230529595 0.47049924357034795 0.03115264797507788 0.03328290468986384
22 0.8888888888888888 0.38199697428139184 0.03115264797507788 0.04236006051437216
22 0.8878504672897196 0.0680786686838124 0.024922118380062305 0.039334341906202726
1 0.7917964693665628 0.5521936459909228 0.0446521287642783 0.09379727685325265
93 0.7782969885773624 0.09228441754916793 0.04776739356178609 0.08472012102874432
7 0.8935617860851506 0.00832072617246596 0.059190031152647975 0.01664145234493192
7 0.8940809968847352 0.47276853252647505 0.060228452751817235 0.057488653555219364
25 0.476116303219107 0.9493192133131618 0.06438213914849429 0.09228441754916793
42 0.0893042575285566 0.981089258698941 0.05192107995846314 0.037821482602118005
42 0.013499480789200415 0.7821482602118003 0.02699896157840083 0.08169440242057488
46 0.31360332294911736 0.6762481089258698 0.02596053997923157 0.0529500756429652
95 0.5327102803738317 0.6649016641452344 0.055036344755970926 0.04084720121028744
35 0.6895119418483905 0.642965204236006 0.030114226375908618 0.0529500756429652