22 0.2448892674616695 0.39136490250696376 0.020442930153321975 0.037604456824512536
42 0.11754684838160136 0.3906685236768802 0.026405451448040886 0.033426183844011144
42 0.24787052810902896 0.2931754874651811 0.04514480408858603 0.07520891364902507
42 0.31388415672913117 0.3906685236768802 0.019591141396933562 0.02924791086350975
42 0.15587734241908008 0.34331476323119775 0.0434412265758092 0.07242339832869081
56 0.21081771720613288 0.2520891364902507 0.017035775127768313 0.037604456824512536
42 0.1899488926746167 0.2116991643454039 0.0434412265758092 0.07381615598885793
25 0.12436115843270869 0.21239554317548748 0.046848381601362864 0.07938718662952646
1 0.15545144804088587 0.45891364902506965 0.034071550255536626 0.0905292479108635
1 0.2708688245315162 0.45891364902506965 0.029812606473594547 0.08635097493036212
95 0.28620102214650767 0.3711699164345404 0.016183986371379896 0.07520891364902507
38 0.1899488926746167 0.334958217270195 0.026405451448040886 0.03064066852367688
25 0.3373083475298126 0.2931754874651811 0.0434412265758092 0.08774373259052924
35 0.0068143100511073255 0.48676880222841223 0.013628620102214651 0.05153203342618384
46 0.18867120954003408 0.38997214484679665 0.03151618398637138 0.026462395543175487
25 0.8343270868824532 0.2576601671309192 0.05025553662691652 0.0905292479108635
25 0.5813458262350937 0.28133704735376047 0.05110732538330494 0.08774373259052924
25 0.5089437819420783 0.49930362116991645 0.05110732538330494 0.08495821727019498
49 0.7240204429301533 0.28133704735376047 0.049403747870528106 0.08913649025069638
22 0.8232538330494037 0.36908077994428967 0.022146507666098807 0.034818941504178275
95 0.6286201022146508 0.02298050139275766 0.041737649063032366 0.03064066852367688
42 0.7742759795570698 0.44220055710306405 0.05025553662691652 0.09192200557103064
42 0.770442930153322 0.5466573816155988 0.054514480408858604 0.08913649025069638
42 0.7248722316865417 0.1615598885793872 0.051959114139693355 0.10445682451253482
42 0.7678875638841567 0.6594707520891365 0.054514480408858604 0.09192200557103064
42 0.5076660988074957 0.36420612813370473 0.05025553662691652 0.09192200557103064
94 0.6294718909710392 0.02437325905292479 0.04514480408858603 0.03064066852367688
39 0.6362862010221465 0.08913649025069638 0.028109028960817718 0.020891364902506964
39 0.8368824531516184 0.5494428969359332 0.015332197614991482 0.025069637883008356
1 0.3368824531516184 0.9554317548746518 0.03747870528109029 0.08635097493036212
1 0.39310051107325383 0.9394150417827298 0.03321976149914821 0.0905292479108635
39 0.3798977853492334 0.7883008356545961 0.020442930153321975 0.026462395543175487
39 0.35817717206132876 0.8161559888579387 0.01192504258943782 0.04178272980501393
1 0.09369676320272573 0.9401114206128134 0.039182282793867124 0.0947075208913649
42 0.09923339011925042 0.8279944289693594 0.06047700170357751 0.10167130919220056