93 0.023479831426851294 0.48412698412698413 0.037928958458759786 0.04931972789115646
42 0.04214328717639976 0.3197278911564626 0.023479831426851294 0.023809523809523808
22 0.07224563515954245 0.3191609977324263 0.016857314870559904 0.022675736961451247
22 0.012944009632751354 0.3191609977324263 0.015352197471402769 0.022675736961451247
22 0.36724864539434077 0.33956916099773243 0.020469596628537028 0.024376417233560092
42 0.36694762191450936 0.49263038548752835 0.01836243226971704 0.031746031746031744
42 0.3136664659843468 0.3356009070294785 0.04124021673690548 0.05442176870748299
42 0.36694762191450936 0.2562358276643991 0.015954244431065624 0.023809523809523808
42 0.34105960264900664 0.4467120181405896 0.039735099337748346 0.05215419501133787
56 0.2910897049969898 0.38038548752834467 0.020469596628537028 0.02040816326530612
42 0.2691149909692956 0.40589569160997735 0.0403371462974112 0.05215419501133787
25 0.26941601444912705 0.4846938775510204 0.04334738109572547 0.05668934240362812
1 0.40427453341360625 0.44727891156462585 0.049367850692354005 0.04081632653061224
1 0.40427453341360625 0.30839002267573695 0.047260686333534016 0.03571428571428571
95 0.3564118001204094 0.2896825396825397 0.04124021673690548 0.01927437641723356
38 0.33654425045153524 0.40589569160997735 0.016857314870559904 0.031746031746031744
25 0.3136664659843468 0.22845804988662133 0.04786273329319687 0.05215419501133787
35 0.419626730885009 0.6354875283446711 0.028296207104154123 0.035147392290249435
1 0.04786273329319687 0.641156462585034 0.037928958458759786 0.06972789115646258
42 0.050571944611679714 0.5719954648526077 0.050270921131848285 0.06462585034013606
46 0.3666465984346779 0.4070294784580499 0.014449127031908489 0.03798185941043084
42 0.6186032510535822 0.08276643990929705 0.017459361830222758 0.05442176870748299
42 0.7360024081878387 0.08163265306122448 0.024081878386514148 0.045351473922902494
42 0.7934978928356412 0.23582766439909297 0.05358217940999398 0.09297052154195011
42 0.7149307645996388 0.44047619047619047 0.030102347983142687 0.046485260770975055
42 0.8826008428657435 0.43934240362811794 0.028296207104154123 0.048752834467120185
42 0.952739313666466 0.0782312925170068 0.022275737507525588 0.05442176870748299
93 0.9834437086092715 0.5702947845804989 0.033112582781456956 0.08390022675736962
22 0.9208308248043348 0.44047619047619047 0.018663455749548464 0.035147392290249435
22 0.8452739313666466 0.44047619047619047 0.02107164358819988 0.04081632653061224
22 0.7579771222155328 0.44047619047619047 0.01926550270921132 0.032879818594104306
42 0.6797110174593618 0.5589569160997733 0.030102347983142687 0.047619047619047616
86 0.7971101745936183 0.5408163265306123 0.02107164358819988 0.05102040816326531
46 0.7947019867549668 0.5997732426303855 0.036122817579771226 0.05102040816326531
46 0.8606261288380493 0.4977324263038549 0.026490066225165563 0.05102040816326531
1 0.937989163154726 0.5396825396825397 0.03552077062010837 0.10317460317460317
29 0.7922937989163155 0.4126984126984127 0.031306441902468396 0.09977324263038549
42 0.851896447922938 0.32653061224489793 0.04695966285370259 0.0963718820861678
22 0.6186032510535822 0.012471655328798186 0.017459361830222758 0.024943310657596373
22 0.7369054786273329 0.006235827664399093 0.027694160144491272 0.012471655328798186
35 0.18874172185430463 0.8435374149659864 0.024683925346177003 0.02947845804988662
22 0.013847080072245636 0.9574829931972789 0.015653220951234198 0.023809523809523808
42 0.039735099337748346 0.9563492063492064 0.01926550270921132 0.035147392290249435
42 0.7408187838651414 0.8684807256235828 0.022275737507525588 0.03854875283446712
42 0.7633955448524985 0.8990929705215419 0.023479831426851294 0.04308390022675737
42 0.8302227573750752 0.8996598639455783 0.021673690547862733 0.032879818594104306
46 0.884406983744732 0.9642857142857143 0.018061408789885613 0.023809523809523808
46 0.9482239614689946 0.9642857142857143 0.018061408789885613 0.026077097505668934
46 0.7019867549668874 0.9869614512471655 0.010836845273931367 0.026077097505668934
46 0.6285370258880193 0.9631519274376418 0.020469596628537028 0.021541950113378686
34 0.8058398555087297 0.8843537414965986 0.022275737507525588 0.08956916099773243
46 0.831426851294401 0.9404761904761905 0.010234798314268514 0.030612244897959183