93 0.02078179119247897 0.4031578947368421 0.03364670954972786 0.04105263157894737
42 0.03735774369124196 0.26631578947368423 0.02078179119247897 0.019473684210526317
22 0.06407718951014349 0.2657894736842105 0.014844136566056407 0.018947368421052633
22 0.011380504700643246 0.2657894736842105 0.013359722909450767 0.018947368421052633
22 0.3250865907966353 0.2831578947368421 0.01830776843146957 0.020526315789473684
42 0.3248391885205344 0.4105263157894737 0.016081147946561108 0.02631578947368421
42 0.27758535378525484 0.28 0.0363681345868382 0.045263157894736845
42 0.3248391885205344 0.21368421052631578 0.014101929737753587 0.019473684210526317
42 0.30183077684314696 0.3721052631578947 0.0351311232063335 0.04368421052631579
56 0.25779317169717963 0.31684210526315787 0.01830776843146957 0.016842105263157894
42 0.23824839188520536 0.33789473684210525 0.035625927758535375 0.04368421052631579
25 0.23849579416130628 0.4036842105263158 0.03834735279564572 0.04684210526315789
1 0.3577436912419594 0.3726315789473684 0.0437902028698664 0.034210526315789476
1 0.3577436912419594 0.25684210526315787 0.041810984661058884 0.03
95 0.31543790202869865 0.24157894736842106 0.0363681345868382 0.01631578947368421
38 0.2978723404255319 0.33789473684210525 0.014844136566056407 0.02631578947368421
25 0.27758535378525484 0.19 0.0425531914893617 0.04368421052631579
35 0.3713508164275111 0.5294736842105263 0.02498762988619495 0.02894736842105263
1 0.0425531914893617 0.5342105263157895 0.03364670954972786 0.05789473684210526
42 0.04477981197427016 0.4768421052631579 0.044532409698169226 0.05368421052631579
46 0.32459178624443347 0.3394736842105263 0.012864918357248886 0.031578947368421054
42 0.7214250371103414 0.11052631578947368 0.04156358238495794 0.08210526315789474
42 0.9054923305294409 0.10947368421052632 0.044532409698169226 0.08210526315789474
42 0.9067293419099456 0.33842105263157896 0.01979218208807521 0.049473684210526316
42 0.7662048490846116 0.19526315789473683 0.02127659574468085 0.04105263157894737
42 0.8523008411677387 0.19421052631578947 0.01979218208807521 0.03684210526315789
46 0.8819891142998516 0.27210526315789474 0.024245423057892134 0.03684210526315789
42 0.723156853043048 0.3373684210526316 0.01830776843146957 0.049473684210526316
46 0.7459178624443344 0.2731578947368421 0.027214250371103414 0.03684210526315789
46 0.6598218703612073 0.48105263157894734 0.028698664027709056 0.030526315789473683
46 0.5571499257793172 0.48210526315789476 0.029688273132112815 0.035789473684210524
7 0.7248886689757545 0.18736842105263157 0.025235032162295893 0.07157894736842105
100 0.7370113805047006 0.7152631578947368 0.04403760514596734 0.06631578947368422
44 0.7367639782285997 0.8957894736842106 0.09896091044037605 0.08210526315789474