42 0.3453837597330367 0.0057405281285878304 0.018075639599555063 0.011481056257175661
22 0.34621802002224694 0.02525832376578645 0.017241379310344827 0.012055109070034443
22 0.33064516129032256 0.2399540757749713 0.018909899888765295 0.014925373134328358
42 0.21301446051167963 0.2399540757749713 0.024471635150166853 0.01320321469575201
42 0.3331479421579533 0.20091848450057406 0.04171301446051168 0.029850746268656716
42 0.3940489432703003 0.2399540757749713 0.018075639599555063 0.011481056257175661
42 0.24833147942157954 0.22101033295063147 0.04004449388209121 0.02870264064293915
56 0.2989432703003337 0.18484500574052812 0.01585094549499444 0.014925373134328358
42 0.27975528364849833 0.1687715269804822 0.04004449388209121 0.029276693455797934
25 0.21941045606229143 0.1687715269804822 0.04310344827586207 0.03157290470723306
1 0.24805339265850945 0.2669345579793341 0.031423804226918796 0.03616532721010333
1 0.35456062291434925 0.2669345579793341 0.02753058954393771 0.03444316877152698
95 0.36874304783092327 0.23191733639494833 0.015016685205784204 0.029850746268656716
38 0.27975528364849833 0.21756601607347875 0.024471635150166853 0.012055109070034443
25 0.4157397107897664 0.20091848450057406 0.04004449388209121 0.03501722158438576
35 0.10372636262513904 0.27784156142365096 0.026696329254727477 0.02066590126291619
1 0.09899888765294772 0.010332950631458095 0.05339265850945495 0.02066590126291619
42 0.15127919911012236 0.013777267508610792 0.04949944382647386 0.027554535017221583
46 0.278642936596218 0.23938002296211253 0.029199110122358176 0.010332950631458095
25 0.47080088987764185 0.9695752009184845 0.08398220244716352 0.060849598163030996
9 0.34454949944382646 0.9684270952927669 0.08620689655172414 0.06314580941446613
56 0.24416017797552836 0.9908151549942594 0.04338153503893215 0.018369690011481057
98 0.08620689655172414 0.9357060849598163 0.04282536151279199 0.09529276693455797
25 0.9265850945494994 0.6865671641791045 0.029477196885428252 0.060849598163030996
42 0.6345939933259177 0.7445464982778416 0.010011123470522803 0.05625717566016074
49 0.9257508342602893 0.8082663605051664 0.02836484983314794 0.0574052812858783