42 0.2741545893719807 0.492176386913229 0.018518518518518517 0.01422475106685633
22 0.2741545893719807 0.4516358463726885 0.017713365539452495 0.031294452347083924
42 0.28703703703703703 0.019203413940256046 0.0426731078904992 0.03840682788051209
56 0.322463768115942 0.04267425320056899 0.01610305958132045 0.03840682788051209
42 0.3421900161030596 0.08392603129445235 0.04106280193236715 0.07539118065433854
25 0.40418679549114334 0.08321479374110953 0.04428341384863124 0.08108108108108109
25 0.20249597423510468 0.02275960170697013 0.04106280193236715 0.04551920341394026
42 0.46859903381642515 0.4722617354196302 0.04186795491143317 0.05405405405405406
42 0.8276972624798712 0.3961593172119488 0.04508856682769726 0.07965860597439545
1 0.7524154589371981 0.3008534850640114 0.03542673107890499 0.10099573257467995
1 0.6916264090177133 0.30014224751066854 0.0322061191626409 0.08534850640113797
17 0.5905797101449275 0.12446657183499289 0.016908212560386472 0.06401137980085349
42 0.605475040257649 0.18349928876244664 0.020933977455716585 0.03698435277382646
1 0.927133655394525 0.3285917496443812 0.03784219001610306 0.09388335704125178
1 0.9726247987117552 0.2951635846372688 0.030595813204508857 0.08677098150782361
42 0.5684380032206119 0.11522048364153627 0.021739130434782608 0.03982930298719772
86 0.6549919484702094 0.2980085348506401 0.021739130434782608 0.049786628733997154
86 0.9376006441223832 0.2852062588904694 0.020933977455716585 0.04694167852062589
30 0.967391304347826 0.3577524893314367 0.02818035426731079 0.031294452347083924
39 0.5668276972624798 0.07965860597439545 0.021739130434782608 0.031294452347083924
39 0.71658615136876 0.29871977240398295 0.024154589371980676 0.04836415362731152
25 0.04186795491143317 0.9900426742532006 0.04830917874396135 0.01991465149359886
42 0.33494363929146537 0.6586059743954481 0.029790660225442835 0.051209103840682786
49 0.12962962962962962 0.9921763869132291 0.04186795491143317 0.015647226173541962
46 0.40096618357487923 0.6194879089615932 0.01932367149758454 0.04267425320056899
46 0.25644122383252815 0.6180654338549075 0.015297906602254429 0.04694167852062589
42 0.5132850241545893 0.9423897581792319 0.04750402576489533 0.11522048364153627
39 0.501207729468599 0.8648648648648649 0.023349436392914653 0.02844950213371266