1 0.34207240948813983 0.052461139896373056 0.0149812734082397 0.08419689119170984
35 0.13108614232209737 0.0783678756476684 0.04244694132334582 0.04792746113989637
42 0.6279650436953808 0.08354922279792747 0.06991260923845194 0.07253886010362694
42 0.3595505617977528 0.03173575129533679 0.019975031210986267 0.06347150259067358
1 0.7446941323345818 0.17033678756476683 0.05493133583021224 0.09196891191709844
1 0.8389513108614233 0.17098445595854922 0.049937578027465665 0.07772020725388601
17 0.9912609238451935 0.31088082901554404 0.017478152309612985 0.018134715025906734
42 0.9725343320848939 0.2772020725388601 0.03245942571785269 0.03367875647668394
1 0.4737827715355805 0.14507772020725387 0.05867665418227216 0.08549222797927461
1 0.40324594257178525 0.17551813471502592 0.04744069912609238 0.07901554404145078
86 0.8957553058676654 0.17292746113989638 0.033707865168539325 0.04533678756476684
86 0.4575530586766542 0.18458549222797926 0.03245942571785269 0.042746113989637305
30 0.41136079900124844 0.11852331606217617 0.04369538077403246 0.02849740932642487
39 0.8002496878901373 0.172279792746114 0.03745318352059925 0.04404145077720207
25 0.08926342072409488 0.5582901554404145 0.07240948813982521 0.07512953367875648
42 0.03058676654182272 0.7221502590673575 0.06117353308364544 0.08160621761658031
42 0.03058676654182272 0.8180051813471503 0.06117353308364544 0.08419689119170984
42 0.02933832709113608 0.9190414507772021 0.05867665418227216 0.07124352331606218
39 0.12109862671660425 0.822538860103627 0.024968789013732832 0.031088082901554404
1 0.9681647940074907 0.7150259067357513 0.06367041198501873 0.05958549222797927
1 0.8277153558052435 0.7681347150259067 0.05493133583021224 0.10103626943005181
1 0.8601747815230961 0.8639896373056994 0.05493133583021224 0.10103626943005181
1 0.6916354556803995 0.7746113989637305 0.05742821473158552 0.09585492227979274
1 0.66354556803995 0.8646373056994818 0.05118601747815231 0.07901554404145078
1 0.9662921348314607 0.8983160621761658 0.06741573033707865 0.05569948186528497
25 0.7528089887640449 0.5783678756476683 0.07240948813982521 0.08419689119170984
25 0.4656679151061174 0.9799222797927462 0.07740324594257178 0.04015544041450777
42 0.5923845193508115 0.5272020725388601 0.039950062421972535 0.038860103626943004
42 0.5961298377028714 0.6243523316062176 0.03870162297128589 0.04015544041450777
1 0.519350811485643 0.9022020725388601 0.05493133583021224 0.08419689119170984
1 0.5031210986267166 0.5699481865284974 0.08489388264669163 0.05181347150259067
39 0.8320848938826467 0.572538860103627 0.026217228464419477 0.03756476683937824
93 0.6473158551810237 0.5867875647668394 0.06117353308364544 0.07124352331606218
17 0.45131086142322097 0.5809585492227979 0.031210986267166042 0.05569948186528497
42 0.7484394506866417 0.9073834196891192 0.0749063670411985 0.09585492227979274
42 0.7553058676654182 0.7234455958549223 0.08489388264669163 0.09067357512953368
35 0.8064918851435705 0.47538860103626945 0.033707865168539325 0.042746113989637305
35 0.5948813982521848 0.4384715025906736 0.033707865168539325 0.04404145077720207
86 0.651685393258427 0.7746113989637305 0.04244694132334582 0.034974093264248704
86 0.5593008739076155 0.8782383419689119 0.04244694132334582 0.04015544041450777