22 0.25065160729800173 0.3162393162393162 0.020851433536055605 0.038461538461538464
42 0.12076455256298871 0.31552706552706555 0.02693310165073849 0.03418803418803419
42 0.2536924413553432 0.21581196581196582 0.046046915725456126 0.07692307692307693
42 0.3210251954821894 0.31552706552706555 0.01998262380538662 0.029914529914529916
42 0.15986099044309296 0.2670940170940171 0.044309296264118156 0.07407407407407407
56 0.2158992180712424 0.1737891737891738 0.01737619461337967 0.038461538461538464
42 0.19461337966985232 0.13247863247863248 0.044309296264118156 0.0754985754985755
25 0.12771503040834056 0.13319088319088318 0.04778453518679409 0.0811965811965812
1 0.15942658557775846 0.3853276353276353 0.03475238922675934 0.09259259259259259
1 0.27715030408340574 0.3853276353276353 0.030408340573414423 0.08831908831908832
95 0.29278887923544744 0.2955840455840456 0.016507384882710686 0.07692307692307693
38 0.19461337966985232 0.25854700854700857 0.02693310165073849 0.03133903133903134
25 0.34491746307558646 0.21581196581196582 0.044309296264118156 0.08974358974358974
35 0.007384882710686359 0.41381766381766383 0.014769765421372719 0.05270655270655271
46 0.19331016507384882 0.3148148148148148 0.03214596003475239 0.027065527065527065
42 0.10556038227628149 0.9786324786324786 0.04778453518679409 0.042735042735042736
42 0.019113814074717638 0.8846153846153846 0.038227628149435276 0.07977207977207977
42 0.08123370981754996 0.542022792022792 0.04952215464813206 0.024216524216524215
42 0.13032145960034752 0.5811965811965812 0.02780191138140747 0.039886039886039885
42 0.15595134665508253 0.9216524216524217 0.030408340573414423 0.042735042735042736
95 0.3370981754995656 0.5683760683760684 0.020851433536055605 0.07692307692307693
56 0.035621198957428324 0.9266381766381766 0.020851433536055605 0.045584045584045586
25 0.7619461337966985 0.5455840455840456 0.04865334491746308 0.03133903133903134
42 0.6268462206776716 0.6566951566951567 0.04778453518679409 0.08262108262108261
42 0.6698523023457863 0.6595441595441596 0.04170286707211121 0.07692307692307693
42 0.7046046915725456 0.74002849002849 0.020851433536055605 0.029914529914529916
42 0.6602953953084274 0.7386039886039886 0.019113814074717638 0.029914529914529916
42 0.7619461337966985 0.6424501424501424 0.046046915725456126 0.07122507122507123
3 0.6698523023457863 0.5598290598290598 0.036490008688097306 0.039886039886039885
22 0.5851433536055604 0.7393162393162394 0.023457862728062554 0.02849002849002849
39 0.7980017376194614 0.8625356125356125 0.014769765421372719 0.03418803418803419
1 0.5855777584708949 0.9188034188034188 0.029539530842745437 0.09544159544159544
35 0.8905299739357081 0.584045584045584 0.026064291920069503 0.05128205128205128
38 0.864031277150304 0.9501424501424501 0.016507384882710686 0.02564102564102564
48 0.6941789748045178 0.5370370370370371 0.029539530842745437 0.014245014245014245