42 0.18613348676639815 0.010027347310847767 0.009781357882623706 0.020054694621695533
22 0.18670886075949367 0.043299908842297175 0.009205983889528193 0.020966271649954422
22 0.17807825086306098 0.41248860528714676 0.010069044879171462 0.02552415679124886
42 0.11478711162255466 0.41203281677301734 0.013233601841196778 0.022789425706472195
42 0.17980437284234752 0.3454876937101185 0.02243958573072497 0.05150410209662717
42 0.2126006904487917 0.41203281677301734 0.009781357882623706 0.020054694621695533
42 0.1340621403912543 0.3796718322698268 0.021576524741081703 0.04968094804010939
56 0.16139240506329114 0.31722880583409296 0.008342922899884924 0.02552415679124886
42 0.15074798619102417 0.28988149498632637 0.021576524741081703 0.050592525068368276
25 0.11823935558112773 0.2903372835004558 0.02330264672036824 0.05423883318140383
1 0.13377445339470656 0.45897903372835 0.016973532796317605 0.06198723792160438
1 0.19102416570771003 0.45897903372835 0.014959723820483314 0.059252506836827715
95 0.19879171461449943 0.39881494986326343 0.00805523590333717 0.05150410209662717
38 0.15074798619102417 0.37420237010027346 0.013233601841196778 0.020966271649954422
25 0.22410817031070196 0.3454876937101185 0.021576524741081703 0.0601640838650866
35 0.05581127733026467 0.4781221513217867 0.014384349827387802 0.03509571558796718
1 0.053509781357882626 0.018231540565177756 0.028768699654775604 0.03600729261622607
42 0.08141542002301495 0.023701002734731084 0.02704257767548907 0.04740200546946217
46 0.15017261219792866 0.41157702825888787 0.015822784810126583 0.018231540565177756
25 0.4462025316455696 0.32087511394712853 0.04257767548906789 0.06654512306289881
25 0.3834867663981588 0.48814949863263446 0.04113924050632911 0.0633546034639927
46 0.34349827387802073 0.12306289881494986 0.00805523590333717 0.03828623518687329
95 0.4836018411967779 0.11531449407474932 0.03624856156501726 0.029626253418413857
42 0.38377445339470656 0.3846855059252507 0.04602991944764097 0.06654512306289881
33 0.9053509781357882 0.686873290793072 0.045454545454545456 0.03555150410209663
41 0.8383199079401611 0.6877848678213309 0.047180667433831994 0.037374658158614404
32 0.7715765247410817 0.686873290793072 0.04948216340621404 0.03555150410209663
27 0.7082853855005754 0.6877848678213309 0.04948216340621404 0.037374658158614404
63 0.6418296892980437 0.686873290793072 0.05466052934407365 0.03555150410209663
50 0.5765247410817032 0.6855059252506837 0.05063291139240506 0.032816773017319965
59 0.5103567318757192 0.6882406563354604 0.05063291139240506 0.03828623518687329
51 0.4450517836593786 0.6882406563354604 0.04660529344073648 0.03828623518687329
60 0.379746835443038 0.6859617137648131 0.05178365937859609 0.03372835004557885