42 0.09422321929332586 0.5997431506849316 0.005608524957936063 0.019691780821917807
22 0.09450364554122266 0.5702054794520548 0.005888951205832866 0.019263698630136987
22 0.09955131800336511 0.23373287671232876 0.0061693774537296695 0.023544520547945206
42 0.13881099270891756 0.2341609589041096 0.008132361189007292 0.020976027397260275
42 0.09871003925967471 0.2949486301369863 0.013740886146943354 0.04708904109589041
42 0.07851934941110487 0.2341609589041096 0.005888951205832866 0.018407534246575343
42 0.12703309029725182 0.2636986301369863 0.01346045989904655 0.0449486301369863
56 0.11020751542344363 0.3206335616438356 0.00532809871003926 0.023544520547945206
42 0.1166573191250701 0.3454623287671233 0.01346045989904655 0.046232876712328765
25 0.13656758272574313 0.3450342465753425 0.01430173864273696 0.04965753424657534
1 0.12703309029725182 0.1913527397260274 0.010375771172181716 0.05650684931506849
1 0.09169938306225463 0.1913527397260274 0.009254066180594503 0.05393835616438356
95 0.08693213684800898 0.2461472602739726 0.005047672462142457 0.04708904109589041
38 0.1166573191250701 0.2688356164383562 0.008132361189007292 0.019263698630136987
25 0.071228266965788 0.2949486301369863 0.01346045989904655 0.0547945205479452
35 0.17526640493550197 0.1742294520547945 0.0089736399326977 0.03210616438356165
1 0.17638810992708917 0.5924657534246576 0.0179472798653954 0.033818493150684935
42 0.15900168255748737 0.5877568493150684 0.016545148625911384 0.04323630136986301
46 0.1169377453729669 0.2345890410958904 0.00981491867638811 0.016695205479452056
25 0.4837352776219854 0.0920376712328767 0.10992708917554683 0.1541095890410959
46 0.019349411104879418 0.8428938356164384 0.03701626472237801 0.030821917808219176