93 0.03880149812734082 0.6720797720797721 0.06270911360799 0.06900284900284892
42 0.06922596754057428 0.4438888888888889 0.03787765293383271 0.03341880341880347
22 0.1185892634207241 0.4431766381766382 0.028564294631710355 0.031994301994302046
22 0.02094881398252185 0.4428205128205128 0.025143570536828964 0.031296296296296336
22 0.6023970037453183 0.47135327635327634 0.03322097378277155 0.035199430199430254
42 0.6016229712858926 0.6844729344729344 0.02980024968789014 0.04279202279202274
42 0.5143820224719101 0.46656695156695155 0.0676779026217229 0.0745299145299146
42 0.6016229712858926 0.35636752136752137 0.026079900124843926 0.032649572649572675
42 0.5594007490636704 0.6206980056980057 0.06456928838951315 0.07250712250712248
56 0.4774406991260924 0.5282193732193732 0.034769038701623 0.02780626780626778
42 0.44143570536828963 0.5634757834757835 0.06705368289637957 0.07212250712250712
25 0.4417478152309613 0.6727920227920228 0.07139825218476896 0.07891737891737889
1 0.6627715355805244 0.6210541310541311 0.08133583021223476 0.056210826210826265
1 0.663083645443196 0.4283048433048433 0.078227215980025 0.04900284900284897
95 0.5840823970037453 0.4024358974358974 0.06736579275905123 0.02700854700854706
38 0.5516354556803995 0.5636467236467236 0.026691635455680394 0.04341880341880344
25 0.5140823970037453 0.31703703703703706 0.07822721598002493 0.073005698005698
35 0.6880774032459426 0.8823076923076923 0.04612983770287147 0.04820512820512809
1 0.0785892634207241 0.8905413105413105 0.06235955056179777 0.09680911680911686
42 0.08328339575530586 0.7952279202279202 0.0820099875156055 0.09041310541310545
46 0.6012359550561798 0.5657264957264957 0.024007490636704144 0.052407407407407354