42 0.04175233644859813 0.5008149779735683 0.021199376947040497 0.08385462555066078
42 0.0436993769470405 0.6807488986784141 0.027694704049844237 0.07662995594713648
35 0.2924922118380062 0.3698237885462555 0.03201713395638631 0.05682819383259914
35 0.8772507788161995 0.36004405286343616 0.030716510903426832 0.08129955947136569
1 0.9306853582554517 0.24070484581497797 0.03288161993769455 0.1534581497797357
42 0.9360903426791277 0.08645374449339208 0.056682242990654365 0.14354625550660796
46 0.10427570093457943 0.8190748898678415 0.02942367601246105 0.07427312775330402
95 0.12115264797507788 0.7823568281938326 0.021635514018691567 0.11830396475770934
22 0.06619937694704049 0.5913876651982379 0.02077102803738319 0.04473568281938314
42 0.0995171339563863 0.588942731277533 0.025093457943925222 0.06922907488986779
38 0.09137071651090342 0.08535242290748898 0.013014018691588792 0.045903083700440536