35 0.9813084112149533 0.18548387096774194 0.02570093457943925 0.053763440860215055
42 0.9820872274143302 0.3293010752688172 0.02102803738317757 0.03494623655913978
25 0.9291277258566978 0.09274193548387097 0.048286604361370715 0.08333333333333333
42 0.5685358255451713 0.16330645161290322 0.042834890965732085 0.07526881720430108
42 0.6070872274143302 0.3125 0.04127725856697819 0.06989247311827956
42 0.5642523364485982 0.3111559139784946 0.037383177570093455 0.0793010752688172
42 0.6401869158878505 0.37836021505376344 0.02336448598130841 0.0228494623655914
42 0.5996884735202492 0.3810483870967742 0.02336448598130841 0.01747311827956989
35 0.7558411214953271 0.23319892473118278 0.0264797507788162 0.051075268817204304
49 0.6059190031152648 0.06586021505376344 0.04906542056074766 0.08602150537634409
49 0.8372274143302181 0.35618279569892475 0.048286604361370715 0.06720430107526881
25 0.6927570093457944 0.17473118279569894 0.048286604361370715 0.09005376344086022
42 0.692367601246106 0.29301075268817206 0.04361370716510903 0.0793010752688172
42 0.9248442367601246 0.2452956989247312 0.03115264797507788 0.07526881720430108
39 0.5654205607476636 0.38239247311827956 0.018691588785046728 0.01478494623655914
3 0.6066978193146417 0.21370967741935484 0.030373831775700934 0.03763440860215054
96 0.6055295950155763 0.15793010752688172 0.01791277258566978 0.036290322580645164
48 0.6300623052959502 0.18413978494623656 0.021806853582554516 0.036290322580645164
1 0.35202492211838005 0.7163978494623656 0.027258566978193146 0.0913978494623656
1 0.2908878504672897 0.6115591397849462 0.03348909657320872 0.08870967741935484
1 0.2616822429906542 0.6478494623655914 0.0529595015576324 0.06048387096774194
1 0.31386292834890966 0.8252688172043011 0.029595015576323987 0.09408602150537634
1 0.26246105919003115 0.7567204301075269 0.0514018691588785 0.05510752688172043
1 0.3294392523364486 0.9274193548387096 0.03348909657320872 0.0913978494623656
1 0.2737538940809969 0.9717741935483871 0.0514018691588785 0.056451612903225805
1 0.45872274143302183 0.655241935483871 0.04984423676012461 0.04704301075268817
1 0.4252336448598131 0.7184139784946236 0.03115264797507788 0.0846774193548387
1 0.5011682242990654 0.7547043010752689 0.03660436137071651 0.05779569892473118
1 0.0837227414330218 0.551747311827957 0.0514018691588785 0.06317204301075269
1 0.22702492211838007 0.396505376344086 0.061526479750778816 0.013440860215053764
1 0.21105919003115264 0.5524193548387096 0.050623052959501556 0.056451612903225805
25 0.44353582554517135 0.4852150537634409 0.04750778816199377 0.08602150537634409
25 0.1483644859813084 0.6801075268817204 0.04984423676012461 0.08333333333333333
25 0.24454828660436137 0.5020161290322581 0.04750778816199377 0.08198924731182795
1 0.154595015576324 0.8649193548387096 0.050623052959501556 0.056451612903225805
49 0.35942367601246106 0.5006720430107527 0.048286604361370715 0.09811827956989247
1 0.46845794392523366 0.9690860215053764 0.0529595015576324 0.05510752688172043
1 0.4353582554517134 0.9301075268817204 0.03115264797507788 0.0846774193548387
1 0.4719626168224299 0.8198924731182796 0.03426791277258567 0.0913978494623656
42 0.36020249221183803 0.4092741935483871 0.05218068535825545 0.038978494623655914
42 0.3901869158878505 0.6579301075268817 0.048286604361370715 0.0846774193548387
42 0.38901869158878505 0.7620967741935484 0.045950155763239874 0.08602150537634409
42 0.14563862928348908 0.5598118279569892 0.04672897196261682 0.09811827956989247
42 0.3987538940809969 0.9670698924731183 0.04361370716510903 0.06586021505376344
86 0.08683800623052959 0.6182795698924731 0.030373831775700934 0.053763440860215055
1 0.4322429906542056 0.3978494623655914 0.0529595015576324 0.016129032258064516
42 0.7877725856697819 0.49260752688172044 0.040498442367601244 0.0739247311827957
42 0.7165109034267912 0.573252688172043 0.01791277258566978 0.04032258064516129
42 0.7897196261682243 0.8145161290322581 0.03894080996884735 0.0739247311827957
42 0.616822429906542 0.9845430107526881 0.04672897196261682 0.030913978494623656
42 0.7180685358255452 0.8938172043010753 0.022585669781931463 0.038978494623655914
42 0.809190031152648 0.9905913978494624 0.018691588785046728 0.01881720430107527
42 0.8072429906542056 0.6760752688172043 0.020249221183800622 0.0456989247311828
22 0.807632398753894 0.40860215053763443 0.018691588785046728 0.02956989247311828
22 0.8080218068535826 0.6263440860215054 0.016355140186915886 0.026881720430107527
22 0.8064641744548287 0.7311827956989247 0.01791277258566978 0.033602150537634407
22 0.7776479750778816 0.5759408602150538 0.020249221183800622 0.026881720430107527
22 0.8084112149532711 0.9489247311827957 0.014018691588785047 0.030913978494623656
22 0.7780373831775701 0.8938172043010753 0.019470404984423675 0.03225806451612903
93 0.682632398753894 0.9657258064516129 0.0397196261682243 0.06854838709677419
1 0.7457165109034268 0.508736559139785 0.028037383177570093 0.09005376344086022
7 0.8115264797507789 0.5779569892473119 0.04361370716510903 0.043010752688172046
1 0.7461059190031153 0.8286290322580645 0.028037383177570093 0.0846774193548387
7 0.8150311526479751 0.8991935483870968 0.045171339563862926 0.03763440860215054