42 0.372856298048492 0.2378698224852071 0.02690715552927262 0.03727810650887574
42 0.47811945594322885 0.2378698224852071 0.024541691306918984 0.029585798816568046
3 0.34861028976936725 0.49940828402366866 0.018332347723240685 0.01893491124260355
3 0.450916617386162 0.48994082840236686 0.023358959195742164 0.03727810650887574
79 0.3459491425192194 0.007100591715976331 0.013010053222945003 0.014201183431952662
79 0.446481371969249 0.008284023668639054 0.014192785334121822 0.016568047337278107
42 0.4071555292726198 0.3289940828402367 0.023358959195742164 0.03550295857988166
29 0.3459491425192194 0.33136094674556216 0.013010053222945003 0.03076923076923077
29 0.44411590774689536 0.329585798816568 0.03311649911295092 0.03076923076923077
7 0.38734476641040805 0.2650887573964497 0.03252513305736251 0.02544378698224852
7 0.49112950916617387 0.2650887573964497 0.03015966883500887 0.02544378698224852
42 0.014192785334121822 0.8366863905325443 0.028385570668243643 0.10177514792899409
42 0.04701360141927853 0.7142011834319527 0.04730928444707274 0.09349112426035502
42 0.10615020697811946 0.7165680473372781 0.05677114133648729 0.11597633136094675
39 0.10644589000591366 0.7911242603550296 0.02424600827912478 0.03195266272189349
39 0.10467179183914843 0.6414201183431952 0.02365464222353637 0.023668639053254437
89 0.4157303370786517 0.7733727810650888 0.06268480189237138 0.15739644970414202