36 0.49529964747356053 0.1837837837837838 0.06110458284371328 0.1635135135135135
100 0.595475910693302 0.16689189189189188 0.03701527614571093 0.12027027027027028
44 0.6962397179788484 0.16756756756756758 0.045828437132784956 0.2702702702702703
14 0.7955346650998825 0.18513513513513513 0.04465334900117509 0.1810810810810811
25 0.07608695652173914 0.5114864864864865 0.03760282021151586 0.07837837837837838
42 0.13660399529964748 0.5148648648648648 0.033490011750881316 0.07432432432432433
42 0.1745005875440658 0.5844594594594594 0.03055229142185664 0.06621621621621622
42 0.2000587544065805 0.46216216216216216 0.0282021151586369 0.07297297297297298
25 0.2147473560517039 0.5871621621621622 0.029964747356051705 0.08783783783783784
42 0.22326674500587543 0.422972972972973 0.012925969447708578 0.03513513513513514
22 0.1392479435957697 0.4209459459459459 0.01410105757931845 0.02837837837837838
38 0.17508813160987075 0.47297297297297297 0.01762632197414806 0.032432432432432434
22 0.12749706227967098 0.995945945945946 0.01410105757931845 0.008108108108108109
22 0.12602820211515864 0.9141891891891892 0.011750881316098707 0.0445945945945946
42 0.1289659224441833 0.9635135135135136 0.01762632197414806 0.041891891891891894
93 0.21650998824911868 0.9817567567567568 0.026439482961222092 0.03648648648648649
42 0.095475910693302 0.4195945945945946 0.014688601645123384 0.03648648648648649
95 0.1128084606345476 0.43716216216216214 0.010575793184488837 0.07432432432432433
38 0.17685076380728554 0.47162162162162163 0.015863689776733254 0.032432432432432434
46 0.2802585193889542 0.41486486486486485 0.0399529964747356 0.02972972972972973