37 0.4622274143302181 0.1466733870967742 0.0264797507788162 0.037298387096774195
46 0.7005451713395638 0.17338709677419356 0.030373831775700934 0.03024193548387097
46 0.8835669781931464 0.17338709677419356 0.03582554517133956 0.024193548387096774
46 0.9890965732087228 0.10735887096774194 0.017133956386292833 0.047379032258064516
39 0.7375389408099688 0.07862903225806452 0.028037383177570093 0.028225806451612902
39 0.8477414330218068 0.07862903225806452 0.02881619937694704 0.03024193548387097
42 0.7916666666666666 0.17540322580645162 0.07087227414330217 0.09879032258064516
42 0.7017133956386293 0.9858870967741935 0.048286604361370715 0.028225806451612902
42 0.7799844236760125 0.8815524193548387 0.037383177570093455 0.055443548387096774
42 0.7601246105919003 0.6995967741935484 0.02570093457943925 0.029233870967741934
42 0.7593457943925234 0.5887096774193549 0.0264797507788162 0.03931451612903226
42 0.866822429906542 0.4934475806451613 0.024922118380062305 0.007056451612903226
42 0.868380062305296 0.8064516129032258 0.024922118380062305 0.036290322580645164
22 0.7570093457943925 0.5408266129032258 0.02336448598130841 0.028225806451612902
22 0.7577881619937694 0.75 0.01791277258566978 0.025201612903225805
22 0.7963395638629284 0.8074596774193549 0.02102803738317757 0.02721774193548387
93 0.8399532710280374 0.7338709677419355 0.03582554517133956 0.055443548387096774
1 0.8302180685358256 0.8669354838709677 0.035046728971962614 0.07459677419354839
7 0.7535046728971962 0.8044354838709677 0.04439252336448598 0.04032258064516129
7 0.7527258566978193 0.4944556451612903 0.045950155763239874 0.009072580645161291
49 0.6530373831775701 0.9788306451612904 0.04906542056074766 0.04233870967741935
25 0.5938473520249221 0.9773185483870968 0.05218068535825545 0.04536290322580645
35 0.5015576323987538 0.5498991935483871 0.024143302180685357 0.04233870967741935