42 0.024175579322638144 0.22517241379310346 0.01214349376114082 0.037586206896551726
42 0.025289661319073085 0.3062068965517241 0.01626559714795009 0.03379310344827586
35 0.1695632798573975 0.16655172413793104 0.018493761140819964 0.02586206896551724
35 0.508801247771836 0.16206896551724137 0.017602495543672013 0.036551724137931035
1 0.5397727272727273 0.10862068965517241 0.01893939393939394 0.0693103448275862
42 0.5430035650623886 0.038620689655172416 0.03253119429590018 0.06448275862068965
46 0.06049465240641711 0.3682758620689655 0.01715686274509804 0.03379310344827586
95 0.07018716577540107 0.35172413793103446 0.01214349376114082 0.05344827586206897
22 0.03843582887700535 0.26586206896551723 0.011697860962566845 0.020689655172413793
42 0.057820855614973264 0.26482758620689656 0.014483065953654188 0.030689655172413795
38 0.05303030303030303 0.038620689655172416 0.00768716577540107 0.020689655172413793
46 0.30124777183600715 0.45655172413793105 0.025846702317290554 0.013793103448275862