56 0.5560747663551402 0.2784090909090909 0.030373831775700934 0.06186868686868687
22 0.7141744548286605 0.32007575757575757 0.02570093457943925 0.04040404040404041
29 0.6943146417445483 0.2196969696969697 0.06931464174454828 0.06439393939393939
22 0.7133956386292835 0.12058080808080808 0.02570093457943925 0.04292929292929293
1 0.7620716510903427 0.16287878787878787 0.03271028037383177 0.041666666666666664
22 0.7928348909657321 0.2159090909090909 0.030373831775700934 0.04671717171717172
86 0.9875389408099688 0.08838383838383838 0.024922118380062305 0.05555555555555555
42 0.6526479750778816 0.30176767676767674 0.059190031152647975 0.09974747474747475
42 0.5856697819314641 0.21843434343434343 0.05841121495327103 0.09595959595959595
1 0.8193146417445483 0.37247474747474746 0.040498442367601244 0.04419191919191919
86 0.7402647975077882 0.11553030303030302 0.028037383177570093 0.05555555555555555
1 0.4084890965732087 0.9665404040404041 0.050623052959501556 0.054292929292929296
42 0.440809968847352 0.8869949494949495 0.0264797507788162 0.04292929292929293
1 0.45872274143302183 0.8080808080808081 0.021806853582554516 0.05303030303030303
42 0.4400311526479751 0.6963383838383839 0.0264797507788162 0.04419191919191919
25 0.3707165109034268 0.5151515151515151 0.045171339563862926 0.030303030303030304
42 0.6401869158878505 0.8907828282828283 0.042834890965732085 0.06691919191919192
42 0.7729750778816199 0.8421717171717171 0.042834890965732085 0.06944444444444445
42 0.7441588785046729 0.5126262626262627 0.045950155763239874 0.025252525252525252
42 0.6121495327102804 0.6654040404040404 0.02336448598130841 0.030303030303030304
42 0.8049065420560748 0.6085858585858586 0.02102803738317757 0.03787878787878788
42 0.6285046728971962 0.9494949494949495 0.02336448598130841 0.03156565656565657
42 0.7340342679127726 0.9501262626262627 0.020249221183800622 0.03787878787878788
93 0.7457165109034268 0.7411616161616161 0.0397196261682243 0.06944444444444445
93 0.7605140186915887 0.5965909090909091 0.03894080996884735 0.06565656565656566
47 0.5366043613707165 0.6628787878787878 0.03271028037383177 0.026515151515151516
47 0.8415109034267912 0.6098484848484849 0.019470404984423675 0.05176767676767677
47 0.7324766355140186 0.8863636363636364 0.03115264797507788 0.02904040404040404
1 0.8033489096573209 0.9886363636363636 0.03348909657320872 0.022727272727272728
1 0.6810747663551402 0.8232323232323232 0.031931464174454825 0.08333333333333333
17 0.9201713395638629 0.9558080808080808 0.01557632398753894 0.059343434343434344
42 0.7071651090342679 0.5505050505050505 0.022585669781931463 0.03535353535353535
42 0.8991433021806854 0.9488636363636364 0.017133956386292833 0.03409090909090909
17 0.6705607476635514 0.7683080808080808 0.03115264797507788 0.02904040404040404
35 0.5856697819314641 0.8996212121212122 0.0264797507788162 0.04671717171717172
39 0.6140965732087228 0.5473484848484849 0.01791277258566978 0.03409090909090909
39 0.8983644859813084 0.9210858585858586 0.02102803738317757 0.023989898989898988