25 0.3529718456725756 0.3772169167803547 0.06360792492179354 0.09686221009549795
56 0.19499478623566216 0.3403819918144611 0.022940563086548488 0.04365620736698499
42 0.22419186652763295 0.3813096862210095 0.05526590198123045 0.0791268758526603
42 0.011991657977059436 0.39495225102319237 0.023983315954118872 0.04229195088676671
42 0.013034410844629822 0.2605729877216917 0.026068821689259645 0.04365620736698499
42 0.0072992700729927005 0.06275579809004093 0.014598540145985401 0.07639836289222374
42 0.42805005213764336 0.46521145975443384 0.06986444212721585 0.0927694406548431
1 0.08967674661105318 0.4747612551159618 0.03962460896767466 0.08594815825375171
1 0.09124087591240876 0.18894952251023192 0.03962460896767466 0.09004092769440655
93 0.10583941605839416 0.378581173260573 0.053180396246089674 0.06957708049113233
22 0.011470281543274244 0.46043656207366984 0.022940563086548488 0.0286493860845839
22 0.009384775808133473 0.19236016371077763 0.018769551616266946 0.03274215552523874
42 0.11678832116788321 0.12482946793997271 0.03023983315954119 0.030013642564802184
7 0.01616266944734098 0.1330150068212824 0.03232533889468196 0.034106412005457026
7 0.01251303441084463 0.5211459754433834 0.02502606882168926 0.05184174624829468
42 0.11991657977059438 0.5266030013642565 0.029197080291970802 0.03137789904502047
22 0.05995828988529719 0.5266030013642565 0.027111574556830033 0.02592087312414734
22 0.05735140771637122 0.126193724420191 0.022940563086548488 0.03274215552523874
42 0.9812304483837331 0.4713506139154161 0.03753910323253389 0.07503410641200546
42 0.9614181438998958 0.22510231923601637 0.03441084462982273 0.03956343792633015
42 0.9603753910323254 0.07503410641200546 0.035453597497393116 0.05320600272851296
22 0.9572471324296142 0.01432469304229195 0.03128258602711158 0.0286493860845839
22 0.9582898852971846 0.2933151432469304 0.02502606882168926 0.03547066848567531
7 0.9525547445255474 0.3669849931787176 0.05943691345151199 0.054570259208731244
35 0.6147028154327424 0.02592087312414734 0.03232533889468196 0.05184174624829468
42 0.583941605839416 0.9877216916780355 0.03753910323253389 0.02455661664392906
42 0.7361835245046924 0.9890859481582538 0.03753910323253389 0.021828103683492497
42 0.8915537017726799 0.9870395634379263 0.045881126173096975 0.02592087312414734
79 0.6407716371220021 0.5688949522510232 0.03023983315954119 0.019099590723055934
79 0.7987486965589156 0.5648021828103683 0.03128258602711158 0.010914051841746248
79 0.9509906152241918 0.5648021828103683 0.02502606882168926 0.010914051841746248
29 0.7893639207507821 0.9890859481582538 0.04171011470281543 0.021828103683492497
29 0.9436913451511991 0.9897680763983628 0.03962460896767466 0.020463847203274217
29 0.635036496350365 0.9897680763983628 0.03962460896767466 0.020463847203274217
42 0.5265901981230449 0.8731241473396999 0.035453597497393116 0.04365620736698499
42 0.6892596454640251 0.8710777626193724 0.03441084462982273 0.047748976807639835
42 0.843065693430657 0.8710777626193724 0.03753910323253389 0.047748976807639835
7 0.5443169968717414 0.9147339699863575 0.047966631908237745 0.03956343792633015
7 0.7116788321167883 0.9092769440654843 0.045881126173096975 0.034106412005457026
7 0.864963503649635 0.9106412005457026 0.051094890510948905 0.034106412005457026