25 0.10109018830525272 0.23328785811732605 0.07036669970267592 0.08321964529331514
56 0.1278493557978196 0.02660300136425648 0.031714568880079286 0.030013642564802184
42 0.0981169474727453 0.06480218281036836 0.057482656095143705 0.0723055934515689
42 0.036669970267591674 0.29740791268758526 0.06739345887016848 0.02455661664392906
22 0.6015857284440039 0.1377899045020464 0.023785926660059464 0.03547066848567531
25 0.848364717542121 0.09072305593451568 0.057482656095143705 0.08867667121418826
42 0.9588701684836471 0.09345156889495225 0.06442021803766106 0.08049113233287858
42 0.18830525272547077 0.6780354706684857 0.053518334985133795 0.07094133697135062
42 0.4147670961347869 0.679399727148704 0.048562933597621406 0.0791268758526603
42 0.3186323092170466 0.6459754433833561 0.022794846382556987 0.036834924965893585
42 0.09167492566897918 0.645293315143247 0.022794846382556987 0.04365620736698499
42 0.24331020812685827 0.8028649386084584 0.028741328047571853 0.036834924965893585
22 0.2829534192269574 0.6459754433833561 0.030723488602576808 0.03137789904502047
22 0.02081268582755203 0.6978171896316507 0.02180376610505451 0.03956343792633015
22 0.05698711595639247 0.645293315143247 0.028741328047571853 0.021828103683492497
22 0.13082259663032705 0.645293315143247 0.027750247770069375 0.030013642564802184
22 0.24430128840436074 0.6971350613915416 0.024777006937561942 0.03547066848567531
42 0.01635282457879088 0.8001364256480218 0.030723488602576808 0.03956343792633015
7 0.023290386521308225 0.6316507503410641 0.030723488602576808 0.0791268758526603
22 0.3533201189296333 0.6459754433833561 0.026759167492566897 0.03137789904502047
7 0.24777006937561943 0.6364256480218281 0.027750247770069375 0.07503410641200546
1 0.41774033696729435 0.752387448840382 0.04261645193260654 0.047748976807639835
1 0.2001982160555005 0.7517053206002728 0.06739345887016848 0.05184174624829468
42 0.6318136769078295 0.44542974079126874 0.05450941526263627 0.0791268758526603
42 0.5450941526263627 0.6377899045020464 0.05946481665014866 0.0723055934515689
42 0.790386521308226 0.626193724420191 0.05252725470763132 0.07503410641200546
42 0.8285431119920713 0.8587994542974079 0.05450941526263627 0.07503410641200546
42 0.9672943508424182 0.5770804911323328 0.023785926660059464 0.040927694406548434
42 0.7443012884043607 0.6057298772169167 0.024777006937561942 0.040927694406548434
42 0.7438057482656095 0.7905866302864939 0.028741328047571853 0.036834924965893585
25 0.5113974231912785 0.4440654843110505 0.061446977205153616 0.08594815825375171
25 0.4965312190287413 0.9010914051841746 0.06342913776015857 0.08867667121418826
49 0.5094152626362736 0.5525238744884038 0.07333994053518335 0.08049113233287858
3 0.6139742319127849 0.6091405184174625 0.03865213082259663 0.03956343792633015
93 0.9078295341922695 0.8110504774897681 0.05450941526263627 0.06957708049113233
93 0.666005946481665 0.767394270122783 0.057482656095143705 0.0723055934515689
47 0.9692765113974232 0.44474761255115963 0.02081268582755203 0.0572987721691678
47 0.9955401387512388 0.9788540245566166 0.008919722497522299 0.034106412005457026
47 0.7938553022794846 0.7878581173260573 0.022794846382556987 0.054570259208731244
1 0.6878097125867195 0.9120054570259208 0.06937561942517344 0.058663028649386086
1 0.8434093161546086 0.6978171896316507 0.06541129831516353 0.05593451568894952
17 0.8865213082259663 0.679399727148704 0.022794846382556987 0.054570259208731244
35 0.7834489593657086 0.5306957708049114 0.036669970267591674 0.04638472032742155
96 0.6134786917740337 0.5525238744884038 0.027750247770069375 0.040927694406548434
48 0.6427155599603568 0.5763983628922238 0.024777006937561942 0.03137789904502047
86 0.6858275520317145 0.8656207366984994 0.02576808721506442 0.03137789904502047
42 0.6070366699702676 0.9004092769440655 0.07234886025768088 0.1009549795361528