25 0.12830965909090908 0.2687994542974079 0.09508522727272727 0.0875989085948158
25 0.4988920454545455 0.814706684856753 0.10080965909090912 0.08356070941336971
42 0.27264204545454546 0.7148158253751706 0.08133522727272725 0.07854024556616643
56 0.5367045454545454 0.6080491132332878 0.04582386363636362 0.030040927694406524
42 0.4946022727272727 0.6460300136425648 0.08190340909090904 0.07298772169167804
42 0.1265909090909091 0.4427012278308322 0.08477272727272728 0.08551159618008179
42 0.27035511363636366 0.3246521145975444 0.0836221590909091 0.06396998635743521
42 0.4791335227272727 0.36646657571623464 0.044105113636363574 0.03758526603001362
42 0.6191761363636363 0.36481582537517054 0.04582386363636362 0.04529331514324696
42 0.8253835227272728 0.33731241473397 0.08018465909090916 0.06948158253751702
42 0.20105113636363636 0.8518417462482947 0.041235795454545476 0.03570259208731252
42 0.40724431818181817 0.9127557980900408 0.09622159090909092 0.09154160982264653
1 0.26576704545454544 0.9244338335607094 0.0882102272727273 0.04886766712141874
1 0.13890625 0.7027148703956344 0.09221590909090907 0.051023192360163755
1 0.3969460227272727 0.47020463847203275 0.08936079545454541 0.05141882673942693
1 0.12315340909090909 0.6119099590723056 0.08477272727272728 0.04765347885402449
1 0.6947869318181819 0.4721282401091405 0.093934659090909 0.05196452933151437
42 0.28095170454545454 0.49195088676671217 0.08764204545454544 0.07178717598908596
93 0.49688920454545454 0.4908458390177354 0.07274147727272733 0.0695907230559345
22 0.4112642045454545 0.366193724420191 0.028636363636363592 0.034843110504774885
22 0.6904971590909091 0.36343792633015004 0.033792613636363586 0.029331514324693043
22 0.20562499999999997 0.5747612551159618 0.029786931818181858 0.036070941336971425
42 0.20590909090909093 0.5252387448840382 0.04066761363636363 0.042646657571623454
42 0.7615198863636364 0.5057025920873124 0.03150568181818191 0.03987721691678038
7 0.7520596590909091 0.3582264665757162 0.03666193181818174 0.07500682128240112
7 0.3482528409090909 0.354924965893588 0.05383522727272728 0.06180081855388811
46 0.25203125 0.2701637107776262 0.0332244318181818 0.04413369713506142
17 0.061576704545454546 0.33180081855388815 0.06816761363636363 0.028758526603001343
46 0.2053409090909091 0.6454843110504774 0.039517045454545444 0.05538881309686224
38 0.2600426136363636 0.6460300136425648 0.02863636363636367 0.04327421555252391
42 0.3428125 0.5098226466575716 0.03264204545454548 0.03824010914051838
22 0.3433806818181818 0.4308594815825375 0.02691761363636362 0.035429740791268795
22 0.7598437499999999 0.42787175989085946 0.033480113636363544 0.029686221009549783
46 0.11759943181818183 0.09362892223738062 0.04397727272727274 0.02376534788540247
46 0.26323863636363637 0.046930422919508864 0.03509943181818179 0.05357435197817189
35 0.09319602272727273 0.014761255115961802 0.06051136363636363 0.029522510231923604
95 0.2908664772727273 0.07095497953615279 0.06857954545454549 0.021036834924965896