25 0.32549136390708755 0.07298772169167804 0.039904705181655745 0.04638472032742155
25 0.07593805836807624 0.25375170532060026 0.038117927337701016 0.04911323328785812
42 0.12150089338892198 0.1432469304229195 0.03633114949374628 0.04024556616643929
56 0.1703394877903514 0.27216916780354705 0.0136986301369863 0.022510231923601638
42 0.15306730196545562 0.25170532060027284 0.033055390113162594 0.04024556616643929
42 0.24597974985110185 0.07162346521145975 0.039309112567004166 0.04160982264665757
42 0.2998808814770697 0.14256480218281037 0.02858844550327576 0.040927694406548434
42 0.2808219178082192 0.24420190995907232 0.016974389517569983 0.021828103683492497
42 0.28171530673019657 0.31241473396998637 0.02054794520547945 0.022510231923601638
42 0.2939249553305539 0.41336971350613916 0.03186420488385944 0.038881309686221006
42 0.05866587254318047 0.10845839017735334 0.016378796902918404 0.020463847203274217
42 0.030970815961882073 0.208731241473397 0.04169148302561048 0.0470668485675307
1 0.02561048243001787 0.13983628922237382 0.022334723049434187 0.042974079126875855
1 0.12715902322811198 0.07776261937244201 0.023823704586063133 0.045020463847203276
1 0.2334723049434187 0.20395634379263303 0.023823704586063133 0.04365620736698499
1 0.16855270994639668 0.07025920873124147 0.021739130434782608 0.04160982264665757
1 0.23257891602144135 0.34924965893587995 0.023823704586063133 0.045702592087312414
42 0.22364502680166765 0.14733969986357434 0.033055390113162594 0.042974079126875855
93 0.22394282310899344 0.25306957708049116 0.03186420488385944 0.03547066848567531
22 0.2808219178082192 0.21077762619372442 0.015485407980941036 0.01432469304229195
22 0.2823108993448481 0.3472032742155525 0.013103037522334724 0.01637107776261937
22 0.18552709946396664 0.11050477489768076 0.016974389517569983 0.01432469304229195
42 0.20815961882072662 0.11050477489768076 0.019952352590827872 0.019099590723055934
42 0.21739130434782608 0.3819918144611187 0.01816557474687314 0.015006821282401092
7 0.28469326980345444 0.37789904502046384 0.03424657534246575 0.017053206002728513
7 0.2861822513400834 0.1800818553888131 0.02799285288862418 0.02660300136425648
46 0.32489577129243596 0.1330150068212824 0.019952352590827872 0.015688949522510234
17 0.2969029184038118 0.04024556616643929 0.013103037522334724 0.03342428376534789
46 0.1533650982727814 0.11050477489768076 0.02501488981536629 0.018417462482946793
38 0.15306730196545562 0.13710777626193724 0.019356759976176294 0.013642564802182811
42 0.21530673019654556 0.17803547066848568 0.01756998213222156 0.015688949522510234
22 0.25134008338296604 0.17803547066848568 0.016378796902918404 0.01296043656207367
22 0.252829064919595 0.3813096862210095 0.0136986301369863 0.01637107776261937
46 0.40589636688505065 0.06753069577080491 0.01072066706372841 0.021828103683492497
46 0.42703990470518166 0.13915416098226466 0.024419297200714712 0.017053206002728513
35 0.4371649791542585 0.054570259208731244 0.004764740917212627 0.030013642564802184
95 0.41602144133412744 0.15211459754433834 0.01012507444907683 0.03342428376534789
88 0.6533650982727814 0.45566166439290584 0.0357355568790947 0.10641200545702592
102 0.5667063728409768 0.4542974079126876 0.10184633710541989 0.10914051841746249
101 0.47409172126265636 0.45702592087312416 0.06908874329958309 0.10368349249658936