56 0.10220994475138122 0.11210526315789474 0.03038674033149171 0.03368421052631579
42 0.06353591160220995 0.08052631578947368 0.07320441988950276 0.061052631578947365
42 0.34668508287292815 0.06947368421052631 0.03729281767955801 0.03263157894736842
42 0.34806629834254144 0.1731578947368421 0.04558011049723757 0.03368421052631579
42 0.3756906077348066 0.3257894736842105 0.07044198895027624 0.05894736842105263
1 0.24171270718232044 0.020526315789473684 0.052486187845303865 0.04105263157894737
1 0.23964088397790057 0.22894736842105262 0.052486187845303865 0.06947368421052631
93 0.22030386740331492 0.08263157894736842 0.07044198895027624 0.05368421052631579
22 0.34668508287292815 0.018947368421052633 0.034530386740331494 0.022105263157894735
22 0.3494475138121547 0.22578947368421054 0.029005524861878452 0.02526315789473684
42 0.2058011049723757 0.27842105263157896 0.04005524861878453 0.023157894736842106
7 0.35497237569060774 0.27157894736842103 0.07596685082872928 0.02631578947368421
22 0.2845303867403315 0.2773684210526316 0.03038674033149171 0.02526315789473684
42 0.5759668508287292 0.30105263157894735 0.06077348066298342 0.05263157894736842
42 0.20234806629834254 0.44105263157894736 0.03591160220994475 0.05578947368421053
42 0.21616022099447513 0.5836842105263158 0.017265193370165747 0.03736842105263158
42 0.1464088397790055 0.5005263157894737 0.016574585635359115 0.02631578947368421
93 0.12085635359116022 0.5557894736842105 0.029696132596685083 0.05263157894736842
22 0.19337016574585636 0.5031578947368421 0.016574585635359115 0.022105263157894735
22 0.2175414364640884 0.5452631578947369 0.015193370165745856 0.023157894736842106
7 0.22030386740331492 0.5068421052631579 0.034530386740331494 0.032105263157894734
1 0.1691988950276243 0.4531578947368421 0.021408839779005526 0.0668421052631579
42 0.07044198895027624 0.5826315789473684 0.03729281767955801 0.05578947368421053
42 0.9053867403314917 0.7852631578947369 0.062154696132596686 0.05157894736842105
42 0.5483425414364641 0.6389473684210526 0.05110497237569061 0.037894736842105266
46 0.5676795580110497 0.9068421052631579 0.031767955801104975 0.02736842105263158
46 0.4723756906077348 0.9073684210526316 0.03314917127071823 0.028421052631578948
42 0.518646408839779 0.9384210526315789 0.06353591160220995 0.04105263157894737
46 0.6830110497237569 0.6689473684210526 0.026243093922651933 0.034736842105263156