25 0.4303977272727273 0.029145077720207253 0.036931818181818184 0.05829015544041451
42 0.017045454545454544 0.14637305699481865 0.03409090909090909 0.07512953367875648
42 0.2762784090909091 0.025906735751295335 0.08948863636363637 0.05181347150259067
42 0.39985795454545453 0.14507772020725387 0.06534090909090909 0.07642487046632124
1 0.016335227272727272 0.03367875647668394 0.032670454545454544 0.06735751295336788
1 0.24857954545454544 0.2603626943005181 0.05397727272727273 0.08160621761658031
1 0.10014204545454546 0.02461139896373057 0.04971590909090909 0.04922279792746114
42 0.22585227272727273 0.15479274611398963 0.07528409090909091 0.08031088082901554
22 0.3565340909090909 0.27331606217616583 0.03551136363636364 0.027202072538860103
22 0.13920454545454544 0.086139896373057 0.03835227272727273 0.027202072538860103
42 0.19105113636363635 0.086139896373057 0.045454545454545456 0.03626943005181347
7 0.36860795454545453 0.21567357512953367 0.06392045454545454 0.04922279792746114
46 0.44105113636363635 0.12759067357512954 0.015625 0.029792746113989636
46 0.06605113636363637 0.08549222797927461 0.056818181818181816 0.034974093264248704
38 0.06534090909090909 0.13536269430051814 0.04403409090909091 0.025906735751295335
42 0.20738636363636365 0.211139896373057 0.03977272727272727 0.029792746113989636
22 0.2890625 0.211139896373057 0.036931818181818184 0.02461139896373057
39 0.53125 0.13082901554404144 0.028409090909090908 0.031088082901554404
25 0.03977272727272727 0.40803108808290156 0.07954545454545454 0.07772020725388601
93 0.39488636363636365 0.41321243523316065 0.06818181818181818 0.06476683937823834
42 0.09232954545454546 0.533678756476684 0.07386363636363637 0.06735751295336788
42 0.04758522727272727 0.711139896373057 0.041193181818181816 0.034974093264248704
42 0.05113636363636364 0.8316062176165803 0.036931818181818184 0.02849740932642487
42 0.078125 0.9870466321243523 0.07386363636363637 0.025906735751295335
46 0.21732954545454544 0.5265544041450777 0.061079545454545456 0.034974093264248704
46 0.1690340909090909 0.4009067357512953 0.02556818181818182 0.04533678756476684
46 0.007102272727272727 0.5148963730569949 0.014204545454545454 0.019430051813471502
22 0.04971590909090909 0.8873056994818653 0.02556818181818182 0.03756476683937824
22 0.05113636363636364 0.6541450777202072 0.02556818181818182 0.02849740932642487
7 0.05823863636363636 0.9462435233160622 0.08096590909090909 0.04145077720207254
7 0.0625 0.6003886010362695 0.08522727272727272 0.04015544041450777
95 0.3700284090909091 0.7370466321243523 0.06392045454545454 0.02849740932642487
35 0.4303977272727273 0.9533678756476683 0.036931818181818184 0.05181347150259067
35 0.36576704545454547 0.9507772020725389 0.04403409090909091 0.038860103626943004
35 0.2549715909090909 0.3795336787564767 0.041193181818181816 0.04145077720207254
42 0.7904829545454546 0.37370466321243523 0.08096590909090909 0.07253886010362694
42 0.5525568181818182 0.3788860103626943 0.078125 0.07253886010362694
42 0.5504261363636364 0.45142487046632124 0.08806818181818182 0.05958549222797927
42 0.6313920454545454 0.5116580310880829 0.05113636363636364 0.031088082901554404
42 0.5227272727272727 0.5116580310880829 0.046875 0.03238341968911917
47 0.5213068181818182 0.5621761658031088 0.05113636363636364 0.031088082901554404
42 0.4708806818181818 0.4339378238341969 0.04403409090909091 0.07253886010362694
35 0.7251420454545454 0.5971502590673575 0.05397727272727273 0.04922279792746114
42 0.8018465909090909 0.7914507772020726 0.036931818181818184 0.03238341968911917
22 0.9353693181818182 0.7914507772020726 0.03409090909090909 0.03626943005181347
47 0.8828125 0.7895077720207254 0.052556818181818184 0.02849740932642487
25 0.4602272727272727 0.7156735751295337 0.022727272727272728 0.08678756476683938
42 0.4602272727272727 0.5919689119170984 0.022727272727272728 0.07253886010362694
3 0.6321022727272727 0.34650259067357514 0.045454545454545456 0.05310880829015544
96 0.6811079545454546 0.3477979274611399 0.03835227272727273 0.038860103626943004
48 0.6576704545454546 0.3866580310880829 0.03977272727272727 0.03626943005181347
1 0.6370738636363636 0.6301813471502591 0.09232954545454546 0.05699481865284974