25 0.07718696397941681 0.1205179282868526 0.05717552887364208 0.03934262948207171
25 0.2990280160091481 0.3660358565737052 0.06060606060606061 0.037350597609561755
42 0.16352201257861634 0.32121513944223107 0.0494568324757004 0.035358565737051796
56 0.3218982275586049 0.2729083665338645 0.02715837621497999 0.013446215139442231
42 0.2964551172098342 0.2903386454183267 0.0494568324757004 0.03237051792828685
42 0.07575757575757576 0.19870517928286852 0.05117209834190966 0.03884462151394422
42 0.1623785020011435 0.1459163346613546 0.050314465408805034 0.02838645418326693
42 0.2875929102344197 0.1643426294820717 0.026300743281875358 0.01643426294820717
42 0.3713550600343053 0.16384462151394422 0.02715837621497999 0.02041832669322709
42 0.49485420240137223 0.15139442231075698 0.04774156660949114 0.03137450199203187
42 0.12064036592338478 0.38247011952191234 0.024585477415666093 0.01593625498007968
42 0.2441395082904517 0.4098605577689243 0.05803316180674671 0.04083665338645418
1 0.1592338479130932 0.4153386454183267 0.052887364208118924 0.021912350597609563
1 0.08347627215551744 0.3157370517928287 0.05546026300743282 0.023406374501992032
1 0.23813607775871926 0.21115537848605578 0.053744997141223556 0.023406374501992032
1 0.07375643224699828 0.2749003984063745 0.05117209834190966 0.02141434262948207
1 0.41652372784448255 0.21215139442231076 0.05631789594053745 0.023406374501992032
42 0.16866781017724414 0.22111553784860558 0.052887364208118924 0.03237051792828685
93 0.29817038307604343 0.22061752988047809 0.04345340194396798 0.03137450199203187
22 0.24671240708976558 0.1643426294820717 0.018010291595197257 0.015438247011952191
22 0.41395082904516867 0.16334661354581673 0.02058319039451115 0.012948207171314742
22 0.1234991423670669 0.2584661354581673 0.018010291595197257 0.01643426294820717
42 0.1234991423670669 0.2360557768924303 0.023727844482561464 0.01942231075697211
42 0.45654659805603204 0.22709163346613545 0.018867924528301886 0.017928286852589643
7 0.451114922813036 0.16085657370517928 0.02144082332761578 0.03386454183266932
7 0.2086906803887936 0.1593625498007968 0.03230417381360778 0.027390438247011952
46 0.1512292738707833 0.12151394422310757 0.01972555746140652 0.01942231075697211
17 0.037164093767867355 0.14890438247011953 0.040880503144654086 0.012948207171314742
46 0.12321326472269868 0.2898406374501992 0.022870211549456832 0.02440239043824701
38 0.15580331618067467 0.2903386454183267 0.017152658662092625 0.018924302788844622
42 0.2058319039451115 0.2290836653386454 0.01972555746140652 0.01693227091633466
22 0.2058319039451115 0.19372509960159362 0.016295025728987993 0.01593625498007968
22 0.4556889651229274 0.19223107569721115 0.02058319039451115 0.013446215139442231
46 0.07061177815894797 0.04183266932270916 0.026300743281875358 0.01045816733067729
46 0.15809033733562036 0.02091633466135458 0.02144082332761578 0.02390438247011952
35 0.05574614065180103 0.006474103585657371 0.03659233847913093 0.012948207171314742
95 0.17467124070897655 0.03187250996015936 0.040880503144654086 0.0099601593625498
42 0.6595197255574614 0.22709163346613545 0.04345340194396798 0.0796812749003984
42 0.696969696969697 0.2903386454183267 0.04345340194396798 0.07470119521912351
95 0.8101772441395083 0.2539840637450199 0.045740423098913664 0.027888446215139442
42 0.9716981132075472 0.11603585657370517 0.026300743281875358 0.04282868525896414
39 0.796169239565466 0.40189243027888444 0.024585477415666093 0.022908366533864542
30 0.6598056032018296 0.3510956175298805 0.0274442538593482 0.02888446215139442
30 0.6966838193253287 0.36304780876494025 0.029159519725557463 0.026892430278884463
35 0.9682675814751286 0.175796812749004 0.026872498570611778 0.04282868525896414
42 0.1815323041738136 0.5776892430278885 0.04345340194396798 0.0796812749003984
42 0.21898227558604916 0.6409362549800797 0.04345340194396798 0.07470119521912351
42 0.11349342481417952 0.6977091633466136 0.02058319039451115 0.04083665338645418
42 0.5677530017152659 0.5278884462151394 0.044596912521440824 0.0796812749003984
39 0.06260720411663807 0.7549800796812749 0.01429388221841052 0.021912350597609563
95 0.3321898227558605 0.6045816733067729 0.045740423098913664 0.027888446215139442
42 0.49342481417953116 0.4686254980079681 0.026300743281875358 0.03884462151394422
39 0.3181818181818182 0.7524900398406374 0.024585477415666093 0.022908366533864542
39 0.5969125214408233 0.5293824701195219 0.005717552887364208 0.03286852589641434
30 0.18181818181818182 0.7016932270916335 0.0274442538593482 0.02888446215139442
30 0.21869639794168097 0.7136454183266933 0.029159519725557463 0.026892430278884463
35 0.49028016009148084 0.526394422310757 0.026872498570611778 0.04282868525896414
23 0.023727844482561464 0.9467131474103586 0.020011435105774727 0.03286852589641434
23 0.07232704402515723 0.8137450199203188 0.022870211549456832 0.03187250996015936
23 0.0714694110920526 0.9198207171314741 0.018296169239565466 0.03286852589641434
23 0.14436821040594625 0.9905378486055777 0.015437392795883362 0.018924302788844622
23 0.22698684962835905 0.9910358565737052 0.017152658662092625 0.017928286852589643