25 0.06600985221674877 0.8185538881309686 0.06305418719211822 0.021828103683492497
42 0.37438423645320196 0.7148703956343793 0.029556650246305417 0.0791268758526603
56 0.31133004926108376 0.4618008185538881 0.02167487684729064 0.04365620736698499
42 0.3389162561576355 0.5027285129604365 0.052216748768472904 0.0791268758526603
42 0.10689655172413794 0.7175989085948158 0.04532019704433497 0.08049113233287858
42 0.13694581280788176 0.5170532060027285 0.026600985221674877 0.04229195088676671
42 0.13596059113300493 0.38267394270122784 0.03251231527093596 0.04365620736698499
42 0.11625615763546798 0.18485675306957708 0.05024630541871921 0.07639836289222374
1 0.3748768472906404 0.8144611186903138 0.02857142857142857 0.030013642564802184
1 0.21182266009852216 0.5961800818553888 0.0374384236453202 0.08594815825375171
1 0.21330049261083744 0.31036834924965895 0.0374384236453202 0.09004092769440655
42 0.22758620689655173 0.7073669849931787 0.052216748768472904 0.08458390177353342
93 0.2270935960591133 0.5 0.05024630541871921 0.06957708049113233
22 0.13694581280788176 0.582537517053206 0.024630541871921183 0.0286493860845839
22 0.13497536945812807 0.3144611186903138 0.020689655172413793 0.03274215552523874
22 0.2876847290640394 0.7796725784447476 0.026600985221674877 0.0286493860845839
42 0.2517241379310345 0.7796725784447476 0.03152709359605911 0.03819918144611187
42 0.2374384236453202 0.24624829467939974 0.02857142857142857 0.030013642564802184
7 0.1310344827586207 0.2551159618008186 0.054187192118226604 0.034106412005457026
7 0.12857142857142856 0.6432469304229195 0.04433497536945813 0.05184174624829468
46 0.06748768472906404 0.7353342428376535 0.03152709359605911 0.03137789904502047
46 0.33842364532019703 0.7803547066848567 0.03940886699507389 0.036834924965893585
38 0.3389162561576355 0.727830832196453 0.030541871921182268 0.027285129604365622
42 0.24039408866995074 0.6480218281036835 0.027586206896551724 0.03137789904502047
22 0.183743842364532 0.6480218281036835 0.02561576354679803 0.02592087312414734
22 0.1812807881773399 0.247612551159618 0.02167487684729064 0.03274215552523874
25 0.8325123152709359 0.4440654843110505 0.053201970443349754 0.07366984993178717
25 0.8315270935960591 0.36289222373806274 0.054187192118226604 0.0723055934515689
25 0.8310344827586207 0.18963165075034105 0.04926108374384237 0.0791268758526603
25 0.829064039408867 0.06070941336971351 0.05123152709359606 0.0723055934515689
42 0.42857142857142855 0.6302864938608458 0.034482758620689655 0.05320600272851296
42 0.45517241379310347 0.5798090040927695 0.0374384236453202 0.04911323328785812
42 0.4541871921182266 0.422237380627558 0.03645320197044335 0.04911323328785812
46 0.5315270935960591 0.7442019099590723 0.026600985221674877 0.03137789904502047
42 0.5591133004926109 0.6330150068212824 0.04532019704433497 0.07776261937244201
46 0.49014778325123154 0.422237380627558 0.02561576354679803 0.02455661664392906
46 0.5123152709359606 0.3069577080491132 0.020689655172413793 0.045020463847203276
34 0.4433497536945813 0.47885402455661663 0.07783251231527094 0.047748976807639835
65 0.8295566502463054 0.6446111869031378 0.05812807881773399 0.08594815825375171
49 0.8325123152709359 0.2830832196452933 0.05812807881773399 0.06275579809004093
2 0.29014778325123153 0.9918144611186903 0.024630541871921183 0.01637107776261937
42 0.7862068965517242 0.8458390177353342 0.05517241379310345 0.03274215552523874
42 0.9945812807881773 0.8860845839017736 0.01083743842364532 0.08049113233287858
42 0.7733990147783252 0.9577080491132333 0.06305418719211822 0.08458390177353342