25 0.014285714285714285 0.2222972972972973 0.02857142857142857 0.09594594594594595
42 0.051648351648351645 0.022972972972972974 0.031868131868131866 0.04594594594594595
56 0.09505494505494505 0.2587837837837838 0.012087912087912088 0.043243243243243246
42 0.07967032967032966 0.21824324324324323 0.02912087912087912 0.07837837837837838
42 0.2087912087912088 0.0222972972972973 0.025274725274725275 0.0445945945945946
42 0.19230769230769232 0.20405405405405405 0.014835164835164835 0.041891891891891894
42 0.19285714285714287 0.33716216216216216 0.018131868131868133 0.043243243243243246
42 0.20357142857142857 0.5168918918918919 0.028021978021978023 0.0445945945945946
1 0.15054945054945054 0.12567567567567567 0.020879120879120878 0.08513513513513514
1 0.14972527472527472 0.40878378378378377 0.020879120879120878 0.0891891891891892
42 0.14148351648351648 0.02837837837837838 0.02912087912087912 0.05675675675675676
93 0.14203296703296703 0.22094594594594594 0.028021978021978023 0.06891891891891892
22 0.19230769230769232 0.13918918918918918 0.013736263736263736 0.02837837837837838
22 0.1934065934065934 0.4047297297297297 0.011538461538461539 0.032432432432432434
42 0.13626373626373625 0.4722972972972973 0.015934065934065933 0.02972972972972973
7 0.1956043956043956 0.4635135135135135 0.03021978021978022 0.033783783783783786
7 0.19697802197802197 0.07905405405405405 0.024725274725274724 0.051351351351351354
38 0.07939560439560439 0.004054054054054054 0.01703296703296703 0.008108108108108109
42 0.1346153846153846 0.07432432432432433 0.015384615384615385 0.031081081081081083
22 0.1662087912087912 0.07432432432432433 0.014285714285714285 0.025675675675675677
22 0.16758241758241757 0.47094594594594597 0.012087912087912088 0.032432432432432434
46 0.3148351648351648 0.007432432432432433 0.00989010989010989 0.014864864864864866
95 0.310989010989011 0.02837837837837838 0.008791208791208791 0.05675675675675676
1 0.1631868131868132 0.7195945945945946 0.02032967032967033 0.0891891891891892
42 0.19313186813186814 0.7074324324324325 0.02857142857142857 0.07567567567567568
42 0.20467032967032966 0.5702702702702702 0.016483516483516484 0.0445945945945946
42 0.14203296703296703 0.7858108108108108 0.017582417582417582 0.03513513513513514
22 0.20494505494505494 0.6229729729729729 0.013736263736263736 0.031081081081081083
22 0.18543956043956045 0.7871621621621622 0.012087912087912088 0.031081081081081083
22 0.20604395604395603 0.8418918918918918 0.011538461538461539 0.02972972972972973
22 0.20604395604395603 0.9445945945945946 0.010439560439560439 0.031081081081081083
7 0.20934065934065935 0.7912162162162162 0.028021978021978023 0.03918918918918919
42 0.20604395604395603 0.893918918918919 0.015934065934065933 0.0445945945945946
42 0.6706043956043956 0.5966216216216216 0.025274725274725275 0.052702702702702706
93 0.6843406593406594 0.8804054054054054 0.04065934065934066 0.10405405405405406
39 0.6521978021978022 0.768918918918919 0.016483516483516484 0.04864864864864865
86 0.5826923076923077 0.6101351351351352 0.022527472527472527 0.0445945945945946