25 0.2960199004975124 0.09140518417462483 0.03620784964068546 0.058663028649386086
25 0.06909894969596463 0.31923601637107774 0.03454947484798231 0.06207366984993179
42 0.11028192371475953 0.1800818553888131 0.03289110005527916 0.0504774897680764
56 0.1550580431177446 0.3424283765347885 0.012437810945273632 0.02796725784447476
42 0.13902708678828082 0.3165075034106412 0.030127142067440577 0.0504774897680764
42 0.22360420121614152 0.09004092769440655 0.03565505804311774 0.05252387448840382
42 0.2728026533996683 0.17871759890859482 0.025981205085682697 0.05184174624829468
42 0.25538971807628524 0.3069577080491132 0.015201768933112217 0.027285129604365622
42 0.25594250967385296 0.39290586630286495 0.018794914317302378 0.02796725784447476
42 0.26727473742399116 0.519781718963165 0.02902155887230514 0.04911323328785812
42 0.05334438916528469 0.1364256480218281 0.014648977335544499 0.0252387448840382
42 0.028192371475953566 0.2626193724420191 0.03814262023217247 0.059345156889495224
1 0.02321724709784411 0.17598908594815826 0.02045328911000553 0.0538881309686221
1 0.11553344389165285 0.09822646657571624 0.02155887230514096 0.056616643929058665
1 0.21227197346600332 0.25648021828103684 0.02155887230514096 0.05525238744884038
1 0.15339966832504145 0.08799454297407913 0.01990049751243781 0.05252387448840382
1 0.21144278606965175 0.4392905866302865 0.02155887230514096 0.0572987721691678
42 0.20315091210613598 0.1855388813096862 0.030127142067440577 0.0538881309686221
93 0.20342730790491984 0.3178717598908595 0.02902155887230514 0.04433833560709413
22 0.25538971807628524 0.2653478854024557 0.014096185737976783 0.018417462482946793
22 0.2564953012714207 0.43656207366984995 0.011885019347705915 0.021145975443383355
22 0.16860143725815369 0.13915416098226466 0.015201768933112217 0.018417462482946793
42 0.18933112216694306 0.13915416098226466 0.01824212271973466 0.02455661664392906
42 0.1976229961304588 0.48021828103683495 0.01658374792703151 0.019099590723055934
7 0.2589828634604754 0.4747612551159618 0.03123272526257601 0.021828103683492497
7 0.2603648424543947 0.22646657571623466 0.02542841348811498 0.03342428376534789
46 0.2954671088999447 0.16780354706684858 0.01824212271973466 0.019781718963165076
17 0.27003869541182973 0.0504774897680764 0.011885019347705915 0.04160982264665757
46 0.13930348258706468 0.13847203274215553 0.022664455500276397 0.023874488403819918
38 0.13902708678828082 0.17257844474761255 0.017689331122166942 0.017735334242837655
42 0.19596462133775566 0.22373806275579808 0.016030956329463792 0.019781718963165076
22 0.22857932559425095 0.22373806275579808 0.014648977335544499 0.01637107776261937
22 0.22996130458817027 0.4795361527967258 0.012437810945273632 0.021145975443383355
46 0.36898839137645106 0.08526603001364257 0.009673852957435046 0.027285129604365622
46 0.3883360972913212 0.17462482946793997 0.02211166390270868 0.021828103683492497
35 0.3977335544499724 0.06957708049113233 0.003869541182974019 0.03751705320600273
95 0.37838584853510226 0.19167803547066847 0.00912106135986733 0.04160982264665757
22 0.6279712548369265 0.02455661664392906 0.021006080707573246 0.040927694406548434
46 0.5981205085682698 0.009549795361527967 0.035378662244333885 0.019099590723055934
86 0.5771144278606966 0.15620736698499318 0.02045328911000553 0.06275579809004093
29 0.6428966279712548 0.14733969986357434 0.054173576561636266 0.09140518417462483
56 0.7562189054726368 0.21077762619372442 0.017689331122166942 0.06957708049113233
42 0.734383637368712 0.14870395634379263 0.04477611940298507 0.11186903137789904
42 0.6868435599778884 0.2755798090040928 0.04367053620784964 0.1077762619372442
22 0.6260364842454395 0.26398362892223737 0.018794914317302378 0.045020463847203276
46 0.5989496959646213 0.3049113233287858 0.0326147042564953 0.0504774897680764
42 0.6263128800442234 0.34924965893587995 0.02321724709784411 0.06002728512960437
39 0.22415699281370924 0.975443383356071 0.011608623548922056 0.04911323328785812