1 0.21512005191434133 0.07512626262626262 0.04218040233614536 0.054292929292929296
42 0.18818948734587929 0.15467171717171718 0.022063595068137574 0.04292929292929293
1 0.15866320571057754 0.2335858585858586 0.04737183646982479 0.05303030303030303
42 0.18883841661258924 0.3453282828282828 0.022063595068137574 0.04419191919191919
25 0.24659312134977288 0.5252525252525253 0.03763789746917586 0.027777777777777776
42 0.9185593770279039 0.22664141414141414 0.02855288773523686 0.047979797979797977
46 0.808890330953926 0.2986111111111111 0.04282933160285529 0.045454545454545456
93 0.972420506164828 0.2986111111111111 0.050616482803374434 0.10101010101010101
22 0.8809214795587281 0.2297979797979798 0.025957170668397145 0.059343434343434344
1 0.9458144062297209 0.14709595959595959 0.031148604802076575 0.11616161616161616
86 0.9707981829980532 0.4722222222222222 0.031148604802076575 0.06060606060606061
86 0.9853990914990266 0.09406565656565656 0.029201817001946788 0.059343434343434344
86 0.9023361453601557 0.08775252525252525 0.026606099935107073 0.06313131313131314
56 0.3926022063595068 0.6092171717171717 0.025308241401687217 0.06186868686868687
22 0.2608695652173913 0.5675505050505051 0.021414665801427646 0.04040404040404041
29 0.2774172615184945 0.6679292929292929 0.057754704737183644 0.06439393939393939
22 0.26151849448410125 0.7670454545454546 0.021414665801427646 0.04292929292929293
1 0.2209604153147307 0.7247474747474747 0.027255029201817 0.041666666666666664
22 0.1953277092796885 0.6717171717171717 0.025308241401687217 0.04671717171717172
94 0.20927968851395198 0.9356060606060606 0.05126541207008436 0.03409090909090909
86 0.027255029201817 0.7986111111111112 0.03244646333549643 0.05555555555555555
42 0.3118105126541207 0.5871212121212122 0.0499675535366645 0.09595959595959595
42 0.3679428942245295 0.6691919191919192 0.04866969500324465 0.09595959595959595
46 0.32219338092147953 0.9917929292929293 0.024010382868267358 0.016414141414141416
46 0.4707981829980532 0.9166666666666666 0.03244646333549643 0.04040404040404041
42 0.19597663854639844 0.9722222222222222 0.025957170668397145 0.04292929292929293
86 0.2391304347826087 0.7720959595959596 0.02336145360155743 0.05555555555555555