60 0.32083054253181514 0.003443526170798898 0.02277294038847957 0.006887052341597796
1 0.3767582049564635 0.5358126721763086 0.043536503683858 0.027548209366391185
42 0.4045545880776959 0.46487603305785125 0.02277294038847957 0.046831955922865015
1 0.4350301406563965 0.3787878787878788 0.048894842598794376 0.05785123966942149
42 0.40388479571332886 0.2568870523415978 0.02277294038847957 0.048209366391184574
25 0.34427327528466173 0.03787878787878788 0.03884795713328868 0.07575757575757576
1 0.6540522438044206 0.2369146005509642 0.047555257870060284 0.06336088154269973
1 0.7361018084393838 0.18044077134986225 0.029470864032150032 0.10743801652892562
1 0.7186872069658405 0.07851239669421488 0.029470864032150032 0.10743801652892562
1 0.8091091761553918 0.17355371900826447 0.030810448760884127 0.10192837465564739
1 0.8241795043536504 0.07782369146005509 0.027461486939048894 0.08402203856749312
1 0.6557267247153382 0.04201101928374656 0.047555257870060284 0.05922865013774105
25 0.7762893503014066 0.3822314049586777 0.03884795713328868 0.08953168044077135
42 0.8623576691225721 0.4366391184573003 0.021433355659745478 0.04132231404958678
42 0.8603482920294708 0.3333333333333333 0.020763563295378432 0.04269972451790634
1 0.9015405224380442 0.04132231404958678 0.029470864032150032 0.08264462809917356
1 0.9102478231748158 0.39118457300275483 0.04554588077695914 0.05509641873278237
39 0.7337575351640991 0.3884297520661157 0.01406563965170797 0.03994490358126722
93 0.832886805090422 0.37327823691460055 0.03281982585398526 0.07575757575757576
17 0.9380442062960482 0.37947658402203854 0.016744809109176157 0.05922865013774105
42 0.7782987273945077 0.04132231404958678 0.04018754186202277 0.08264462809917356
42 0.7749497655726725 0.22796143250688705 0.04554588077695914 0.09641873278236915
35 0.7474882786336235 0.49173553719008267 0.01808439383791025 0.045454545454545456
35 0.8610180843938379 0.528236914600551 0.01808439383791025 0.04269972451790634
86 0.8305425318151373 0.17355371900826447 0.02277294038847957 0.0371900826446281
86 0.8801071667782987 0.06336088154269973 0.02277294038847957 0.04269972451790634
42 0.41527126590756863 0.8842975206611571 0.03014065639651708 0.05647382920110193
1 0.4708640321500335 0.7926997245179064 0.036838580040187544 0.12947658402203857
1 0.47019423978566643 0.6301652892561983 0.03951774949765573 0.1322314049586777
22 0.7565304755525787 0.8457300275482094 0.016075016744809108 0.0371900826446281
42 0.8566644340254521 0.8464187327823691 0.020763563295378432 0.03305785123966942
42 0.754186202277294 0.9428374655647382 0.03549899531145345 0.0743801652892562
42 0.702277294038848 0.8464187327823691 0.015405224380442064 0.028925619834710745
42 0.826523777628935 0.8932506887052342 0.03415941058271936 0.07162534435261708
56 0.7829872739450771 0.9820936639118457 0.013395847287340924 0.03581267217630854
25 0.8509711989283322 0.9917355371900827 0.036838580040187544 0.01652892561983471
1 0.8268586738111185 0.7789256198347108 0.02679169457468185 0.08953168044077135
1 0.7361018084393838 0.7789256198347108 0.02344273275284662 0.08539944903581267
95 0.724045545880777 0.8657024793388429 0.012726054922973878 0.0743801652892562
38 0.7997320830542531 0.9015151515151515 0.020763563295378432 0.030303030303030304
25 0.6838580040187542 0.9428374655647382 0.03415941058271936 0.08677685950413223
35 0.9497655726724715 0.7513774104683195 0.02277294038847957 0.05096418732782369
46 0.8007367716008037 0.8471074380165289 0.02478231748158071 0.026170798898071626