25 0.2605691056910569 0.48465266558966075 0.026016260162601626 0.030290791599353797
60 0.2426829268292683 0.006865912762520194 0.016260162601626018 0.01332794830371567
1 0.2821138211382114 0.3901453957996769 0.030894308943089432 0.04079159935379645
42 0.3020325203252033 0.329967689822294 0.016260162601626018 0.03231017770597738
1 0.3235772357723577 0.27059773828756056 0.034552845528455285 0.03998384491114701
42 0.30121951219512194 0.18618739903069467 0.016260162601626018 0.033521809369951534
25 0.25934959349593495 0.031098546042003232 0.027642276422764227 0.060177705977382874
25 0.5516260162601626 0.33360258481421645 0.044715447154471545 0.050080775444264945
25 0.8796747967479674 0.43618739903069464 0.046341463414634146 0.048465266558966075
93 0.9463414634146341 0.24838449111470112 0.038211382113821135 0.03796445880452343
93 0.6764227642276422 0.43295638126009695 0.03902439024390244 0.04038772213247173
1 0.9345528455284553 0.13489499192245558 0.03008130081300813 0.04765751211631664
42 0.9296747967479675 0.43578352180936997 0.041463414634146344 0.04281098546042003
42 0.8495934959349594 0.3578352180936995 0.04227642276422764 0.0420032310177706
42 0.9573170731707317 0.32148626817447495 0.02113821138211382 0.020193861066235864
42 0.8752032520325204 0.24717285945072698 0.023577235772357725 0.021809369951534735
42 0.8731707317073171 0.17205169628432956 0.02113821138211382 0.017770597738287562
42 0.9552845528455285 0.09652665589660743 0.01788617886178862 0.020193861066235864
42 0.8577235772357723 0.06098546042003231 0.04227642276422764 0.0444264943457189
1 0.6280487804878049 0.4333602584814216 0.03983739837398374 0.020193861066235864
46 0.7780487804878049 0.3622778675282714 0.034959349593495934 0.021809369951534735
46 0.8056910569105691 0.44063004846526654 0.014634146341463415 0.02827140549273021
46 0.9060975609756098 0.3695476575121163 0.023577235772357725 0.012116316639741519
1 0.9361788617886179 0.2903877221324717 0.03008130081300813 0.046849757673667204
22 0.8739837398373984 0.13731825525040386 0.014634146341463415 0.023424878836833602
22 0.9117886178861788 0.09652665589660743 0.02032520325203252 0.016962843295638127
22 0.8731707317073171 0.2827140549273021 0.014634146341463415 0.017770597738287562
22 0.9113821138211382 0.3198707592891761 0.01951219512195122 0.016962843295638127
22 0.9808943089430894 0.3945880452342488 0.01788617886178862 0.01615508885298869
7 0.8691056910569106 0.10056542810985461 0.046341463414634146 0.025848142164781908
7 0.8666666666666667 0.31623586429725364 0.04959349593495935 0.025848142164781908
95 0.6906504065040651 0.2310177705977383 0.036585365853658534 0.018578352180936994
42 0.9552845528455285 0.3945880452342488 0.022764227642276424 0.022617124394184167
42 0.9552845528455285 0.35420032310177707 0.043089430894308944 0.04119547657512116
42 0.5536585365853659 0.43578352180936997 0.04878048780487805 0.05088852988691438
35 0.6552845528455284 0.09571890145395799 0.022764227642276424 0.03231017770597738
35 0.693089430894309 0.09773828756058159 0.024390243902439025 0.024232633279483037
35 0.7565040650406504 0.45395799676898224 0.022764227642276424 0.025848142164781908
49 0.583739837398374 0.981421647819063 0.08292682926829269 0.03715670436187399
42 0.8447154471544716 0.8344103392568659 0.032520325203252036 0.03715670436187399
42 0.7365853658536585 0.8869143780290791 0.04065040650406504 0.035541195476575124
42 0.7739837398373983 0.882875605815832 0.03414634146341464 0.03715670436187399
42 0.6845528455284553 0.9539579967689822 0.06666666666666667 0.06946688206785137
1 0.8951219512195122 0.872778675282714 0.05203252032520325 0.033117932148626815
3 0.7556910569105691 0.9886914378029079 0.03170731707317073 0.022617124394184167
96 0.7069105691056911 0.9947495961227787 0.026829268292682926 0.01050080775444265