98 0.049798503166378814 0.26674107142857145 0.01755900978698906 0.03627232142857143
25 0.03051237766263673 0.31026785714285715 0.031088082901554404 0.06696428571428571
25 0.16321243523316062 0.30859375 0.03166378814047208 0.06696428571428571
60 0.45048934945308 0.26395089285714285 0.020149683362118594 0.041294642857142856
1 0.22452504317789293 0.36495535714285715 0.02360391479562464 0.07924107142857142
42 0.25906735751295334 0.41517857142857145 0.018422567645365574 0.041294642857142856
1 0.29303396660909614 0.47098214285714285 0.023028209556706966 0.08872767857142858
42 0.3413932066781808 0.4140625 0.018998272884283247 0.041294642857142856
25 0.4303396660909614 0.30580357142857145 0.03425446171560161 0.07087053571428571
35 0.10362694300518134 0.06194196428571429 0.018134715025906734 0.03794642857142857
35 0.102475532527346 0.13225446428571427 0.01957397812320092 0.03794642857142857
35 0.4968336211859528 0.05915178571428571 0.02360391479562464 0.045200892857142856
35 0.49971214738054115 0.1328125 0.024467472654001152 0.05357142857142857
39 0.56188831318365 0.13560267857142858 0.009211283822682787 0.027901785714285716
39 0.5728267127230858 0.16796875 0.01583189407023604 0.024553571428571428
42 0.5794473229706391 0.5368303571428571 0.04087507196315487 0.07924107142857142
25 0.8154864709268854 0.026785714285714284 0.048934945308002305 0.05357142857142857
46 0.6986183074265976 0.12220982142857142 0.02648244099021301 0.026785714285714284
93 0.7374784110535406 0.44140625 0.04145077720207254 0.0859375
25 0.6286701208981001 0.48939732142857145 0.037996545768566495 0.10602678571428571
42 0.6303972366148531 0.61328125 0.04145077720207254 0.052455357142857144
42 0.7800805987334485 0.6261160714285714 0.04951065054691998 0.026785714285714284
56 0.8425446171560161 0.5228794642857143 0.02648244099021301 0.041294642857142856
42 0.8146229130685089 0.5636160714285714 0.04432930339666091 0.09040178571428571
3 0.6611974668969488 0.6439732142857143 0.018998272884283247 0.008928571428571428
46 0.7648244099021301 0.7862723214285714 0.018422567645365574 0.0234375
46 0.7665515256188832 0.9464285714285714 0.017846862406447898 0.024553571428571428
46 0.6243523316062176 0.9229910714285714 0.00978698906160046 0.026785714285714284
46 0.6234887737478411 0.7661830357142857 0.009211283822682787 0.027901785714285716
3 0.6799078871617732 0.9481026785714286 0.017271157167530225 0.03459821428571429
3 0.6718480138169257 0.7918526785714286 0.018422567645365574 0.03236607142857143
42 0.8186528497409327 0.6785714285714286 0.018998272884283247 0.03571428571428571
42 0.8177892918825561 0.8348214285714286 0.017846862406447898 0.0390625
42 0.8186528497409327 0.9871651785714286 0.021876799078871616 0.025669642857142856
42 0.6252158894645942 0.7271205357142857 0.024179620034542316 0.04352678571428571
7 0.8002302820955671 0.8537946428571429 0.016119746689694875 0.049107142857142856
7 0.8016695451928613 0.6986607142857143 0.013241220495106506 0.0546875
65 0.9942429476108232 0.7059151785714286 0.011514104778353483 0.06584821428571429
65 0.9945308002302821 0.8638392857142857 0.010938399539435808 0.0625
47 0.9467472654001151 0.6434151785714286 0.018998272884283247 0.0078125
47 0.9461715601611975 0.7885044642857143 0.020149683362118594 0.025669642857142856
47 0.9458837075417387 0.9447544642857143 0.01957397812320092 0.027901785714285716
38 0.9654576856649395 0.6428571428571429 0.009211283822682787 0.006696428571428571
38 0.9674726540011515 0.79296875 0.00978698906160046 0.029017857142857144
38 0.9660333909038572 0.9453125 0.010938399539435808 0.029017857142857144
42 0.7662636729994243 0.7260044642857143 0.02072538860103627 0.0390625
38 0.7668393782383419 0.7645089285714286 0.015544041450777202 0.020089285714285716
38 0.7662636729994243 0.9224330357142857 0.016119746689694875 0.017857142857142856
42 0.7659758203799655 0.8828125 0.021301093839953943 0.041294642857142856
42 0.6243523316062176 0.88671875 0.02360391479562464 0.03571428571428571