1 0.28653217011995635 0.4356014580801944 0.03544165757906216 0.05224787363304982
42 0.30916030534351147 0.35905224787363305 0.018538713195201745 0.041312272174969626
1 0.33396946564885494 0.28311057108140947 0.03980370774263904 0.05103280680437424
42 0.30861504907306436 0.1755771567436209 0.018538713195201745 0.0425273390036452
25 0.2600872410032715 0.007897934386391251 0.03162486368593239 0.015795868772782502
42 0.7843511450381679 0.4629404617253949 0.027808069792802616 0.03402187120291616
42 0.6927480916030534 0.4641555285540705 0.019083969465648856 0.031591737545565005
42 0.7074700109051254 0.4270959902794654 0.016902944383860415 0.0425273390036452
42 0.9288440567066522 0.4641555285540705 0.017993456924754635 0.031591737545565005
42 0.9443838604143948 0.42831105710814094 0.016902944383860415 0.041312272174969626
42 0.9446564885496184 0.29526123936816523 0.016902944383860415 0.046172539489671933
42 0.7074700109051254 0.29890643985419196 0.019083969465648856 0.04374240583232078
46 0.7363685932388222 0.19805589307411908 0.011450381679389313 0.03766707168894289
46 0.7366412213740458 0.07290400972053462 0.011995637949836423 0.038882138517618466
46 0.7734460196292258 0.07229647630619684 0.012540894220283533 0.041312272174969626
34 0.7017448200654307 0.3450789793438639 0.04252998909487459 0.053462940461725394
34 0.938113413304253 0.3444714459295261 0.04743729552889858 0.0425273390036452
25 0.4362050163576881 0.49878493317132444 0.05234460196292257 0.03766707168894289
35 0.5258996728462377 0.49817739975698666 0.021810250817884406 0.031591737545565005
42 0.6071428571428571 0.8712029161603888 0.04961832061068702 0.1166464155528554
22 0.5646128680479825 0.649453219927096 0.009269356597600873 0.04738760631834751
22 0.7363685932388222 0.6196840826245443 0.024536532170119956 0.053462940461725394
93 0.6611232279171211 0.5522478736330498 0.04634678298800436 0.0911300121506683
93 0.5948745910577972 0.5188335358444714 0.03925845147219193 0.07776427703523693
46 0.7979825517993457 0.5552855407047388 0.03380588876772083 0.04738760631834751
42 0.7031079607415486 0.6245443499392467 0.019629225736095966 0.04860267314702309
1 0.6810250817884406 0.6944106925880923 0.021810250817884406 0.08383961117861483
7 0.6183206106870229 0.6166464155528554 0.04743729552889858 0.054678007290400975
86 0.6518538713195202 0.4939246658566221 0.016902944383860415 0.027946537059538274
86 0.7170119956379498 0.7545565006075334 0.024536532170119956 0.04860267314702309
86 0.6395856052344602 0.7563791008505468 0.019629225736095966 0.061968408262454436
86 0.5703380588876772 0.503037667071689 0.020719738276990186 0.041312272174969626