98 0.08136078782452999 0.41681904761904764 0.028433303491495067 0.05737142857142858
25 0.050044762757385855 0.4851428571428571 0.05110116383169203 0.10415238095238091
25 0.26773500447627574 0.48289523809523816 0.05152193375111903 0.10504761904761906
60 0.7389435989256938 0.41255238095238095 0.03298119964189787 0.064952380952381
1 0.36852282900626676 0.5706857142857144 0.03823634735899735 0.12407619047619045
42 0.4250044762757386 0.6495619047619047 0.03035810205908681 0.06573333333333331
1 0.4807609668755595 0.736247619047619 0.03677708146821838 0.13847619047619056
42 0.5601611459265892 0.6473904761904762 0.030940017905102906 0.0651047619047618
25 0.7058191584601611 0.4781142857142857 0.05604297224709034 0.1103428571428571
35 0.16988361683079678 0.0967047619047619 0.029776186213070717 0.059257142857142855
35 0.16828111011638316 0.20697142857142856 0.03181736794986573 0.05994285714285714
35 0.81496866606983 0.09276190476190477 0.03806624888093105 0.07146666666666669
35 0.8194359892569382 0.2076761904761905 0.04000895255147722 0.08310476190476189
39 0.9217726051924797 0.21257142857142855 0.01512981199641906 0.04476190476190476
39 0.9394628469113698 0.2631047619047619 0.025371530886302725 0.03883809523809521
42 0.950259623992838 0.8392571428571429 0.06741271262309764 0.12400000000000004