25 0.009795191451469279 0.2917329093799682 0.019590382902938557 0.08744038155802862
60 0.2410952804986643 0.2329093799682035 0.01647373107747106 0.05405405405405406
1 0.05676758682101514 0.356120826709062 0.01914514692787177 0.08585055643879173
25 0.22462154942119322 0.287758346581876 0.02804986642920748 0.09220985691573927
42 0.8317008014247551 0.029411764705882353 0.03829029385574354 0.058823529411764705
42 0.7504452359750667 0.08982511923688394 0.0182546749777382 0.0794912559618442
42 0.890026714158504 0.2957074721780604 0.018699910952804988 0.058823529411764705
22 0.7513357079252003 0.1907790143084261 0.014692787177203919 0.05246422893481717
93 0.9850845948352627 0.1327503974562798 0.02983081032947462 0.11605723370429252
1 0.7246215494211933 0.03418124006359301 0.03784505788067676 0.06518282988871224
7 0.8931433659839715 0.038950715421303655 0.0213713268032057 0.07790143084260731
22 0.890026714158504 0.38076311605723373 0.015138023152270703 0.03656597774244833
46 0.7753784505788067 0.35532591414944353 0.020035618878005344 0.08744038155802862
1 0.9545859305431879 0.13513513513513514 0.020035618878005344 0.12400635930047695
93 0.8550756901157613 0.22257551669316375 0.03428317008014248 0.12559618441971382
86 0.7099287622439893 0.14546899841017488 0.023597506678539625 0.06677265500794913
86 0.9396705253784505 0.33783783783783783 0.024487978628673197 0.06359300476947535
86 0.9826357969723953 0.38791732909379967 0.0213713268032057 0.022257551669316374
86 0.8428317008014248 0.1232114467408585 0.025378450578806767 0.07472178060413355
35 0.07123775601068566 0.7519872813990461 0.02226179875333927 0.057233704292527825
39 0.10618878005342831 0.7162162162162162 0.012911843276936777 0.034976152623211444
25 0.10507569011576136 0.8871224165341812 0.029385574354407838 0.10492845786963434
42 0.15449688334817455 0.8918918918918919 0.026714158504007122 0.0985691573926868
42 0.18766696349065004 0.8926868044515104 0.025378450578806767 0.09697933227344992
39 0.18766696349065004 0.9864864864864865 0.012911843276936777 0.02702702702702703
1 0.23263579697239536 0.8990461049284578 0.02894033837934105 0.05564387917329094
49 0.26268922528940336 0.9634340222575517 0.014247551202137132 0.07313195548489666
25 0.21905609973285842 0.9650238473767886 0.025823686553873553 0.06995230524642289
39 0.18677649154051648 0.7988871224165341 0.012021371326803205 0.030206677265500796
42 0.2439893143365984 0.7472178060413355 0.014247551202137132 0.04451510333863275
42 0.298753339269813 0.417329093799682 0.04007123775601069 0.03656597774244833
42 0.6983526268922529 0.44992050874403816 0.044968833481745324 0.05325914149443561
42 0.4327693677649154 0.4491255961844197 0.021816562778272486 0.025437201907790145
93 0.43944790739091716 0.40858505564387915 0.037399821905609976 0.019077901430842606
47 0.4321015138023152 0.4944356120826709 0.029608192341941227 0.02384737678855326
1 0.5670080142475512 0.4260731319554849 0.04786286731967943 0.04213036565977742
17 0.6010685663401603 0.4149443561208267 0.015138023152270703 0.03179650238473768
1 0.7041406945681211 0.5127186009538951 0.04786286731967943 0.034976152623211444