25 0.42658907788719785 0.5911300121506683 0.049239033124440466 0.015795868772782502
1 0.4677708146821844 0.48177399756986633 0.05819158460161146 0.05224787363304982
42 0.5049239033124441 0.405224787363305 0.03043867502238138 0.041312272174969626
1 0.5214861235452104 0.3292831105710814 0.017009847806624886 0.05103280680437424
42 0.5040286481647269 0.22174969623329283 0.03043867502238138 0.0425273390036452
25 0.4243509400179051 0.030984204131227218 0.051924798567591766 0.061968408262454436
25 0.8384064458370636 0.39185905224787365 0.05550581915846016 0.07533414337788578
42 0.8540734109221128 0.1543134872417983 0.049239033124440466 0.06439854191980558
42 0.6289167412712623 0.362089914945322 0.021486123545210387 0.027946537059538274
46 0.5863921217547001 0.3973268529769137 0.03670546105640107 0.027946537059538274
1 0.6951656222023277 0.06804374240583232 0.03760071620411817 0.07897934386391252
1 0.7708146821844225 0.0692588092345079 0.03491495076096687 0.07897934386391252
42 0.8397493285586393 0.27460510328068044 0.05819158460161146 0.09842041312272175
30 0.6911369740376008 0.12150668286755771 0.03491495076096687 0.020656136087484813
30 0.7618621307072516 0.1221142162818955 0.02954341987466428 0.02187120291616039
95 0.6025067144136079 0.4131227217496962 0.01342882721575649 0.06439854191980558
86 0.7287376902417189 0.06682867557715674 0.024171888988361683 0.0425273390036452
86 0.6593554162936437 0.06865127582017011 0.02685765443151298 0.038882138517618466
49 0.19158460161145927 0.7460510328068044 0.08236347358997315 0.11907654921020656
42 0.297224709042077 0.8226002430133658 0.06982990152193375 0.09234507897934387
42 0.27976723366159356 0.6330498177399757 0.06714413607878246 0.06804374240583232
25 0.11235452103849597 0.6348724179829891 0.07251566696508505 0.07168894289185905
3 0.36705461056401073 0.7466585662211421 0.044762757385854966 0.0850546780072904
48 0.3348254252461952 0.6913730255164034 0.03401969561324977 0.046172539489671933
96 0.3155774395702775 0.7460510328068044 0.02775290957923008 0.041312272174969626
42 0.7547000895255148 0.9787363304981774 0.05550581915846016 0.0425273390036452
42 0.7041181736794987 0.9295261239368166 0.03222918531781558 0.02916160388821385
42 0.7726051924798567 0.9295261239368166 0.02954341987466428 0.030376670716889428
47 0.7735004476275739 0.8821385176184691 0.03222918531781558 0.02916160388821385
42 0.8187108325872874 0.9835965978128797 0.05640107430617726 0.032806804374240585
35 0.6450313339301701 0.8493317132442284 0.03401969561324977 0.046172539489671933
42 0.5966875559534467 0.6670716889428918 0.023276633840644583 0.030376670716889428
47 0.5461056401074306 0.6682867557715675 0.03222918531781558 0.026731470230862697
25 0.8321396598030438 0.7375455650060754 0.05550581915846016 0.08140947752126367
42 0.8294538943598926 0.8541919805589308 0.050134288272157566 0.06804374240583232
42 0.9659803043867502 0.988456865127582 0.02685765443151298 0.023086269744835967
39 0.9368845120859445 0.8942891859052248 0.020590868397493287 0.026731470230862697
39 0.9771709937332139 0.8712029161603888 0.02954341987466428 0.03766707168894289
17 0.9628469113697403 0.9404617253948967 0.020590868397493287 0.0583232077764277
1 0.7005371530886303 0.8183475091130012 0.05819158460161146 0.05224787363304982