25 0.29020286986640276 0.3196644920782852 0.028946066303809994 0.020037278657968314
60 0.2701632855022266 0.004193849021435228 0.017812963879267688 0.008387698042870456
1 0.3144482929242949 0.2572227399813607 0.034388916378030675 0.02702702702702703
42 0.3364670954972786 0.21761416589002797 0.01806036615536863 0.021435228331780055
1 0.36046511627906974 0.17847157502329916 0.03859475507174666 0.026561043802423114
42 0.33572488866897576 0.12301957129543337 0.01806036615536863 0.02190121155638397
25 0.28871845620979714 0.02050326188257223 0.030677882236516577 0.03960857409133271
42 0.05690252350321623 0.3956197576887232 0.02300841167738743 0.031220876048462257
42 0.05714992577931717 0.5955265610438024 0.026966848095002473 0.030288909599254427
42 0.12246412666996537 0.33271202236719477 0.022266204849084613 0.005591798695246971
42 0.15363681345868382 0.3956197576887232 0.02498762988619495 0.027958993476234855
42 0.1561108362196932 0.5959925442684063 0.021029193468579913 0.03168685927306617
42 0.2508659079663533 0.39468779123951536 0.022266204849084613 0.026561043802423114
42 0.25185551707075704 0.5950605778191985 0.02028698664027709 0.03168685927306617
79 0.09623948540326571 0.6369990680335508 0.011875309252845126 0.029356943150046597
79 0.19322117763483423 0.6365330848089469 0.013112320633349828 0.025629077353215284
79 0.29020286986640276 0.6365330848089469 0.015091538842157347 0.02516309412861137
46 0.32706580900544285 0.6589002795899348 0.027709054923305294 0.01537744641192917
3 0.1949529935675408 0.5041938490214353 0.017812963879267688 0.025629077353215284
3 0.2921820880752103 0.4902143522833178 0.01707075705096487 0.027958993476234855
46 0.2751113310242454 0.5941286113699907 0.013112320633349828 0.009319664492078284
46 0.17837704106877783 0.5945945945945946 0.013854527461652647 0.0097856477166822
46 0.08213755566551212 0.5945945945945946 0.012370113805047007 0.0097856477166822
3 0.09821870361207323 0.516309412861137 0.01583374567046017 0.021435228331780055
42 0.347105393369619 0.6146318732525629 0.0314200890648194 0.03774464119291705
42 0.5616031667491341 0.6150978564771669 0.03290450272142504 0.03774464119291705
64 0.45423057892132607 0.451071761416589 0.01979218208807521 0.026561043802423114
7 0.23082632360217714 0.34575955265610436 0.03537852548243444 0.02050326188257223
42 0.2194458189015339 0.33271202236719477 0.025235032162295893 0.005591798695246971
29 0.28451261751608115 0.3951537744641193 0.02498762988619495 0.022833178005591797
29 0.18654131618010886 0.3951537744641193 0.026966848095002473 0.028890959925442685
29 0.09030183077684314 0.3960857409133271 0.027709054923305294 0.02516309412861137
7 0.03809995051954478 0.3462255358807083 0.028946066303809994 0.0195712954333644
7 0.13607125185551708 0.3448275862068966 0.030925284512617515 0.021435228331780055