42 0.2959742351046699 0.23402674591381872 0.038808373590982284 0.03268945022288262
42 0.2967793880837359 0.09435364041604755 0.04331723027375201 0.031203566121842496
42 0.2784219001610306 0.1537890044576523 0.020128824476650563 0.01411589895988113
42 0.28003220611916263 0.014858841010401188 0.020933977455716585 0.020802377414561663
42 0.2780998389694042 0.2934621099554235 0.02383252818035427 0.01411589895988113
42 0.3634460547504026 0.06092124814264487 0.020128824476650563 0.014858841010401188
42 0.3642512077294686 0.199851411589896 0.020128824476650563 0.017830609212481426
93 0.39468599033816426 0.030460624071322436 0.035748792270531404 0.02897473997028232
22 0.2784219001610306 0.1760772659732541 0.01706924315619968 0.018573551263001486
22 0.30676328502415456 0.3343239227340267 0.021578099838969404 0.008172362555720654
22 0.2780998389694042 0.3150074294205052 0.011916264090177134 0.017830609212481426
22 0.2780998389694042 0.26968796433878156 0.01642512077294686 0.017087667161961365
22 0.3075684380032206 0.05943536404160475 0.020128824476650563 0.01188707280832095
22 0.2784219001610306 0.036404160475482915 0.01867954911433172 0.01263001485884101
22 0.3064412238325282 0.199851411589896 0.01932367149758454 0.015601783060921248
42 0.36264090177133657 0.3343239227340267 0.021578099838969404 0.008172362555720654
7 0.2706924315619968 0.33209509658246655 0.04331723027375201 0.01263001485884101
7 0.2750402576489533 0.05794947994056464 0.04170692431561997 0.017830609212481426
22 0.2784219001610306 0.13224368499257058 0.01706924315619968 0.01634472511144131
7 0.27326892109500805 0.1976225854383358 0.04106280193236715 0.017087667161961365
1 0.3365539452495974 0.08766716196136701 0.02608695652173913 0.03714710252600297
1 0.336231884057971 0.22659732540861813 0.028341384863123993 0.041604754829123326
42 0.4547504025764895 0.015601783060921248 0.044766505636070854 0.031203566121842496
42 0.27713365539452495 0.4509658246656761 0.03333333333333333 0.04903417533432392
42 0.16747181964573268 0.4457652303120357 0.022866344605475042 0.03566121842496285
42 0.185024154589372 0.41084695393759285 0.020289855072463767 0.03417533432392273
42 0.450402576489533 0.4450222882615156 0.021578099838969404 0.033432392273402674
42 0.46859903381642515 0.41233283803863297 0.020289855072463767 0.033432392273402674
46 0.21932367149758455 0.6158989598811293 0.015619967793880838 0.02823179791976226
46 0.23268921095008052 0.5044576523031203 0.01497584541062802 0.018573551263001486
34 0.17809983896940418 0.3521545319465082 0.05088566827697263 0.02674591381872214
34 0.4610305958132045 0.34992570579494797 0.057004830917874394 0.022288261515601784