42 0.01880141010575793 0.32300275482093666 0.03290246768507638 0.05647382920110193
42 0.1554054054054054 0.32644628099173556 0.03290246768507638 0.05440771349862259
42 0.29465334900117507 0.3278236914600551 0.030846063454759105 0.06060606060606061
42 0.2353113983548766 0.30165289256198347 0.01410105757931845 0.028236914600550965
42 0.3736780258519389 0.3037190082644628 0.020564042303172738 0.028925619834710745
42 0.0963572267920094 0.30165289256198347 0.01410105757931845 0.03305785123966942
42 0.32784958871915393 0.42079889807162535 0.014688601645123384 0.028236914600550965
42 0.1891891891891892 0.4221763085399449 0.01762632197414806 0.028236914600550965
93 0.3581081081081081 0.46487603305785125 0.029083431257344302 0.05027548209366391
22 0.21327849588719153 0.30165289256198347 0.01880141010575793 0.024104683195592287
22 0.052878965922444184 0.3415977961432507 0.013219741480611046 0.030303030303030304
22 0.07491186839012925 0.30165289256198347 0.01762632197414806 0.01652892561983471
22 0.12015276145710928 0.30165289256198347 0.017038777908343124 0.022727272727272728
22 0.3290246768507638 0.34228650137741046 0.012044653349001176 0.028236914600550965
22 0.35223266745005877 0.30165289256198347 0.01263219741480611 0.026170798898071626
22 0.39688601645123384 0.30165289256198347 0.012044653349001176 0.026170798898071626
22 0.1897767332549941 0.3409090909090909 0.01527614571092832 0.026859504132231406
42 0.0499412455934195 0.4201101928374656 0.01880141010575793 0.030303030303030304
7 0.05434782608695652 0.29132231404958675 0.01880141010575793 0.06060606060606061
7 0.3310810810810811 0.2975206611570248 0.01762632197414806 0.05853994490358127
22 0.2564629847238543 0.30165289256198347 0.01645123384253819 0.024104683195592287
7 0.1918331374853114 0.29476584022038566 0.017038777908343124 0.05716253443526171
1 0.30141010575793187 0.38360881542699726 0.03701527614571093 0.03650137741046832
1 0.1627497062279671 0.38292011019283745 0.041421856639247946 0.03994490358126722
42 0.3792596944770858 0.5482093663911846 0.04406580493537015 0.06336088154269973
1 0.025851938895417155 0.3787878787878788 0.038190364277320796 0.04269972451790634
25 0.5793184488836662 0.11639118457300275 0.04935370152761457 0.1115702479338843
42 0.5813748531139835 0.31267217630853994 0.0499412455934195 0.10606060606060606
35 0.6063454759106933 0.4228650137741047 0.024676850763807285 0.05096418732782369
39 0.014982373678025853 0.6177685950413223 0.021739130434782608 0.07575757575757576
40 0.015569917743830788 0.8471074380165289 0.019388954171562868 0.05371900826446281