42 0.19084888621312462 0.05 0.031306441902468396 0.052941176470588235
42 0.19024683925346178 0.2696078431372549 0.034918723660445516 0.0392156862745098
42 0.2049969897652017 0.17892156862745098 0.01625526791089705 0.022549019607843137
42 0.1357615894039735 0.10441176470588236 0.01625526791089705 0.028431372549019607
22 0.2049969897652017 0.14362745098039215 0.013847080072245636 0.030392156862745098
22 0.2052980132450331 0.003431372549019608 0.013245033112582781 0.006862745098039216
22 0.18242022877784467 0.1053921568627451 0.015653220951234198 0.024509803921568627
22 0.2049969897652017 0.21323529411764705 0.013847080072245636 0.026470588235294117
7 0.20921131848284166 0.10882352941176471 0.033112582781456956 0.027450980392156862
1 0.1580373269114991 0.2725490196078431 0.02107164358819988 0.03333333333333333
1 0.1583383503913305 0.061764705882352944 0.022877784467188442 0.06666666666666667
1 0.6655629139072847 0.045588235294117645 0.03913305237808549 0.04215686274509804
42 0.6405779650812763 0.10735294117647058 0.020469596628537028 0.03333333333333333
1 0.6131848284166165 0.16862745098039217 0.04394942805538832 0.041176470588235294
42 0.6411800120409392 0.2553921568627451 0.020469596628537028 0.03431372549019608
42 0.851896447922938 0.3941176470588235 0.024081878386514148 0.0392156862745098
42 0.7697170379289585 0.4877450980392157 0.049367850692354005 0.08725490196078431
42 0.6610475617098134 0.35980392156862745 0.024683925346177003 0.049019607843137254
42 0.6616496086694762 0.6333333333333333 0.02588801926550271 0.04607843137254902
42 0.7396146899458158 0.8490196078431372 0.025285972305839857 0.0392156862745098
42 0.8531005418422637 0.7470588235294118 0.028898254063816978 0.03627450980392157
42 0.7709211318482841 0.9607843137254902 0.026490066225165563 0.03823529411764706
93 0.5918121613485852 0.8053921568627451 0.044551475015051176 0.07058823529411765
22 0.6610475617098134 0.6950980392156862 0.018663455749548464 0.030392156862745098
22 0.6610475617098134 0.5715686274509804 0.021673690547862733 0.03431372549019608
22 0.6610475617098134 0.4294117647058823 0.017459361830222758 0.03137254901960784
42 0.5978326309452138 0.307843137254902 0.025285972305839857 0.03725490196078431
86 0.6080674292594822 0.4931372549019608 0.027092113184828417 0.03431372549019608
46 0.5761589403973509 0.48970588235294116 0.027092113184828417 0.058823529411764705
46 0.6303431667670079 0.5970588235294118 0.027092113184828417 0.04215686274509804
1 0.6083684527393136 0.7230392156862745 0.054786273329319686 0.05784313725490196
29 0.6754966887417219 0.48627450980392156 0.052980132450331126 0.050980392156862744
42 0.7215532811559302 0.582843137254902 0.051173991571342566 0.07647058823529412
22 0.9000602046959663 0.396078431372549 0.022877784467188442 0.045098039215686274
22 0.901264298615292 0.746078431372549 0.02107164358819988 0.03725490196078431
22 0.9409993979530403 0.9700980392156863 0.020469596628537028 0.03137254901960784
39 0.9422034918723661 0.9950980392156863 0.021673690547862733 0.00980392156862745
22 0.9804334738109572 0.5700980392156862 0.018061408789885613 0.03529411764705882
1 0.946417820590006 0.475 0.034918723660445516 0.09803921568627451
1 0.9491270319084889 0.6730392156862746 0.036122817579771226 0.09705882352941177
95 0.9786273329319687 0.6284313725490196 0.018061408789885613 0.06862745098039216
22 0.962673088500903 0.325 0.027694160144491272 0.0392156862745098