42 0.3360091743119266 0.0647921760391198 0.05963302752293578 0.06601466992665037
42 0.3348623853211009 0.34535452322738386 0.06651376146788991 0.06234718826405868
42 0.36295871559633025 0.22555012224938875 0.03096330275229358 0.028117359413202935
42 0.23222477064220184 0.4119804400977995 0.03096330275229358 0.029339853300733496
42 0.23107798165137614 0.132640586797066 0.03096330275229358 0.035452322738386305
22 0.36295871559633025 0.1815403422982885 0.026376146788990827 0.037897310513447434
22 0.36353211009174313 0.005501222493887531 0.02522935779816514 0.011002444987775062
22 0.31823394495412843 0.41442542787286063 0.03096330275229358 0.02444987775061125
22 0.31995412844036697 0.13386308068459657 0.02981651376146789 0.030562347188264057
7 0.36811926605504586 0.4187041564792176 0.06422018348623854 0.035452322738386305
22 0.36295871559633025 0.26833740831295844 0.026376146788990827 0.03300733496332518
7 0.3709862385321101 0.13814180929095354 0.06307339449541284 0.034229828850855744
1 0.2735091743119266 0.35880195599022 0.040137614678899085 0.0745721271393643
1 0.27408256880733944 0.07946210268948656 0.04357798165137615 0.08312958435207823
93 0.9065366972477065 0.11124694376528117 0.058486238532110095 0.05990220048899755
42 0.9099770642201835 0.36124694376528116 0.05733944954128441 0.0745721271393643
42 0.819954128440367 0.2396088019559902 0.03555045871559633 0.03300733496332518
42 0.8669724770642202 0.02628361858190709 0.06192660550458716 0.05256723716381418
1 0.8469036697247706 0.43031784841075793 0.04931192660550459 0.017114914425427872
47 0.7660550458715596 0.24144254278728605 0.03096330275229358 0.04645476772616137
93 0.8881880733944955 0.2506112469437653 0.06422018348623854 0.0647921760391198
42 0.11697247706422019 0.5947432762836186 0.045871559633027525 0.061124694376528114
42 0.05561926605504587 0.9657701711491442 0.09288990825688073 0.06845965770171149
46 0.43520642201834864 0.7041564792176039 0.05733944954128441 0.05012224938875306
46 0.5172018348623854 0.7988997555012225 0.040137614678899085 0.06845965770171149
46 0.5194954128440367 0.9242053789731052 0.04357798165137615 0.06968215158924206
94 0.3577981651376147 0.8875305623471883 0.03096330275229358 0.0941320293398533
22 0.41628440366972475 0.8612469437652812 0.045871559633027525 0.037897310513447434
94 0.3170871559633027 0.9559902200488998 0.021788990825688075 0.08801955990220049
102 0.27408256880733944 0.9669926650366748 0.06422018348623854 0.06601466992665037
46 0.32740825688073394 0.8624694376528117 0.05733944954128441 0.05378973105134474
25 0.7345183486238532 0.7090464547677262 0.06880733944954129 0.07701711491442542
25 0.6370412844036697 0.9003667481662592 0.06880733944954129 0.0745721271393643
49 0.926605504587156 0.7090464547677262 0.06651376146788991 0.07823960880195599
95 0.7981651376146789 0.48227383863080686 0.05619266055045872 0.02689486552567237
42 0.9799311926605505 0.8496332518337408 0.040137614678899085 0.08068459657701711
42 0.9759174311926605 0.941320293398533 0.0481651376146789 0.07823960880195599
42 0.9277522935779816 0.6039119804400978 0.06995412844036697 0.09168704156479218
42 0.6353211009174312 0.7817848410757946 0.0676605504587156 0.08068459657701711
94 0.7993119266055045 0.4834963325183374 0.06077981651376147 0.02689486552567237
39 0.8084862385321101 0.5403422982885085 0.03784403669724771 0.018337408312958436