42 0.2212566844919786 0.11448275862068966 0.035204991087344026 0.03586206896551724
42 0.22058823529411764 0.26689655172413795 0.0392156862745098 0.03379310344827586
42 0.2371880570409982 0.20172413793103447 0.018270944741532978 0.015172413793103448
42 0.23585115864527628 0.35344827586206895 0.01893939393939394 0.022758620689655173
42 0.2375222816399287 0.0496551724137931 0.02161319073083779 0.015172413793103448
42 0.16009358288770054 0.30310344827586205 0.018270944741532978 0.015862068965517243
42 0.15942513368983957 0.1513793103448276 0.018270944741532978 0.019310344827586208
93 0.13168449197860962 0.33655172413793105 0.03253119429590018 0.03206896551724138
22 0.2371880570409982 0.17793103448275863 0.015597147950089126 0.020689655172413793
22 0.21145276292335116 0.004482758620689655 0.0196078431372549 0.00896551724137931
22 0.2375222816399287 0.02620689655172414 0.010806595365418895 0.019310344827586208
22 0.2375222816399287 0.07586206896551724 0.014928698752228164 0.018620689655172412
22 0.2107843137254902 0.30448275862068963 0.018270944741532978 0.013448275862068966
22 0.2371880570409982 0.33 0.01693404634581105 0.013793103448275862
22 0.21178698752228164 0.1520689655172414 0.017602495543672013 0.016551724137931035
42 0.160650623885918 0.004482758620689655 0.0196078431372549 0.00896551724137931
7 0.24431818181818182 0.006896551724137931 0.0392156862745098 0.013793103448275862
7 0.24019607843137256 0.30689655172413793 0.03787878787878788 0.019310344827586208
22 0.2371880570409982 0.22517241379310346 0.015597147950089126 0.01793103448275862
7 0.24197860962566844 0.15413793103448276 0.037210338680926915 0.018620689655172412
1 0.18438057040998218 0.27413793103448275 0.023729946524064172 0.04068965517241379
1 0.18471479500891266 0.12241379310344827 0.025735294117647058 0.045172413793103446
42 0.07720588235294118 0.3527586206896552 0.04055258467023173 0.03379310344827586
42 0.21167557932263814 0.393448275862069 0.040998217468805706 0.04758620689655172
42 0.1300133689839572 0.42586206896551726 0.042557932263814616 0.05827586206896552
42 0.1392602495543672 0.5613793103448276 0.04044117647058824 0.06137931034482759
25 0.0750891265597148 0.5541379310344827 0.04913101604278075 0.06586206896551725
42 0.294451871657754 0.49310344827586206 0.022950089126559714 0.028965517241379312
25 0.3137254901960784 0.39482758620689656 0.04411764705882353 0.0503448275862069
74 0.16165329768270945 0.46620689655172415 0.028409090909090908 0.08103448275862069
22 0.2018716577540107 0.49482758620689654 0.018605169340463457 0.027586206896551724