42 0.1816568047337278 0.15496809480401094 0.03076923076923077 0.049225159525979945
42 0.18106508875739644 0.3641750227894257 0.03431952662721893 0.04649042844120328
42 0.19556213017751478 0.2748404740200547 0.015976331360946745 0.020966271649954422
42 0.1940828402366864 0.4781221513217867 0.016568047337278107 0.022789425706472195
42 0.19585798816568048 0.06608933454876938 0.01893491124260355 0.020966271649954422
42 0.12810650887573966 0.41385597082953507 0.015976331360946745 0.02187784867821331
42 0.12751479289940829 0.20556061987237922 0.015976331360946745 0.02643573381950775
93 0.10325443786982248 0.4594348222424795 0.028402366863905324 0.04375569735642662
22 0.19556213017751478 0.24202370100273474 0.013609467455621301 0.028258887876025523
22 0.17307692307692307 0.0054694621695533276 0.017159763313609466 0.010938924339106655
22 0.19585798816568048 0.034184138559708296 0.009467455621301775 0.02643573381950775
22 0.19585798816568048 0.10209662716499544 0.01301775147928994 0.02552415679124886
22 0.1724852071005917 0.41567912488605285 0.015976331360946745 0.018231540565177756
22 0.19556213017751478 0.45077484047402006 0.014792899408284023 0.019143117593436645
22 0.17337278106508874 0.20647219690063812 0.015384615384615385 0.022789425706472195
42 0.128698224852071 0.0054694621695533276 0.017159763313609466 0.010938924339106655
7 0.2017751479289941 0.008659981768459436 0.03431952662721893 0.01731996353691887
7 0.19822485207100593 0.418869644484959 0.033136094674556214 0.02643573381950775
22 0.19556213017751478 0.3067456700091158 0.013609467455621301 0.024612579762989972
7 0.1997041420118343 0.2096627164995442 0.03254437869822485 0.02552415679124886
1 0.14940828402366865 0.37420237010027346 0.020710059171597635 0.05560619872379216
1 0.14970414201183432 0.1659070191431176 0.022485207100591716 0.06198723792160438
42 0.05562130177514793 0.4740200546946217 0.03550295857988166 0.03099361896080219
42 0.42189349112426033 0.16955332725615316 0.023076923076923078 0.03600729261622607
42 0.450887573964497 0.26071103008204194 0.022485207100591716 0.03919781221513218
7 0.4372781065088757 0.23290793072014584 0.033136094674556214 0.02643573381950775
46 0.2943786982248521 0.5432999088422972 0.020710059171597635 0.020054694621695533
46 0.25118343195266274 0.5633546034639927 0.014792899408284023 0.03099361896080219
25 0.18994082840236687 0.5474020054694622 0.0378698224852071 0.05742935278030994
42 0.2547337278106509 0.6412944393801276 0.031360946745562134 0.044667274384685506
42 0.3005917159763314 0.850045578851413 0.011834319526627219 0.015496809480401094
42 0.3210059171597633 0.8924339106654512 0.014792899408284023 0.027347310847766638
95 0.04497041420118343 0.9731084776663628 0.028402366863905324 0.015496809480401094
17 0.30355029585798815 0.8874202370100274 0.010650887573964497 0.03919781221513218
95 0.28402366863905326 0.5341841385597083 0.011834319526627219 0.04375569735642662
42 0.18905325443786983 0.6873290793072014 0.03609467455621302 0.0601640838650866
30 0.2556213017751479 0.772105742935278 0.021301775147928994 0.016408386508659983
30 0.24053254437869823 0.7889699179580675 0.01952662721893491 0.018231540565177756
30 0.042011834319526625 0.7894257064721969 0.022485207100591716 0.015496809480401094
32 0.9642011834319527 0.8463992707383774 0.05088757396449704 0.0820419325432999
27 0.899112426035503 0.8495897903372835 0.05088757396449704 0.07930720145852324
63 0.830473372781065 0.8486782133090246 0.05621301775147929 0.07748404740200547
50 0.7636094674556213 0.8454876937101186 0.05207100591715976 0.07748404740200547
59 0.6955621301775148 0.8486782133090246 0.05207100591715976 0.0829535095715588
51 0.6284023668639053 0.850045578851413 0.04792899408284024 0.08021877848678213
60 0.5609467455621302 0.8486782133090246 0.05325443786982249 0.07383773928896992