42 0.3179070646014356 0.29645476772616136 0.0415564790328674 0.04156479217603912
42 0.31885153003400074 0.11919315403422982 0.04646769928220627 0.039119804400977995
42 0.29920664903664523 0.1949877750611247 0.021533811862485833 0.017726161369193152
42 0.3007177937287495 0.018948655256723717 0.022478277295051002 0.02628361858190709
42 0.2988288628636192 0.37163814180929094 0.02568945976577257 0.017726161369193152
42 0.3904420098224405 0.07701711491442542 0.021533811862485833 0.018337408312958436
42 0.39119758216849265 0.2536674816625917 0.021533811862485833 0.022616136919315404
93 0.4240649792217605 0.03850855745721271 0.03853418964865886 0.03728606356968215
22 0.29920664903664523 0.22249388753056235 0.018511522478277295 0.023838630806845965
22 0.32961843596524365 0.4235941320293399 0.023233849641103137 0.011002444987775062
22 0.2988288628636192 0.39853300733496333 0.012844729882886286 0.022616136919315404
22 0.2988288628636192 0.3410757946210269 0.017567057045712126 0.021393643031784843
22 0.3303740083112958 0.07579462102689487 0.021533811862485833 0.015281173594132029
22 0.29920664903664523 0.04584352078239609 0.020022667170381564 0.01650366748166259
22 0.3292406497922176 0.25244498777506114 0.0207782395164337 0.019559902200488997
42 0.38968643747638837 0.4235941320293399 0.023233849641103137 0.011002444987775062
7 0.2907064601435587 0.42053789731051344 0.04646769928220627 0.017114914425427872
7 0.2956176803928976 0.07273838630806846 0.04476766150358897 0.022616136919315404
22 0.29920664903664523 0.16809290953545233 0.018511522478277295 0.02078239608801956
7 0.29353985644125424 0.25 0.044012089157536835 0.021393643031784843
1 0.3617302606724594 0.11063569682151589 0.027956176803928975 0.04706601466992665
1 0.36116358141292026 0.28728606356968217 0.030411786928598413 0.05256723716381418
42 0.48866641480921796 0.019559902200488997 0.04797884397431054 0.039119804400977995