42 0.2630398205272014 0.3518835616438356 0.034492428491306786 0.04965753424657534
42 0.26360067302299495 0.14169520547945205 0.03841839596186203 0.04666095890410959
42 0.24733595064498037 0.23116438356164384 0.0179472798653954 0.020976027397260275
42 0.2487380818844644 0.02226027397260274 0.018508132361189006 0.03125
42 0.24705552439708356 0.4413527397260274 0.02131239484015704 0.020976027397260275
42 0.3227706113292204 0.0916095890410959 0.0179472798653954 0.02183219178082192
42 0.3236118900729108 0.3009417808219178 0.0179472798653954 0.026541095890410957
93 0.35081323611890075 0.04580479452054795 0.03168816601233875 0.04409246575342466
22 0.24733595064498037 0.2641267123287671 0.01514301738642737 0.028253424657534245
22 0.2725743129556927 0.5029965753424658 0.019068984856982614 0.012842465753424657
22 0.24705552439708356 0.4730308219178082 0.01065619742007852 0.026541095890410957
22 0.24705552439708356 0.4049657534246575 0.014582164890633763 0.025684931506849314
22 0.27313516545148625 0.0898972602739726 0.0179472798653954 0.018407534246575343
22 0.24733595064498037 0.054366438356164386 0.016545148625911384 0.019263698630136987
22 0.27229388670779586 0.3000856164383562 0.017106001121704992 0.023116438356164382
42 0.3222097588334268 0.5029965753424658 0.019068984856982614 0.012842465753424657
7 0.24004486819966347 0.4995719178082192 0.03813796971396523 0.019691780821917807
7 0.24453168816601234 0.08647260273972603 0.03701626472237801 0.026541095890410957
22 0.24733595064498037 0.199486301369863 0.01514301738642737 0.02482876712328767
7 0.2428491306786315 0.2966609589041096 0.03645541222658441 0.025684931506849314
1 0.2989343802579921 0.13142123287671234 0.02327537857543466 0.05607876712328767
1 0.29865395401009537 0.3407534246575342 0.025238362310712283 0.0625
42 0.40409422321929334 0.023544520547945206 0.039820527201346045 0.04666095890410959
46 0.48625911385305665 0.11943493150684932 0.01346045989904655 0.021404109589041095
69 0.196578799775659 0.5462328767123288 0.08356702187324734 0.07363013698630137
58 0.32417274256870443 0.5509417808219178 0.08973639932697701 0.08304794520547945
54 0.44475602916432977 0.5496575342465754 0.06954570947840717 0.08047945205479452
25 0.7560291643297813 0.5316780821917808 0.10992708917554683 0.04452054794520548