42 0.04312154696132597 0.5574640287769784 0.07517955801104974 0.09692446043165465
42 0.3538397790055249 0.5631115107913669 0.07508287292817681 0.09384892086330926
42 0.6702486187845303 0.5645863309352518 0.06977900552486185 0.10399280575539577
42 0.5354696132596685 0.520521582733813 0.032251381215469645 0.04821942446043156
42 0.8499171270718232 0.5245683453237411 0.04701657458563531 0.05010791366906477
42 0.21890883977900555 0.5194424460431655 0.031353591160220975 0.05688848920863308
42 0.74603591160221 0.7254136690647481 0.033494475138121545 0.04793165467625895
42 0.430414364640884 0.7276798561151079 0.04038674033149173 0.04886690647482007
93 0.8148066298342541 0.8009712230215826 0.06607734806629822 0.08584532374100723
22 0.4853729281767956 0.5211151079136691 0.04258287292817685 0.042248201438848935
22 0.12020718232044199 0.5894244604316548 0.030455801104972393 0.052967625899280654
22 0.17077348066298342 0.5198920863309353 0.040455801104972364 0.029010791366906468
22 0.2731491712707182 0.5197482014388489 0.038024861878453 0.03949640287769791
22 0.748660220994475 0.5905395683453237 0.027720994475138032 0.047967625899280504
22 0.8020994475138122 0.5207014388489208 0.029613259668508363 0.04499999999999997
22 0.9029972375690607 0.5205575539568346 0.026988950276243043 0.04471223021582736
22 0.43154696132596687 0.5879676258992806 0.03436464088397789 0.0464388489208634
42 0.11377071823204421 0.7239748201438848 0.04245856353591161 0.05226618705035961
7 0.12330110497237569 0.5022122302158274 0.04218232044198894 0.10512589928057557
7 0.7537569060773481 0.512410071942446 0.04066298342541444 0.10034172661870497
22 0.5835220994475139 0.5205755395683453 0.03720994475138129 0.04115107913669064
7 0.43667127071823203 0.5083273381294964 0.039088397790055185 0.09938848920863308
1 0.6856629834254144 0.6606474820143885 0.08404696132596688 0.062284172661870495
1 0.37038674033149177 0.6598201438848921 0.09436464088397793 0.06732014388489199
42 0.8637707182320442 0.9460431654676259 0.10046961325966852 0.1079136690647482
1 0.05846685082872928 0.6542086330935252 0.08654696132596684 0.07460431654676263