42 0.33944499504459863 0.3795918367346939 0.044598612487611496 0.053469387755102044
42 0.3404360753221011 0.1526530612244898 0.049554013875123884 0.05020408163265306
42 0.31962338949454905 0.2493877551020408 0.023290386521308225 0.022857142857142857
42 0.3211100099108028 0.024081632653061225 0.023785926660059464 0.03346938775510204
42 0.3191278493557978 0.47591836734693876 0.027254707631318136 0.022857142857142857
42 0.4172447968285431 0.09877551020408164 0.023290386521308225 0.0236734693877551
42 0.41774033696729435 0.32448979591836735 0.023290386521308225 0.02857142857142857
93 0.4529236868186323 0.04938775510204082 0.04112983151635283 0.0473469387755102
22 0.31962338949454905 0.28489795918367344 0.019821605550049554 0.030612244897959183
22 0.3518334985133796 0.5424489795918367 0.024777006937561942 0.013877551020408163
22 0.3191278493557978 0.5102040816326531 0.013875123885034688 0.02857142857142857
22 0.3191278493557978 0.43673469387755104 0.018830525272547076 0.027755102040816326
22 0.3528245787908821 0.09673469387755101 0.023290386521308225 0.019591836734693877
22 0.31962338949454905 0.05877551020408163 0.02130822596630327 0.020816326530612245
22 0.3518334985133796 0.3236734693877551 0.022299306243805748 0.02489795918367347
42 0.41625371655104065 0.5424489795918367 0.024777006937561942 0.013877551020408163
7 0.31020812685827553 0.5387755102040817 0.049554013875123884 0.02122448979591837
7 0.31565906838453917 0.09346938775510204 0.04806739345887017 0.02857142857142857
22 0.31962338949454905 0.21510204081632653 0.019821605550049554 0.026530612244897958
7 0.31367690782953417 0.32 0.04707631318136769 0.027755102040816326
1 0.3865213082259663 0.1416326530612245 0.02973240832507433 0.060408163265306125
1 0.38602576808721506 0.36775510204081635 0.03270564915758176 0.0673469387755102
42 0.5218037661050545 0.025306122448979593 0.05153617443012884 0.05020408163265306
42 0.9013875123885035 0.41591836734693877 0.08325074331020813 0.05714285714285714
46 0.1570862239841427 0.953469387755102 0.03468780971258672 0.017959183673469388
46 0.2294350842418236 0.9355102040816327 0.024777006937561942 0.027755102040816326
25 0.33201189296333 0.9497959183673469 0.06342913776015857 0.05142857142857143
42 0.22348860257680872 0.8657142857142858 0.05252725470763132 0.04
42 0.1466798810703667 0.6787755102040817 0.019821605550049554 0.013877551020408163
42 0.11248761149653122 0.6408163265306123 0.024777006937561942 0.024489795918367346
95 0.574826560951437 0.5685714285714286 0.04757185332011893 0.013877551020408163
17 0.14172447968285432 0.6453061224489796 0.017839444995044598 0.03510204081632653
95 0.17443012884043607 0.9616326530612245 0.019821605550049554 0.03918367346938775
42 0.33349851337958375 0.8244897959183674 0.06045589692765114 0.053877551020408164
30 0.222001982160555 0.7485714285714286 0.035678889990089196 0.014693877551020407
30 0.24727452923686818 0.7334693877551021 0.03270564915758176 0.0163265306122449
30 0.5797819623389494 0.7330612244897959 0.03766105054509415 0.013877551020408163
42 0.6318136769078295 0.82 0.024777006937561942 0.044897959183673466
42 0.6575817641228939 0.6693877551020408 0.026759167492566897 0.024489795918367346
47 0.7041625371655104 0.6702040816326531 0.024777006937561942 0.0326530612244898
1 0.655599603567889 0.9363265306122449 0.04261645193260654 0.05714285714285714
17 0.8042616451932606 0.8938775510204081 0.019821605550049554 0.03836734693877551
42 0.7775024777006938 0.8893877551020408 0.02180376610505451 0.022040816326530613
86 0.626362735381566 0.9379591836734694 0.013875123885034688 0.02122448979591837
42 0.651635282457879 0.9865306122448979 0.06442021803766106 0.026938775510204082
39 0.7765113974231913 0.8714285714285714 0.026759167492566897 0.015510204081632653