42 0.3621495327102804 0.09277620396600567 0.042834890965732085 0.08073654390934844
42 0.3220404984423676 0.18413597733711048 0.0381619937694704 0.07365439093484419
42 0.3925233644859813 0.24575070821529746 0.04205607476635514 0.0679886685552408
42 0.010903426791277258 0.09985835694050992 0.021806853582554516 0.07223796033994334
25 0.3204828660436137 0.28824362606232296 0.050623052959501556 0.08498583569405099
42 0.4151090342679128 0.3052407932011331 0.020249221183800622 0.03824362606232295
22 0.41627725856697817 0.09915014164305949 0.016355140186915886 0.0339943342776204
38 0.3862928348909657 0.18555240793201133 0.018691588785046728 0.042492917847025496
22 0.045171339563862926 0.12252124645892351 0.020249221183800622 0.042492917847025496
22 0.07710280373831775 0.0708215297450425 0.020249221183800622 0.0339943342776204
22 0.13200934579439252 0.06728045325779036 0.02570093457943925 0.029745042492917848
42 0.10358255451713395 0.07436260623229461 0.024922118380062305 0.042492917847025496
42 0.04439252336448598 0.23087818696883852 0.020249221183800622 0.039660056657223795
93 0.08450155763239875 0.29249291784702547 0.0381619937694704 0.0764872521246459
42 0.41705607476635514 0.0056657223796034 0.02102803738317757 0.0113314447592068
7 0.045950155763239874 0.06373937677053824 0.024922118380062305 0.07932011331444759
95 0.4084890965732087 0.03541076487252125 0.045950155763239874 0.025495750708215296
38 0.3870716510903427 0.18980169971671387 0.018691588785046728 0.03824362606232295
1 0.10552959501557632 0.48583569405099153 0.035046728971962614 0.0679886685552408
1 0.018691588785046728 0.17705382436260622 0.037383177570093455 0.05099150141643059
42 0.10903426791277258 0.40580736543909346 0.04906542056074766 0.08923512747875353
35 0.4657320872274143 0.4922096317280453 0.024143302180685357 0.0453257790368272
1 0.45249221183800625 0.05736543909348442 0.04672897196261682 0.060906515580736544
1 0.45482866043613707 0.24362606232294617 0.04984423676012461 0.05807365439093484
42 0.5883956386292835 0.2762039660056657 0.01791277258566978 0.053824362606232294
42 0.5911214953271028 0.3923512747875354 0.02336448598130841 0.04815864022662889
35 0.8376168224299065 0.19263456090651557 0.031931464174454825 0.036827195467422094
46 0.6495327102803738 0.48158640226628896 0.029595015576323987 0.04815864022662889
95 0.6662772585669782 0.45750708215297453 0.02102803738317757 0.0764872521246459
22 0.6113707165109035 0.334985835694051 0.020249221183800622 0.029745042492917848
42 0.6448598130841121 0.3335694050991501 0.024922118380062305 0.043909348441926344
38 0.6366822429906542 0.012039660056657223 0.0132398753894081 0.024079320113314446
49 0.7262461059190031 0.9036827195467422 0.04984423676012461 0.08356940509915015
25 0.7137850467289719 0.7450424929178471 0.050623052959501556 0.0821529745042493
42 0.6522585669781932 0.9135977337110481 0.050623052959501556 0.09915014164305949
42 0.815809968847352 0.8257790368271954 0.04439252336448598 0.08781869688385269
42 0.8738317757009346 0.8243626062322946 0.04672897196261682 0.0821529745042493
42 0.934190031152648 0.8250708215297451 0.04750778816199377 0.08356940509915015
39 0.8757788161993769 0.9454674220963173 0.014797507788161994 0.029745042492917848