25 0.1934685799109352 0.20538243626062322 0.04280059376546264 0.04178470254957507
42 0.26224641266699655 0.2075070821529745 0.03809995051954478 0.039660056657223795
42 0.30554181098466104 0.2443342776203966 0.034636318654131616 0.03541076487252125
42 0.33448787728847107 0.1791784702549575 0.032162295893122216 0.03895184135977337
25 0.3545274616526472 0.24575070821529746 0.0400791687283523 0.046742209631728045
42 0.36269173676397826 0.15793201133144477 0.01806036615536863 0.019121813031161474
22 0.2654626422563088 0.15722379603399433 0.016081147946561108 0.014872521246458924
38 0.30603661553686295 0.1848441926345609 0.02003958436417615 0.0169971671388102
22 0.27610094012864916 0.5007082152974505 0.02003958436417615 0.017705382436260624
22 0.25210291934685797 0.471671388101983 0.016081147946561108 0.019121813031161474
22 0.2503711034141514 0.4206798866855524 0.014101929737753587 0.024079320113314446
42 0.25358733300346364 0.4468838526912181 0.02003958436417615 0.023371104815864022
42 0.3275606135576447 0.5014164305949008 0.01880257298367145 0.0169971671388102
93 0.35650667986145473 0.46458923512747874 0.03612073231073726 0.03541076487252125
42 0.21548738248391885 0.1565155807365439 0.01682335477486393 0.019830028328611898
7 0.24863928748144484 0.4992917847025496 0.03735774369124196 0.021246458923512748
95 0.23527956457199406 0.1643059490084986 0.012122711528946067 0.042492917847025496
38 0.3082632360217714 0.18413597733711048 0.01806036615536863 0.0169971671388102
1 0.45348837209302323 0.4454674220963173 0.04280059376546264 0.032577903682719546
42 0.41019297377535874 0.44192634560906513 0.042058386937159825 0.0453257790368272
35 0.4507669470559129 0.11118980169971672 0.02127659574468085 0.0226628895184136
35 0.4913409203364671 0.4943342776203966 0.02003958436417615 0.029745042492917848
39 0.5019792182088075 0.4178470254957507 0.014596734289955468 0.019830028328611898
1 0.24567046016823355 0.12322946175637393 0.028698664027709056 0.04320113314447592
1 0.3334982681840673 0.12110481586402266 0.027461652647204356 0.04603399433427762
25 0.8584858980702622 0.8335694050991501 0.03859475507174666 0.11048158640226628
42 0.9398812469074715 0.9454674220963173 0.04106877783275606 0.10906515580736544
42 0.975259772389906 0.75 0.03809995051954478 0.11048158640226628
42 0.9391390400791687 0.8342776203966006 0.03859475507174666 0.12464589235127478
46 0.9871350816427511 0.9483002832861189 0.025729836714497772 0.03824362606232295
46 0.987629886194953 0.8356940509915014 0.024740227610094014 0.039660056657223795
87 0.9901039089559623 0.636685552407932 0.01979218208807521 0.09773371104815864