25 0.325 0.20228494623655913 0.03818681318681319 0.05981182795698925
42 0.32335164835164837 0.29838709677419356 0.03626373626373627 0.05309139784946237
42 0.2895604395604396 0.3588709677419355 0.03214285714285714 0.04838709677419355
42 0.3489010989010989 0.39986559139784944 0.03543956043956044 0.04502688172043011
42 0.01868131868131868 0.3030913978494624 0.03489010989010989 0.04771505376344086
25 0.28818681318681316 0.4274193548387097 0.042582417582417584 0.05577956989247312
42 0.36813186813186816 0.4388440860215054 0.01703296703296703 0.025537634408602152
22 0.368956043956044 0.3030913978494624 0.013736263736263736 0.02217741935483871
38 0.3436813186813187 0.3602150537634409 0.01565934065934066 0.028225806451612902
22 0.05576923076923077 0.3185483870967742 0.01703296703296703 0.028225806451612902
22 0.08269230769230769 0.2842741935483871 0.01703296703296703 0.02217741935483871
22 0.12912087912087913 0.28158602150537637 0.021703296703296703 0.019489247311827957
42 0.10521978021978022 0.2862903225806452 0.021153846153846155 0.028225806451612902
42 0.05521978021978022 0.3897849462365591 0.01703296703296703 0.02620967741935484
93 0.08901098901098901 0.4307795698924731 0.03214285714285714 0.05040322580645161
42 0.3697802197802198 0.23319892473118278 0.017857142857142856 0.023521505376344086
7 0.056593406593406594 0.27956989247311825 0.021153846153846155 0.05241935483870968
95 0.36236263736263735 0.260752688172043 0.03873626373626374 0.016801075268817203
38 0.34423076923076923 0.3629032258064516 0.01565934065934066 0.025537634408602152
1 0.10686813186813186 0.5658602150537635 0.02967032967032967 0.05981182795698925
1 0.027472527472527472 0.3541666666666667 0.043406593406593405 0.033602150537634407
42 0.10961538461538461 0.5053763440860215 0.04148351648351648 0.05913978494623656
35 0.4107142857142857 0.5625 0.02032967032967033 0.03024193548387097
35 0.06208791208791209 0.6189516129032258 0.026923076923076925 0.028225806451612902
39 0.13186813186813187 0.633736559139785 0.017857142857142856 0.020833333333333332
1 0.3994505494505495 0.27553763440860213 0.03956043956043956 0.04032258064516129
1 0.40164835164835166 0.39852150537634407 0.042032967032967036 0.038306451612903226
42 0.06126373626373626 0.9106182795698925 0.02142857142857143 0.06182795698924731
93 0.17664835164835166 0.8770161290322581 0.04230769230769231 0.09946236559139784
42 0.24835164835164836 0.9872311827956989 0.025274725274725275 0.025537634408602152
46 0.40412087912087913 0.9751344086021505 0.03131868131868132 0.04973118279569892
46 0.5137362637362637 0.9227150537634409 0.01978021978021978 0.07123655913978495
39 0.13131868131868132 0.9556451612903226 0.01978021978021978 0.04032258064516129