42 0.3884976525821596 0.38360881542699726 0.04225352112676056 0.07575757575757576
42 0.32511737089201875 0.3133608815426997 0.06103286384976526 0.0674931129476584
42 0.2734741784037559 0.43526170798898073 0.056338028169014086 0.06887052341597796
25 0.23884976525821597 0.3106060606060606 0.07042253521126761 0.08953168044077135
42 0.22476525821596244 0.46487603305785125 0.03169014084507042 0.009641873278236915
38 0.323943661971831 0.42699724517906334 0.035211267605633804 0.03305785123966942
38 0.3204225352112676 0.4283746556473829 0.03169014084507042 0.03305785123966942
42 0.5592723004694836 0.20385674931129477 0.062206572769953054 0.04269972451790634
42 0.43427230046948356 0.1721763085399449 0.04929577464788732 0.0440771349862259
46 0.5181924882629108 0.08057851239669421 0.04929577464788732 0.014462809917355372
22 0.465962441314554 0.2231404958677686 0.02640845070422535 0.02134986225895317
38 0.4231220657276995 0.20385674931129477 0.02699530516431925 0.02203856749311295
39 0.5099765258215962 0.26721763085399447 0.014671361502347418 0.01721763085399449
25 0.5557511737089202 0.3450413223140496 0.06924882629107981 0.047520661157024795
1 0.5645539906103286 0.2603305785123967 0.051643192488262914 0.03305785123966942
42 0.24354460093896713 0.49793388429752067 0.06455399061032864 0.05647382920110193
42 0.24237089201877934 0.5654269972451791 0.07276995305164319 0.06336088154269973
42 0.30927230046948356 0.6294765840220385 0.04225352112676056 0.03305785123966942
42 0.21948356807511737 0.6294765840220385 0.03873239436619718 0.03443526170798898
47 0.21830985915492956 0.6831955922865014 0.04225352112676056 0.03305785123966942
42 0.15845070422535212 0.5475206611570248 0.07394366197183098 0.07713498622589532
35 0.38673708920187794 0.7203856749311295 0.04460093896713615 0.05234159779614325
25 0.1414319248826291 0.8471074380165289 0.07276995305164319 0.09228650137741047
42 0.1449530516431925 0.7148760330578512 0.06572769953051644 0.07713498622589532
3 0.30985915492957744 0.4758953168044077 0.03755868544600939 0.012396694214876033
48 0.33098591549295775 0.4965564738292011 0.03286384976525822 0.03856749311294766
39 0.008802816901408451 0.668732782369146 0.017605633802816902 0.03168044077134986
1 0.31396713615023475 0.7555096418732782 0.07629107981220658 0.06060606060606061
1 0.897887323943662 0.959366391184573 0.051643192488262914 0.081267217630854
1 0.7699530516431925 0.9641873278236914 0.0539906103286385 0.07162534435261708
25 0.8274647887323944 0.7706611570247934 0.06807511737089202 0.08953168044077135
42 0.6766431924882629 0.7162534435261708 0.03755868544600939 0.04132231404958678
42 0.6801643192488263 0.8195592286501377 0.036384976525821594 0.04269972451790634
1 0.5927230046948356 0.7617079889807162 0.07981220657276995 0.05509641873278237
39 0.9019953051643192 0.7644628099173554 0.02464788732394366 0.03994490358126722
93 0.7282863849765259 0.7796143250688705 0.057511737089201875 0.07575757575757576
17 0.5440140845070423 0.7734159779614325 0.029342723004694836 0.05922865013774105
42 0.82981220657277 0.9249311294765841 0.07981220657276995 0.09779614325068871
35 0.8779342723004695 0.6611570247933884 0.03286384976525822 0.046831955922865015
35 0.6789906103286385 0.621900826446281 0.03169014084507042 0.046831955922865015
86 0.7323943661971831 0.9793388429752066 0.03990610328638498 0.0371900826446281