25 0.580575117370892 0.3065864022662889 0.06828638497652582 0.09066572237960338
42 0.5773943661971832 0.4524504249291785 0.06455399061032871 0.08022662889518412
42 0.5168075117370892 0.5439801699716714 0.05812206572769951 0.0744334277620396
42 0.6232042253521127 0.6051983002832861 0.06227699530516426 0.06781869688385268
42 0.033345070422535206 0.4596742209631728 0.06289906103286386 0.07263456090651554
25 0.5146596244131455 0.648257790368272 0.07731220657276996 0.08468838526912176
42 0.6571361502347418 0.6647167138810198 0.030645539906103168 0.03844192634560904
22 0.6589201877934272 0.45902266288951843 0.024154929577464703 0.033569405099150205
38 0.6136854460093897 0.5452832861189802 0.027593896713615014 0.04240793201133152
22 0.09968309859154931 0.4824645892351275 0.029835680751173727 0.0426770538243626
22 0.1479225352112676 0.4305382436260623 0.02980046948356806 0.03327195467422098
22 0.2304225352112676 0.42681303116147307 0.03829812206572769 0.02895184135977345
42 0.1879342723004695 0.43383852691218133 0.03679577464788735 0.04300283286118982
42 0.09846244131455399 0.5909490084985836 0.030000000000000002 0.039305949008498584
93 0.1592136150234742 0.6519546742209631 0.057605633802816886 0.07633144475920678
42 0.6603638497652582 0.3531161473087819 0.032265258215962454 0.03577903682719545
7 0.10076291079812207 0.42339943342776204 0.03721830985915494 0.07878186968838527
95 0.6475704225352112 0.395014164305949 0.06926056338028168 0.02515580736543908
38 0.6152816901408451 0.5493767705382436 0.028169014084507043 0.03798866855524086
1 0.19100938967136152 0.8573371104815863 0.05338028169014087 0.09049575070821544
1 0.049002347417840375 0.5366997167138811 0.07713615023474178 0.05042492917847029
42 0.19612676056338027 0.7656373937677053 0.07404929577464786 0.08966005665722374
35 0.7333215962441314 0.8521388101983003 0.036561032863849874 0.04548158640226615
35 0.11106807511737089 0.9375637393767705 0.047382629107981224 0.04322946175637391
39 0.23521126760563382 0.9602832861189802 0.03224178403755865 0.03198300283286109
1 0.713356807511737 0.41705382436260624 0.07042253521126761 0.05980169971671392
1 0.7172652582159624 0.6035552407932011 0.07563380281690148 0.05822946175637396