25 0.4171747967479675 0.266076421248835 0.06504065040650407 0.05405405405405406
42 0.3125 0.2637465051258155 0.057926829268292686 0.05125815470643057
42 0.24695121951219512 0.2157502329916123 0.052845528455284556 0.045666356011183594
42 0.2027439024390244 0.3000931966449208 0.04878048780487805 0.05032618825722274
25 0.1722560975609756 0.21388630009319665 0.06097560975609756 0.06057781919850885
42 0.1600609756097561 0.3271202236719478 0.027439024390243903 0.024231127679403542
22 0.3079268292682927 0.32851817334575956 0.024390243902439025 0.0195712954333644
38 0.2459349593495935 0.29263746505125815 0.03048780487804878 0.022367194780987885
42 0.38363821138211385 0.3294501397949674 0.02540650406504065 0.02516309412861137
95 0.35365853658536583 0.3191985088536813 0.018292682926829267 0.05498602050326188
38 0.24288617886178862 0.293569431500466 0.027439024390243903 0.022367194780987885
35 0.025914634146341462 0.38769804287045667 0.032520325203252036 0.028890959925442685
1 0.33790650406504064 0.3718546132339236 0.04369918699186992 0.05591798695246971
1 0.20426829268292682 0.3746505125815471 0.041666666666666664 0.05964585274930102
7 0.7571138211382114 0.04706430568499534 0.05589430894308943 0.02982292637465051
7 0.7576219512195121 0.33457595526561046 0.056910569105691054 0.03075489282385834
93 0.6453252032520326 0.10810810810810811 0.051829268292682924 0.047530288909599254
42 0.7276422764227642 0.40680335507921717 0.05386178861788618 0.05032618825722274
22 0.7505081300813008 0.09552656104380243 0.024390243902439025 0.0260950605778192
22 0.75 0.2847157502329916 0.02540650406504065 0.022367194780987885
22 0.7022357723577236 0.043336439888164026 0.02540650406504065 0.022367194780987885
22 0.7047764227642277 0.3387698042870457 0.028455284552845527 0.022367194780987885
42 0.7505081300813008 0.1407269338303821 0.028455284552845527 0.02516309412861137
42 0.7510162601626016 0.2418452935694315 0.029471544715447155 0.02982292637465051
42 0.6112804878048781 0.33737185461323393 0.03048780487804878 0.021435228331780055
42 0.6102642276422764 0.042404473438956196 0.026422764227642278 0.0260950605778192
1 0.6610772357723578 0.009319664492078284 0.04369918699186992 0.01863932898415657
1 0.6615853658536586 0.38816402609506057 0.039634146341463415 0.05591798695246971
25 0.453760162601626 0.7572227399813607 0.051829268292682924 0.08108108108108109
42 0.304369918699187 0.8709226467847158 0.08536585365853659 0.08014911463187326
42 0.10315040650406504 0.9641192917054986 0.09654471544715447 0.0717614165890028
49 0.30335365853658536 0.7581547064305685 0.08943089430894309 0.08574091332712022