42 0.16209628275441804 0.08088235294117647 0.03351614868982328 0.05588235294117647
42 0.13071297989031078 0.14411764705882352 0.029859841560024376 0.050980392156862744
42 0.1858622790981109 0.18676470588235294 0.03290676416819013 0.047058823529411764
25 0.1294942108470445 0.2161764705882353 0.039609993906154786 0.058823529411764705
42 0.20353443022547227 0.22794117647058823 0.015843997562461912 0.026470588235294117
22 0.204448507007922 0.08529411764705883 0.012797074954296161 0.023529411764705882
38 0.1809872029250457 0.1450980392156863 0.014625228519195612 0.029411764705882353
42 0.20505789152955514 0.012254901960784314 0.016453382084095063 0.024509803921568627
95 0.1983546617915905 0.041176470588235294 0.03595368677635588 0.01764705882352941
38 0.18159658744667886 0.1480392156862745 0.014625228519195612 0.026470588235294117
1 0.2327848872638635 0.056372549019607844 0.03656307129798903 0.04215686274509804
1 0.23461304082876294 0.18529411764705883 0.039000609384521635 0.04019607843137255
42 0.5578915295551493 0.043137254901960784 0.04570383912248629 0.02303921568627451
42 0.43875685557586835 0.09607843137254903 0.04661791590493602 0.020098039215686276
46 0.5490554539914686 0.20490196078431372 0.024680073126142597 0.010294117647058823
46 0.5493601462522852 0.2357843137254902 0.025594149908592323 0.010784313725490196
42 0.5776965265082267 0.22058823529411764 0.03717245581962218 0.020588235294117647
1 0.027422303473491772 0.48284313725490197 0.021937842778793418 0.06813725490196078
42 0.04509445460085314 0.37892156862745097 0.009750152346130409 0.052941176470588235
23 0.09171237050578915 0.3931372549019608 0.006703229737964655 0.027941176470588237
1 0.2056672760511883 0.328921568627451 0.02254722730042657 0.05784313725490196
1 0.2340036563071298 0.328921568627451 0.02315661182205972 0.05784313725490196
42 0.18951858622790982 0.6504901960784314 0.02437538086532602 0.09852941176470588
42 0.25167580743449114 0.6504901960784314 0.021937842778793418 0.09852941176470588
42 0.2784887263863498 0.553921568627451 0.02254722730042657 0.08872549019607844
42 0.29890310786106034 0.6553921568627451 0.019804996953077393 0.08872549019607844
39 0.10847044485070079 0.39215686274509803 0.005179768433881779 0.03676470588235294
46 0.9637416209628276 0.5313725490196078 0.061547836684948204 0.08725490196078431
68 0.9076782449725777 0.6009803921568627 0.014625228519195612 0.054901960784313725
68 0.9073735527117611 0.4681372549019608 0.015234613040828763 0.05196078431372549
46 0.965569774527727 0.4137254901960784 0.01218769043266301 0.03725490196078431
46 0.965569774527727 0.6450980392156863 0.01218769043266301 0.03725490196078431