25 0.22966909702748178 0.09032534246575342 0.03252944475602917 0.0547945205479452
42 0.22826696578799777 0.17851027397260275 0.030846887268648347 0.0488013698630137
42 0.19938306225462704 0.23373287671232876 0.027481772293886708 0.04452054794520548
42 0.2501402131239484 0.2709760273972603 0.03028603477285474 0.0410958904109589
25 0.1982613572630398 0.2966609589041096 0.03645541222658441 0.05136986301369863
42 0.266404935501963 0.3069349315068493 0.014582164890633763 0.023116438356164382
22 0.26724621424565337 0.18236301369863014 0.011777902411665733 0.02054794520547945
38 0.24565339315759954 0.2345890410958904 0.01346045989904655 0.025684931506849314
22 0.0036455412226584407 0.19606164383561644 0.007291082445316881 0.025684931506849314
22 0.022994952327537857 0.16523972602739725 0.014582164890633763 0.02054794520547945
22 0.0625350532809871 0.16309931506849315 0.018508132361189006 0.01797945205479452
42 0.04206393718452047 0.16738013698630136 0.0179472798653954 0.025684931506849314
42 0.0033651149747616375 0.261986301369863 0.006730229949523275 0.023972602739726026
93 0.028323051037577117 0.2992294520547945 0.027481772293886708 0.046232876712328765
42 0.267807066741447 0.11857876712328767 0.01514301738642737 0.021404109589041095
7 0.0047672462142456535 0.16095890410958905 0.009534492428491307 0.04794520547945205
95 0.26163768928771736 0.14383561643835616 0.03309029725182277 0.015410958904109588
38 0.24621424565339317 0.23715753424657535 0.01346045989904655 0.023116438356164382
1 0.04346606842400449 0.4233732876712329 0.025238362310712283 0.0547945205479452
42 0.045989904655075714 0.367722602739726 0.035333707234997194 0.05393835616438356
35 0.2966909702748177 0.4195205479452055 0.005608524957936063 0.0273972602739726
1 0.2879977565900168 0.15710616438356165 0.022994952327537857 0.036815068493150686
1 0.2882781828379136 0.269263698630137 0.022434099831744252 0.0351027397260274
42 0.5675827257431295 0.2833904109589041 0.040100953449242846 0.036815068493150686
42 0.3536174985978688 0.2684075342465753 0.02131239484015704 0.023116438356164382
42 0.43381940549635445 0.2679794520547945 0.02860347728547392 0.023544520547945206
42 0.5131800336511497 0.3642979452054795 0.025518788558609087 0.02226027397260274
22 0.5112170499158721 0.2996575342465753 0.01598429613011778 0.020976027397260275
22 0.46859226023555806 0.2658390410958904 0.02047111609646663 0.020976027397260275
22 0.31688166012338753 0.2662671232876712 0.019068984856982614 0.016695205479452056
1 0.5546831183398766 0.3304794520547945 0.05272013460459899 0.029965753424657533
93 0.3286595625350533 0.3398972602739726 0.04094223219293326 0.03210616438356165
7 0.5123387549074594 0.2624143835616438 0.027762198541783512 0.04023972602739726
35 0.4621424565339316 0.03767123287671233 0.03140773976444195 0.021404109589041095
25 0.4391475042063937 0.46875 0.04374649467190129 0.01797945205479452
42 0.36735838474481214 0.4657534246575342 0.040381379697139654 0.011986301369863013
42 0.6573191250701066 0.4717465753424658 0.04150308468872686 0.023972602739726026
46 0.5706674144699944 0.5158390410958904 0.034212002243409985 0.023972602739726026
47 0.628154795288839 0.5179794520547946 0.025518788558609087 0.023116438356164382
49 0.4663488502523836 0.5017123287671232 0.05103757711721817 0.05051369863013699
96 0.39568143578238923 0.5012842465753424 0.01878855860908581 0.023116438356164382
48 0.3749298934380258 0.5136986301369864 0.021031968592260235 0.025684931506849314