25 0.2554701360141928 0.1868437306979617 0.029863985807214666 0.055281037677578755
42 0.25399172087522176 0.275787523162446 0.028385570668243643 0.04910438542310068
42 0.22738024837374335 0.3316862260654725 0.0254287403903016 0.044780728844966027
42 0.2740981667652277 0.36905497220506484 0.027794204612655235 0.04138357010500309
42 0.01478415138971023 0.2801111797405806 0.02749852158486103 0.044163063619518224
25 0.22649319929036074 0.39499691167387274 0.033707865168539325 0.05188387893761581
42 0.2891780011827321 0.4054972205064855 0.013305736250739207 0.023162445954292774
22 0.29006505026611473 0.2798023471278567 0.01094027202838557 0.020691785052501546
38 0.2699586043761088 0.3323038912909203 0.012418687167356593 0.025941939468807906
22 0.04376108811354228 0.2940086473131563 0.013305736250739207 0.025941939468807906
22 0.06505026611472502 0.2625077208153181 0.013305736250739207 0.020691785052501546
22 0.10141927853341218 0.2603458925262508 0.01714961561206387 0.018221124150710314
42 0.08249556475458308 0.26466954910438545 0.01655824955647546 0.025941939468807906
42 0.04346540508574808 0.36009882643607166 0.013305736250739207 0.024088943792464484
93 0.0700768775872265 0.3977764051883879 0.0254287403903016 0.04663372452130945
42 0.29036073329390893 0.21556516368128475 0.013897102306327618 0.021618282890673256
7 0.044352454169130695 0.25818406423718343 0.01655824955647546 0.04848672019765287
95 0.28474275576581903 0.24088943792464484 0.030455351862803074 0.015441630636195183
38 0.2705499704316972 0.3350833848054355 0.012418687167356593 0.023162445954292774
1 0.08397397989355411 0.5228536133415689 0.023358959195742164 0.055281037677578755
1 0.021584861028976936 0.3273625694873379 0.03400354819633353 0.031192093885114267
42 0.08633944411590774 0.4666460778258184 0.03252513305736251 0.054354539839407044
35 0.3228858663512714 0.5194564546016059 0.01596688350088705 0.027486102532427423
35 0.04878769958604376 0.5716491661519456 0.021289178001182733 0.025941939468807906
39 0.10348905972797161 0.5855466337245213 0.013897102306327618 0.019147621988882025
1 0.3140153755174453 0.2541692402717727 0.031046717918391486 0.03705991352686844
1 0.3154937906564163 0.36781964175416926 0.03311649911295092 0.03551575046324892
42 0.5091661738616203 0.26744904261890057 0.04553518628030751 0.033971587399629403
46 0.502956830277942 0.4975293390982088 0.028681253696037846 0.014823965410747375
46 0.502956830277942 0.544780728844966 0.024837374334713187 0.014206300185299567
42 0.5286812536960378 0.5213094502779494 0.04287403903015967 0.02378011117974058