25 0.035211267605633804 0.04638472032742155 0.07042253521126761 0.0791268758526603
42 0.15434272300469484 0.0504774897680764 0.06690140845070422 0.07503410641200546
42 0.2300469483568075 0.12073669849931787 0.06103286384976526 0.06684856753069578
42 0.2805164319248826 0.017053206002728513 0.056338028169014086 0.034106412005457026
25 0.3163145539906103 0.12346521145975443 0.07042253521126761 0.08867667121418826
38 0.2312206572769953 0.01227830832196453 0.035211267605633804 0.02455661664392906
22 0.13321596244131456 0.44542974079126874 0.02464788732394366 0.0286493860845839
38 0.23415492957746478 0.011596180081855388 0.03169014084507042 0.023192360163710776
42 0.6056338028169014 0.3049113233287858 0.06572769953051644 0.07639836289222374
42 0.8796948356807511 0.3663028649386085 0.06338028169014084 0.08049113233287858
1 0.49589201877934275 0.21350613915416097 0.051643192488262914 0.09686221009549795
1 0.4102112676056338 0.21282401091405184 0.04107981220657277 0.08185538881309687
1 0.7505868544600939 0.24010914051841747 0.05516431924882629 0.09004092769440655
1 0.8169014084507042 0.20804911323328787 0.04460093896713615 0.08321964529331514
1 0.8832159624413145 0.2053206002728513 0.0539906103286385 0.0941336971350614
42 0.5903755868544601 0.4276944065484311 0.07511737089201878 0.06412005457025921
86 0.7658450704225352 0.1984993178717599 0.03051643192488263 0.045020463847203276
30 0.8092723004694836 0.2680763983628922 0.04107981220657277 0.030013642564802184
30 0.9002347417840375 0.2305593451568895 0.03051643192488263 0.036834924965893585
39 0.44366197183098594 0.21145975443383355 0.035211267605633804 0.04638472032742155
42 0.2775821596244131 0.965893587994543 0.05985915492957746 0.06821282401091405
42 0.27992957746478875 0.6562073669849932 0.05868544600938967 0.07639836289222374
42 0.25410798122065725 0.47544338335607095 0.029342723004694836 0.03137789904502047
42 0.38086854460093894 0.5798090040927695 0.017605633802816902 0.03274215552523874
42 0.3796948356807512 0.8949522510231923 0.01995305164319249 0.030013642564802184
1 0.34330985915492956 0.6446111869031378 0.04929577464788732 0.09004092769440655
1 0.3421361502347418 0.9536152796725784 0.04460093896713615 0.09140518417462483
7 0.24589201877934272 0.8840381991814461 0.07042253521126761 0.045020463847203276
7 0.24471830985915494 0.5757162346521146 0.06572769953051644 0.04365620736698499
42 0.25234741784037557 0.7899045020463847 0.03286384976525822 0.036834924965893585
22 0.2963615023474178 0.5784447476125512 0.025821596244131457 0.027285129604365622
22 0.2529342723004695 0.5286493860845839 0.025821596244131457 0.03547066848567531
22 0.2975352112676056 0.8908594815825375 0.028169014084507043 0.0286493860845839
22 0.25234741784037557 0.7366984993178718 0.025821596244131457 0.034106412005457026
22 0.2529342723004695 0.839699863574352 0.02699530516431925 0.030013642564802184
25 0.5880281690140845 0.9699863574351978 0.07511737089201878 0.06002728512960437
42 0.9688967136150235 0.8472032742155525 0.062206572769953054 0.0791268758526603
56 0.8802816901408451 0.5941336971350614 0.025821596244131457 0.04365620736698499
42 0.9131455399061033 0.6350613915416098 0.062206572769953054 0.0791268758526603
42 0.7376760563380281 0.9733969986357435 0.07394366197183098 0.05320600272851296
42 0.6367370892018779 0.849931787175989 0.0539906103286385 0.08049113233287858
42 0.6725352112676056 0.6493860845839018 0.03169014084507042 0.04229195088676671
42 0.6713615023474179 0.515006821282401 0.03873239436619718 0.04365620736698499
1 0.9612676056338029 0.965893587994543 0.04460093896713615 0.06821282401091405
1 0.7617370892018779 0.7285129604365621 0.04460093896713615 0.08594815825375171
1 0.8832159624413145 0.975443383356071 0.04107981220657277 0.04911323328785812
1 0.7629107981220657 0.4733969986357435 0.04460093896713615 0.027285129604365622
42 0.7805164319248826 0.839699863574352 0.062206572769953054 0.08458390177353342
93 0.7799295774647887 0.6323328785811733 0.05985915492957746 0.06957708049113233
22 0.6725352112676056 0.7148703956343793 0.029342723004694836 0.0286493860845839
22 0.852112676056338 0.9120054570259208 0.03169014084507042 0.0286493860845839
42 0.8092723004694836 0.9120054570259208 0.03755868544600939 0.03819918144611187
7 0.6625586854460094 0.7755798090040927 0.0528169014084507 0.05184174624829468
46 0.5897887323943662 0.8676671214188267 0.03755868544600939 0.03137789904502047
46 0.9125586854460094 0.91268758526603 0.04812206572769953 0.03819918144611187
38 0.9131455399061033 0.8601637107776262 0.03755868544600939 0.027285129604365622
42 0.795774647887324 0.7803547066848567 0.03286384976525822 0.03137789904502047
22 0.7282863849765259 0.7803547066848567 0.03051643192488263 0.02592087312414734
46 0.43720657276995306 0.9877216916780355 0.01995305164319249 0.02455661664392906
46 0.40492957746478875 0.8560709413369714 0.03051643192488263 0.034106412005457026
95 0.4184272300469484 0.830150068212824 0.017605633802816902 0.06548431105047749