42 0.44697720515361744 0.1477166821994408 0.02576808721506442 0.049394221808014914
42 0.29286422200198214 0.18359739049394222 0.05450941526263627 0.05125815470643057
42 0.2522299306243806 0.3560111835973905 0.026759167492566897 0.027958993476234855
42 0.34241823587710607 0.10391425908667289 0.026759167492566897 0.02702702702702703
93 0.32755203171456887 0.2581547064305685 0.05054509415262636 0.05125815470643057
93 0.30822596630327054 0.3550792171481827 0.049554013875123884 0.02982292637465051
93 0.35926660059464816 0.03075489282385834 0.05252725470763132 0.05405405405405406
47 0.20564915758176414 0.353215284249767 0.024777006937561942 0.033550792171481825
47 0.344400396432111 0.1509785647716682 0.03964321110009911 0.021435228331780055
1 0.25421209117938554 0.05125815470643057 0.04261645193260654 0.06523765144454799
1 0.4098116947472745 0.19757688723205966 0.040634291377601585 0.06150978564771668
17 0.10555004955401387 0.09972041006523766 0.019821605550049554 0.04380242311276794
42 0.13230921704658077 0.1048462255358807 0.022794846382556987 0.02516309412861137
17 0.423191278493558 0.2381174277726002 0.03964321110009911 0.021435228331780055
86 0.28790882061446976 0.049394221808014914 0.022794846382556987 0.024231127679403542
42 0.2626362735381566 0.004659832246039142 0.07333994053518335 0.009319664492078284
39 0.13330029732408324 0.12534948741845295 0.026759167492566897 0.017707362534948742
42 0.591179385530228 0.024231127679403542 0.05450941526263627 0.048462255358807084
42 0.6214073339940536 0.2893755824790308 0.03766105054509415 0.032618825722273995
42 0.622398414271556 0.1863932898415657 0.030723488602576808 0.028890959925442685
42 0.4846382556987116 0.08760484622553588 0.03369672943508424 0.032618825722273995
7 0.6278493557978196 0.08900279589934762 0.05649157581764123 0.034482758620689655
22 0.6209117938553023 0.1407269338303821 0.02576808721506442 0.02702702702702703
22 0.6214073339940536 0.3331780055917987 0.027750247770069375 0.0260950605778192
93 0.5148662041625371 0.15563839701770738 0.05450941526263627 0.049394221808014914
22 0.5728444003964321 0.08807082945013979 0.024777006937561942 0.02050326188257223
1 0.5302279484638256 0.03308480894687791 0.04360753221010902 0.06616961789375582
25 0.4261645193260654 0.733923578751165 0.06739345887016848 0.08108108108108109
42 0.2720515361744301 0.84762348555452 0.08325074331020813 0.08014911463187326
42 0.07581764122893954 0.9524697110904008 0.09415262636273539 0.09506057781919851
49 0.2710604558969277 0.7348555452003728 0.08721506442021804 0.08574091332712022
49 0.6025768087215064 0.6043802423112767 0.05847373637264618 0.05964585274930102
25 0.4796828543111992 0.603448275862069 0.03964321110009911 0.05871388630009319
25 0.7135777998017839 0.5894687791239516 0.057482656095143705 0.06057781919850885
25 0.6605550049554014 0.9515377446411929 0.06937561942517344 0.05778191985088537
95 0.49454905847373637 0.42451071761416587 0.049554013875123884 0.0195712954333644
42 0.595639246778989 0.5158434296365331 0.06937561942517344 0.06057781919850885
42 0.6570862239841427 0.7115563839701771 0.061446977205153616 0.05312208760484623
42 0.6580773042616452 0.7809878844361603 0.057482656095143705 0.05591798695246971
42 0.6575817641228939 0.853215284249767 0.05847373637264618 0.05684995340167754
42 0.9796828543111992 0.9869524697110904 0.024777006937561942 0.0260950605778192
39 0.9147670961347869 0.38397017707362535 0.013875123885034688 0.027958993476234855
39 0.5733399405351833 0.7833178005591799 0.02081268582755203 0.017707362534948742