42 0.24026479750778817 0.3789279112754159 0.042834890965732085 0.04805914972273567
42 0.1588785046728972 0.3077634011090573 0.042834890965732085 0.051756007393715345
42 0.21884735202492211 0.018484288354898338 0.045171339563862926 0.036968576709796676
42 0.21845794392523366 0.06608133086876156 0.04439252336448598 0.054528650646950096
42 0.3368380062305296 0.016173752310536044 0.02570093457943925 0.03234750462107209
42 0.26246105919003115 0.11090573012939002 0.024922118380062305 0.025878003696857672
42 0.2854361370716511 0.3317929759704251 0.027258566978193146 0.027726432532347505
3 0.2628504672897196 0.0036968576709796672 0.030373831775700934 0.0073937153419593345
96 0.2901090342679128 0.0018484288354898336 0.024143302180685357 0.0036968576709796672
48 0.2780373831775701 0.019870609981515713 0.020249221183800622 0.03974121996303143
56 0.17757009345794392 0.33502772643253237 0.018691588785046728 0.029574861367837338
64 0.552570093457944 0.16635859519408502 0.03543613707165109 0.018484288354898338
42 0.43457943925233644 0.16081330868761554 0.07710280373831775 0.031423290203327174
93 0.4840342679127726 0.12985212569316082 0.0689252336448598 0.02541589648798521
47 0.6433021806853583 0.19500924214417745 0.014018691588785047 0.010628465804066543
3 0.42834890965732086 0.18946395563770796 0.037383177570093455 0.018484288354898338
3 0.4131619937694704 0.26386321626617376 0.04867601246105919 0.015249537892791128
39 0.5478971962616822 0.1534195933456562 0.030373831775700934 0.0046210720887245845
39 0.5478971962616822 0.17929759704251386 0.0264797507788162 0.0046210720887245845
42 0.6144859813084113 0.22735674676524953 0.04361370716510903 0.014787430683918669
68 0.43457943925233644 0.20656192236598891 0.030373831775700934 0.006931608133086876
68 0.49338006230529596 0.227818853974122 0.014018691588785047 0.010166358595194085
42 0.3598130841121495 0.5300369685767098 0.020249221183800622 0.018484288354898338
42 0.5689252336448598 0.572550831792976 0.022585669781931463 0.02541589648798521
1 0.4992211838006231 0.5231053604436229 0.033099688473520246 0.060536044362292055
17 0.37616822429906543 0.5688539741219963 0.02102803738317757 0.042975970425138635
42 0.4007009345794392 0.5720887245841035 0.0264797507788162 0.031423290203327174
93 0.5778816199376947 0.5032347504621072 0.03465732087227414 0.05961182994454713
42 0.49961059190031154 0.4491682070240296 0.056074766355140186 0.05961182994454713