42 0.46678023850085176 0.266016713091922 0.041737649063032366 0.08495821727019498
42 0.43313458262350935 0.49651810584958217 0.03747870528109029 0.08356545961002786
42 0.4752981260647359 0.4986072423398329 0.03960817717206133 0.07729805013927576
42 0.37776831345826234 0.6552924791086351 0.04045996592844974 0.08356545961002786
42 0.1469335604770017 0.5383008356545961 0.03960817717206133 0.08774373259052924
42 0.1895229982964225 0.5389972144846796 0.04258943781942078 0.08635097493036212
42 0.14395229982964225 0.2889972144846797 0.038756388415672915 0.08913649025069638
42 0.22444633730834754 0.4533426183844011 0.02001703577512777 0.04874651810584958
42 0.39608177172061326 0.4087743732590529 0.0217206132879046 0.052924791086350974
1 0.12691652470187392 0.16295264623955433 0.04727427597955707 0.06685236768802229
25 0.056643952299829645 0.2889972144846797 0.04514480408858603 0.09540389972144847
25 0.534923339011925 0.2646239554317549 0.04258943781942078 0.09540389972144847
3 0.4936115843270869 0.41225626740947074 0.02938671209540034 0.054317548746518104
66 0.5681431005110733 0.3530640668523677 0.04727427597955707 0.0967966573816156
66 0.05749574105621806 0.3969359331476323 0.05238500851788756 0.09401114206128133
66 0.030238500851788756 0.17479108635097493 0.04386712095400341 0.10793871866295264
95 0.21550255536626917 0.09261838440111421 0.04386712095400341 0.036211699164345405
3 0.1303236797274276 0.45264623955431754 0.026405451448040886 0.059192200557103065
96 0.12989778534923338 0.3997214484679666 0.022998296422487224 0.04665738161559889
48 0.151618398637138 0.42270194986072424 0.03534923339011925 0.03969359331476323
48 0.4752981260647359 0.3802228412256267 0.030238500851788756 0.033426183844011144
96 0.4927597955706985 0.3579387186629526 0.016609880749574105 0.060584958217270196
56 0.3986371379897785 0.6183844011142061 0.022998296422487224 0.036211699164345405
42 0.4284497444633731 0.8962395543175488 0.04770017035775128 0.07938718662952646
1 0.41396933560477 0.979108635097493 0.054514480408858604 0.04178272980501393
93 0.1563032367972743 0.9874651810584958 0.04514480408858603 0.025069637883008356
1 0.046422487223168656 0.979108635097493 0.05877342419080068 0.04178272980501393
7 0.09667802385008518 0.8572423398328691 0.028109028960817718 0.08217270194986072
7 0.36201022146507666 0.8558495821727019 0.022146507666098807 0.06824512534818941
22 0.31686541737649065 0.8635097493036211 0.017035775127768313 0.04178272980501393
42 0.27597955706984667 0.862116991643454 0.026405451448040886 0.034818941504178275
22 0.14437819420783646 0.8628133704735376 0.016183986371379896 0.03203342618384401
42 0.18526405451448041 0.862116991643454 0.022998296422487224 0.033426183844011144
42 0.03577512776831346 0.9011142061281338 0.044293015332197615 0.07381615598885793