42 0.1318407960199005 0.08823529411764706 0.033720287451630734 0.04054054054054054
42 0.0779436152570481 0.18680445151033387 0.03676064123825318 0.037360890302066775
42 0.22996130458817027 0.18044515103338632 0.0326147042564953 0.03815580286168521
42 0.2537313432835821 0.29968203497615264 0.033720287451630734 0.03815580286168521
42 0.42647871752349364 0.27344992050874406 0.037589828634604756 0.04133545310015898
42 0.5179657269209508 0.25675675675675674 0.03510226644555003 0.03815580286168521
42 0.4615809839690437 0.16136724960254373 0.03565505804311774 0.04054054054054054
42 0.5925925925925926 0.32829888712241656 0.03814262023217247 0.038950715421303655
42 0.3396904367053621 0.15580286168521462 0.014648977335544499 0.02066772655007949
42 0.3673300165837479 0.32829888712241656 0.018518518518518517 0.019077901430842606
42 0.20149253731343283 0.17011128775834658 0.015478164731896076 0.02066772655007949
42 0.20121614151464898 0.2647058823529412 0.017689331122166942 0.019077901430842606
25 0.05721393034825871 0.08744038155802862 0.03814262023217247 0.04372019077901431
25 0.047816473189607515 0.32114467408585057 0.03924820342730791 0.04531001589825119
49 0.05583195135433942 0.14308426073131955 0.04532891100055279 0.04133545310015898
3 0.12078496406854616 0.17170111287758347 0.02404643449419569 0.01987281399046105
3 0.4767827529021559 0.24483306836248012 0.025152017689331122 0.02384737678855326
93 0.30265339966832505 0.27503974562798095 0.033720287451630734 0.03577106518282989
93 0.373134328358209 0.28855325914149443 0.032061912658927584 0.034976152623211444
93 0.15284687672747374 0.2527821939586645 0.03565505804311774 0.037360890302066775
49 0.5279159756771697 0.21621621621621623 0.041182974018794914 0.0397456279809221
47 0.3407960199004975 0.08823529411764706 0.012990602542841349 0.029411764705882353
47 0.3667772249861802 0.36089030206677264 0.024599226091763404 0.017488076311605722
47 0.23217247097844113 0.2631160572337043 0.014096185737976783 0.02782193958664547
1 0.1663902708678828 0.3267090620031797 0.04311774461028192 0.030206677265500796
1 0.4812050856826976 0.3108108108108108 0.03980099502487562 0.031001589825119236
1 0.26285240464344944 0.21701112877583467 0.0406301824212272 0.028616852146263912
17 0.1984521835268104 0.431637519872814 0.028745163073521283 0.014308426073131956
17 0.5099502487562189 0.30127186009538953 0.012990602542841349 0.028616852146263912
42 0.39552238805970147 0.24085850556438793 0.017136539524599224 0.01987281399046105
42 0.2017689331122167 0.41255961844197137 0.01658374792703151 0.01589825119236884
25 0.5265339966832504 0.16295707472178061 0.03980099502487562 0.046104928457869634
17 0.2896627971254837 0.2082670906200318 0.014096185737976783 0.02782193958664547
35 0.22581536760641238 0.13195548489666137 0.022664455500276397 0.02384737678855326
96 0.1205085682697623 0.14308426073131955 0.017136539524599224 0.02066772655007949
48 0.1384742951907131 0.15500794912559618 0.015478164731896076 0.01589825119236884
1 0.5975677169707021 0.3744038155802862 0.0406301824212272 0.025437201907790145
86 0.16528468767274737 0.30286168521462636 0.016030956329463792 0.01589825119236884
42 0.11636263128800442 0.32114467408585057 0.04477611940298507 0.051669316375198726
39 0.39718076285240467 0.1573926868044515 0.01658374792703151 0.01589825119236884
96 0.47899391929242674 0.21462639109697934 0.021006080707573246 0.02066772655007949
48 0.4613045881702598 0.22575516693163752 0.021006080707573246 0.019077901430842606
39 0.21531232725262575 0.4117647058823529 0.011608623548922056 0.019077901430842606
42 0.1470425649530127 0.6502384737678856 0.04643449419568822 0.12559618441971382
25 0.22388059701492538 0.5453100158982512 0.04643449419568822 0.13354531001589826
42 0.2423991155334439 0.8473767885532592 0.024322830292979547 0.06041335453100159
22 0.27750138197899393 0.8473767885532592 0.01658374792703151 0.06041335453100159
46 0.2645107794361526 0.9324324324324325 0.02155887230514096 0.10174880763116058
86 0.33056937534549474 0.9817170111287759 0.02542841348811498 0.03656597774244833
29 0.32725262576008846 0.8044515103338633 0.037037037037037035 0.15580286168521462
56 0.3529574350469873 0.4785373608903021 0.028192371475953566 0.05087440381558029
42 0.32780541735765617 0.541335453100159 0.04532891100055279 0.1287758346581876
42 0.37921503593145384 0.678060413354531 0.04367053620784964 0.12559618441971382
22 0.37451630735212826 0.8529411764705882 0.01824212271973466 0.05405405405405406
46 0.39110005527915975 0.9308426073131956 0.02045328911000553 0.09379968203497616
42 0.4090657822001106 0.8521462639109698 0.024322830292979547 0.06677265500794913
46 0.14676616915422885 0.7845786963434023 0.02211166390270868 0.09538950715421304
25 0.6315644002211166 0.6550079491255962 0.02377003869541183 0.06995230524642289
25 0.6299060254284135 0.8839427662957074 0.02045328911000553 0.06359300476947535
46 0.6290768380320619 0.7098569157392687 0.01105583195135434 0.03656597774244833
46 0.6307352128247651 0.9443561208267091 0.009950248756218905 0.04769475357710652
42 0.7758430071862907 0.6502384737678856 0.02155887230514096 0.057233704292527825
42 0.7744610281923715 0.8831478537360891 0.02211166390270868 0.057233704292527825
79 0.9588170259812051 0.7376788553259142 0.022664455500276397 0.046104928457869634
79 0.960751796572692 0.9769475357710652 0.01990049751243781 0.046104928457869634
22 0.9812050856826976 0.7408585055643879 0.008844665561083471 0.034976152623211444
23 0.9800995024875622 0.9793322734499205 0.013266998341625208 0.034976152623211444
3 0.6511885019347706 0.980127186009539 0.01990049751243781 0.0397456279809221
3 0.6428966279712548 0.7496025437201908 0.018794914317302378 0.03815580286168521
29 0.7763957987838584 0.9634340222575517 0.01824212271973466 0.06359300476947535
29 0.775290215588723 0.7281399046104928 0.018794914317302378 0.06041335453100159
42 0.82808181315644 0.5627980922098569 0.017689331122166942 0.05405405405405406
42 0.8289110005527915 0.8108108108108109 0.019347705914870093 0.05246422893481717
7 0.8112216694306247 0.589825119236884 0.016030956329463792 0.07313195548489666
7 0.8134328358208955 0.8449920508744038 0.013819789939192924 0.06995230524642289