42 0.20505287896592245 0.01842374616171955 0.03290246768507638 0.0368474923234391
42 0.29465334900117507 0.05527123848515865 0.03231492361927144 0.05322415557830092
42 0.29524089306698004 0.011258955987717503 0.029964747356051705 0.022517911975435005
42 0.35605170387779084 0.13408393039918118 0.03231492361927144 0.057318321392016376
42 0.3108108108108108 0.4564994882292733 0.03407755581668625 0.04503582395087001
42 0.3111045828437133 0.4017400204708291 0.033490011750881316 0.06038894575230297
42 0.21415981198589895 0.45905834186284544 0.03466509988249119 0.03991811668372569
42 0.2779083431257344 0.35209825997952915 0.01880141010575793 0.028659160696008188
42 0.2605757931844888 0.10747185261003071 0.020564042303172738 0.030706243602865915
1 0.16509988249118684 0.4677584442169908 0.025851938895417155 0.022517911975435005
95 0.13807285546415982 0.36489252814739 0.01410105757931845 0.062436028659160696
3 0.27761457109283194 0.4728761514841351 0.022914218566392478 0.012282497441146366
96 0.2570505287896592 0.4744114636642784 0.018213866039952998 0.009211873080859774
48 0.26615746180963573 0.45445240532241554 0.01527614571092832 0.04912998976458546
48 0.24970622796709754 0.008188331627430911 0.012925969447708578 0.016376663254861822
56 0.3419506462984724 0.10388945752302968 0.01410105757931845 0.032753326509723645
6 0.2773207990599295 0.6530194472876152 0.04876615746180964 0.08393039918116683
55 0.3789659224441833 0.6525076765609007 0.05111633372502938 0.08904810644831115
83 0.4682726204465335 0.654042988741044 0.04230317273795535 0.11668372569089049