42 0.7655660377358491 0.3706962025316456 0.068867924528302 0.11784810126582282
42 0.7096462264150943 0.6909915611814346 0.061851415094339675 0.11613924050632901
42 0.7793514150943396 0.6937341772151898 0.06497641509433952 0.10757383966244728
42 0.6188325471698113 0.9110337552742616 0.06627358490566043 0.11554852320675102
42 0.24107311320754718 0.7484388185654008 0.06548349056603771 0.12322784810126576
42 0.3109080188679245 0.7504008438818566 0.06889150943396224 0.11957805907172986
42 0.23579009433962264 0.4024050632911393 0.06277122641509436 0.12502109704641348
42 0.3680896226415094 0.6311392405063292 0.03386792452830192 0.06679324894514761
42 0.6494811320754716 0.568776371308017 0.03587264150943405 0.07331223628691984
1 0.20795990566037736 0.2268776371308017 0.07787735849056607 0.09276371308016877
25 0.09257075471698113 0.40145569620253163 0.07508254716981133 0.13251054852320676
25 0.8768632075471698 0.36831223628691984 0.06872641509433959 0.1318354430379747
3 0.8098349056603774 0.5741350210970464 0.04869103773584901 0.075168776371308
66 0.9314622641509434 0.49143459915611815 0.0782311320754716 0.13407172995780586
66 0.09418632075471699 0.5531856540084388 0.08617924528301885 0.13122362869198315
66 0.0492688679245283 0.2440295358649789 0.07233490566037737 0.15050632911392406
95 0.35323113207547174 0.12862869198312235 0.07227594339622637 0.05094936708860761
3 0.21422169811320754 0.6294725738396625 0.043231132075471725 0.0821940928270043
96 0.21258254716981134 0.5561181434599156 0.037311320754716965 0.06675105485232065
48 0.24909198113207545 0.5889240506329113 0.057936320754716976 0.05472573839662459
48 0.7793514150943396 0.5297468354430379 0.04928066037735845 0.04683544303797466
96 0.807617924528302 0.49736286919831224 0.02719339622641503 0.08521097046413499
56 0.6540566037735849 0.8604641350210971 0.03790094339622653 0.05124472573839655