42 0.06318681318681318 0.03895184135977337 0.03296703296703297 0.07507082152974505
42 0.19917582417582416 0.032577903682719546 0.02912087912087912 0.06515580736543909
42 0.22032967032967032 0.26841359773371104 0.03021978021978022 0.07790368271954674
42 0.375 0.21600566572237961 0.033516483516483515 0.08356940509915015
42 0.45686813186813185 0.1820113314447592 0.03131868131868132 0.07790368271954674
42 0.40604395604395604 0.014164305949008499 0.031868131868131866 0.028328611898016998
42 0.5181318681318682 0.3271954674220963 0.023076923076923078 0.07932011331444759
42 0.321978021978022 0.3264872521246459 0.016483516483516484 0.03824362606232295
42 0.17335164835164835 0.013456090651558074 0.013736263736263736 0.026912181303116147
42 0.17335164835164835 0.19759206798866855 0.015934065934065933 0.03824362606232295
25 0.03626373626373627 0.3123229461756374 0.035164835164835165 0.09206798866855524
3 0.10137362637362637 0.014872521246458924 0.02142857142857143 0.029745042492917848
3 0.42005494505494506 0.1565155807365439 0.022527472527472527 0.04815864022662889
93 0.2642857142857143 0.2188385269121813 0.03021978021978022 0.07223796033994334
93 0.3271978021978022 0.24575070821529746 0.02857142857142857 0.0708215297450425
93 0.13021978021978023 0.17351274787535412 0.031868131868131866 0.07507082152974505
49 0.46565934065934067 0.09915014164305949 0.036813186813186814 0.08073654390934844
47 0.32142857142857145 0.39305949008498586 0.02197802197802198 0.03541076487252125
47 0.2010989010989011 0.19475920679886685 0.012637362637362638 0.056657223796033995
1 0.1423076923076923 0.3236543909348442 0.038461538461538464 0.060906515580736544
1 0.4239010989010989 0.29178470254957506 0.03571428571428571 0.06232294617563739
1 0.22857142857142856 0.10127478753541076 0.03626373626373627 0.05807365439093484
17 0.1706043956043956 0.5354107648725213 0.025824175824175823 0.028328611898016998
17 0.44972527472527474 0.2719546742209632 0.011538461538461539 0.05807365439093484
42 0.34725274725274724 0.14872521246458922 0.015384615384615385 0.039660056657223795
42 0.1739010989010989 0.4978753541076487 0.014835164835164835 0.032577903682719546
25 0.4645604395604396 0.019121813031161474 0.03571428571428571 0.03824362606232295
17 0.25247252747252746 0.0821529745042493 0.012637362637362638 0.056657223796033995
1 0.5197802197802198 0.419971671388102 0.01978021978021978 0.05240793201133145
86 0.1412087912087912 0.2754957507082153 0.014285714285714285 0.032577903682719546
42 0.09752747252747253 0.311614730878187 0.04010989010989011 0.1048158640226629
96 0.421978021978022 0.09631728045325778 0.01868131868131868 0.042492917847025496
48 0.40604395604395604 0.11827195467422097 0.01868131868131868 0.03824362606232295
39 0.185989010989011 0.4964589235127479 0.010439560439560439 0.03824362606232295
42 0.06098901098901099 0.7443342776203966 0.02197802197802198 0.060906515580736544
42 0.28076923076923077 0.5757790368271954 0.025274725274725275 0.05240793201133145
46 0.43653846153846154 0.5651558073654391 0.03131868131868132 0.031161473087818695
42 0.4642857142857143 0.7655807365439093 0.016483516483516484 0.07790368271954674
95 0.49752747252747254 0.6487252124645893 0.043406593406593405 0.039660056657223795
1 0.5046703296703297 0.93342776203966 0.05 0.08498583569405099
95 0.3414835164835165 0.6550991501416431 0.04065934065934066 0.043909348441926344
86 0.09917582417582417 0.7060906515580736 0.018131868131868133 0.05807365439093484