42 0.17768147345612134 0.010130246020260492 0.06067172264355363 0.020260492040520984
42 0.3429035752979415 0.04630969609261939 0.059588299024918745 0.07525325615050651
42 0.4528710725893825 0.1577424023154848 0.05417118093174431 0.08104196816208394
42 0.3120260021668472 0.46599131693198265 0.03466955579631636 0.04052098408104197
42 0.2800650054171181 0.12011577424023155 0.03791982665222102 0.04341534008683068
95 0.05417118093174431 0.47467438494934877 0.02600216684723727 0.0694645441389291
56 0.4301191765980498 0.1150506512301013 0.02600216684723727 0.04630969609261939
3 0.570964247020585 0.4073806078147612 0.030335861321776816 0.04775687409551375
46 0.5704225352112676 0.14327062228654125 0.020585048754062838 0.04341534008683068
46 0.7199349945828819 0.14688856729377714 0.02275189599133261 0.04630969609261939
46 0.875406283856988 0.14254703328509408 0.023835319609967497 0.04486251808972504
46 0.9967497291440953 0.4971056439942113 0.0065005417118093175 0.02170767004341534
46 0.8526543878656555 0.49855282199710566 0.02600216684723727 0.02170767004341534
46 0.7004333694474539 0.5 0.027085590465872156 0.01881331403762663
46 0.5482123510292525 0.49855282199710566 0.023835319609967497 0.02170767004341534
3 0.8770314192849404 0.36034732272069464 0.03358613217768147 0.04341534008683068
3 0.7253521126760564 0.38060781476121563 0.0314192849404117 0.04630969609261939
42 0.5113759479956663 0.48842257597684513 0.03683640303358613 0.041968162083936326
42 0.5113759479956663 0.14399421128798842 0.03683640303358613 0.05065123010130246
42 0.6153846153846154 0.017366136034732273 0.03466955579631636 0.03473227206946455
42 0.7670639219934995 0.01808972503617945 0.03683640303358613 0.0361794500723589
42 0.9198266522210184 0.019536903039073805 0.03466955579631636 0.03907380607814761
42 0.9696641386782232 0.48914616497829233 0.041170097508125676 0.04052098408104197
42 0.6625135427952329 0.48842257597684513 0.04225352112676056 0.041968162083936326
7 0.7854821235102926 0.05788712011577424 0.047670639219934995 0.04052098408104197
7 0.9420368364030336 0.05499276410998553 0.04550379198266522 0.03907380607814761
7 0.6348862405200434 0.05426917510853835 0.05308775731310943 0.03328509406657019
42 0.661430119176598 0.14327062228654125 0.03791982665222102 0.05209840810419682
38 0.6988082340195017 0.14182344428364688 0.01950162513542795 0.03907380607814761
38 0.852112676056338 0.14327062228654125 0.01733477789815818 0.04052098408104197
38 0.9972914409534128 0.14254703328509408 0.005417118093174431 0.0361794500723589
42 0.9707475622968581 0.14544138929088277 0.03791982665222102 0.05788712011577424
42 0.8136511375947996 0.14399421128798842 0.04008667388949079 0.053545586107091175
42 0.8169014084507042 0.48986975397973953 0.03466955579631636 0.03907380607814761
38 0.5465872156013001 0.14616497829232997 0.02275189599133261 0.04052098408104197
42 0.2313109425785482 0.9942112879884226 0.0314192849404117 0.011577424023154847
42 0.2313109425785482 0.9052098408104197 0.030335861321776816 0.03762662807525326
42 0.18797399783315277 0.9623733719247467 0.032502708559046585 0.0361794500723589
29 0.11917659804983749 0.8625180897250362 0.06175514626218852 0.049204052098408106
22 0.14084507042253522 0.918958031837916 0.028169014084507043 0.03907380607814761
22 0.14138678223185266 0.808972503617945 0.021668472372697724 0.0361794500723589
46 0.14138678223185266 0.7387843704775687 0.021668472372697724 0.04775687409551375
1 0.06933911159263272 0.9717800289435601 0.06933911159263272 0.056439942112879886
1 0.17876489707475623 0.7908827785817656 0.06175514626218852 0.05209840810419682
47 0.024918743228602384 0.9247467438494935 0.027085590465872156 0.05788712011577424
42 0.08017334777898158 0.8010130246020261 0.0552546045503792 0.0824891461649783
47 0.7226435536294691 0.8639652677279306 0.050920910075839654 0.04486251808972504
47 0.8981581798483207 0.7597684515195369 0.02925243770314193 0.07670043415340087
42 0.9382448537378115 0.5542691751085383 0.03683640303358613 0.03473227206946455