42 0.20041691483025612 0.4025487256371814 0.036628945801072066 0.034482758620689655
42 0.28469326980345444 0.29685157421289354 0.03484216795711733 0.03523238380809595
42 0.3927933293627159 0.27061469265367316 0.03484216795711733 0.03673163418290855
42 0.36926742108397853 0.08320839580209895 0.03752233472304944 0.04047976011994003
42 0.2671232876712329 0.044977511244377814 0.036628945801072066 0.038980509745127435
42 0.2617629541393687 0.17766116941529236 0.019058963668850508 0.015742128935532233
42 0.4187016081000596 0.14767616191904048 0.016974389517569983 0.020239880059970013
42 0.2751637879690292 0.3275862068965517 0.019058963668850508 0.01649175412293853
42 0.36092912447885644 0.328335832083958 0.016974389517569983 0.019490254872563718
3 0.27665276950565815 0.4107946026986507 0.01846337105419893 0.017241379310344827
3 0.3427635497319833 0.02848575712143928 0.02144133412745682 0.027736131934032984
93 0.3704586063132817 0.21739130434782608 0.032459797498511016 0.03673163418290855
93 0.3826682549136391 0.1409295352323838 0.03156640857653365 0.034482758620689655
93 0.35020845741512807 0.3800599700149925 0.03365098272781417 0.038980509745127435
47 0.20041691483025612 0.17616191904047976 0.026503871351995237 0.01424287856071964
47 0.44848123883263846 0.14842578710644677 0.015783204288266826 0.026986506746626688
47 0.35973793924955333 0.2946026986506747 0.02531268612269208 0.014992503748125937
1 0.4175104228707564 0.3658170914542729 0.0273972602739726 0.046476761619190406
1 0.4032162001191185 0.0239880059970015 0.02799285288862418 0.043478260869565216
1 0.31804645622394284 0.2608695652173913 0.025908278737343658 0.04422788605697151
17 0.5125074449076832 0.3313343328335832 0.012805241215008934 0.031484257871064465
42 0.33918999404407385 0.11694152923538231 0.01786777843954735 0.018740629685157422
42 0.49553305539011316 0.3275862068965517 0.014592019058963668 0.017991004497751123
17 0.30941036331149496 0.23163418290854573 0.02531268612269208 0.014992503748125937
35 0.24032162001191185 0.30134932533733133 0.02144133412745682 0.024737631184407798
96 0.25044669446098866 0.41304347826086957 0.019058963668850508 0.013493253373313344
48 0.2614651578320429 0.39580209895052476 0.014592019058963668 0.01649175412293853
86 0.3957712924359738 0.36731634182908546 0.014592019058963668 0.017241379310344827
42 0.4121500893388922 0.4077961019490255 0.04705181655747469 0.0239880059970015
39 0.26354973198332343 0.11544227886056972 0.014592019058963668 0.017991004497751123
96 0.3156640857653365 0.02623688155922039 0.019058963668850508 0.022488755622188907
48 0.32549136390708755 0.04572713643178411 0.016974389517569983 0.022488755622188907
39 0.4949374627754616 0.31259370314842577 0.016974389517569983 0.012743628185907047
42 0.7450863609291245 0.3875562218890555 0.03216200119118523 0.06446776611694154
42 0.7322811197141156 0.2353823088455772 0.03275759380583681 0.07496251874062969
56 0.8159618820726623 0.13493253373313344 0.014889815366289458 0.044977511244377814
42 0.8287671232876712 0.18065967016491755 0.030375223347230494 0.07946026986506746
42 0.8930911256700417 0.12668665667166418 0.029184038117927337 0.08395802098950525
46 0.8680762358546754 0.356071964017991 0.014889815366289458 0.05997001499250375
47 0.8668850506253722 0.24512743628185907 0.014889815366289458 0.05247376311844078
1 0.8835616438356164 0.28785607196401797 0.02144133412745682 0.035982008995502246
46 0.9318046456223943 0.3568215892053973 0.017272185824895772 0.05547226386806597
42 0.9559261465157832 0.2826086956521739 0.016676593210244194 0.043478260869565216
29 0.9198927933293627 0.17841079460269865 0.03633114949374628 0.044977511244377814
42 0.9803454437164979 0.33883058470764615 0.01429422275163788 0.05547226386806597
42 0.9791542584871947 0.22713643178410794 0.015485407980941036 0.046476761619190406
22 0.929422275163788 0.2383808095952024 0.014889815366289458 0.03298350824587706
22 0.930911256700417 0.12368815592203898 0.01429422275163788 0.03298350824587706
46 0.9297200714711138 0.05472263868065967 0.015485407980941036 0.05547226386806597
1 0.9458010720667064 0.09745127436281859 0.019654556283502083 0.034482758620689655
42 0.7701012507444908 0.017241379310344827 0.03335318642048839 0.034482758620689655
42 0.7382370458606313 0.13493253373313344 0.01846337105419893 0.041979010494752625
42 0.6816557474687314 0.027736131934032984 0.03156640857653365 0.05547226386806597
48 0.726027397260274 0.010494752623688156 0.016676593210244194 0.020989505247376312
42 0.3067301965455628 0.5487256371814093 0.041393686718284695 0.05172413793103448
42 0.3737343656938654 0.444527736131934 0.03216200119118523 0.047976011994003
1 0.416617033948779 0.44152923538230887 0.029184038117927337 0.043478260869565216
17 0.3493150684931507 0.5637181409295352 0.030077427039904705 0.022488755622188907
49 0.26533650982727813 0.5374812593703149 0.041393686718284695 0.05172413793103448
25 0.2144133412745682 0.5374812593703149 0.04466944609886837 0.05772113943028486
11 0.940738534842168 0.5367316341829086 0.048243001786777845 0.12893553223388307