95 0.28205128205128205 0.4033816425120773 0.027972027972027972 0.09822866344605476
42 0.7552447552447552 0.4468599033816425 0.06060606060606061 0.0853462157809984
42 0.87004662004662 0.26006441223832527 0.06293706293706294 0.0853462157809984
7 0.8292540792540792 0.14251207729468598 0.06293706293706294 0.05636070853462158
22 0.8374125874125874 0.05394524959742351 0.026806526806526808 0.040257648953301126
22 0.8933566433566433 0.143317230273752 0.026806526806526808 0.03864734299516908
49 0.6870629370629371 0.428341384863124 0.07342657342657342 0.10305958132045089
17 0.8286713286713286 0.47342995169082125 0.04428904428904429 0.0322061191626409
25 0.6037296037296037 0.428341384863124 0.06993006993006994 0.0998389694041868
47 0.17715617715617715 0.8631239935587761 0.054778554778554776 0.0499194847020934
47 0.36596736596736595 0.7471819645732689 0.03146853146853147 0.0853462157809984
42 0.4090909090909091 0.5185185185185185 0.039627039627039624 0.03864734299516908
93 0.9796037296037297 0.8784219001610306 0.04079254079254079 0.07568438003220612
1 0.9702797202797203 0.6521739130434783 0.04312354312354312 0.09500805152979067
42 0.8851981351981352 0.8760064412238325 0.0337995337995338 0.043478260869565216
42 0.8822843822843823 0.7262479871175523 0.030303030303030304 0.03542673107890499
42 0.9935897435897436 0.5756843800322061 0.01282051282051282 0.040257648953301126
42 0.8601398601398601 0.5193236714975845 0.06060606060606061 0.05958132045088567
1 0.9726107226107226 0.9581320450885669 0.04312354312354312 0.08373590982286634
22 0.8834498834498834 0.6570048309178744 0.02097902097902098 0.04669887278582931
22 0.9376456876456877 0.5756843800322061 0.029137529137529136 0.033816425120772944
22 0.8822843822843823 0.9468599033816425 0.02097902097902098 0.03542673107890499
7 0.8764568764568764 0.5837359098228664 0.06643356643356643 0.05152979066022544
7 0.8723776223776224 0.9935587761674718 0.07109557109557109 0.01288244766505636
95 0.6206293706293706 0.8438003220611916 0.05244755244755245 0.037037037037037035
35 0.5699300699300699 0.5740740740740741 0.03263403263403263 0.0644122383252818
35 0.6241258741258742 0.5780998389694042 0.03496503496503497 0.04830917874396135