42 0.5586446568201564 0.23649337410805302 0.04995655951346655 0.07543323139653414
42 0.5182450043440486 0.4413863404689093 0.04474370112945265 0.0744138634046891
42 0.5690703735881842 0.4434250764525994 0.0473501303214596 0.06880733944954129
42 0.45178105994787143 0.5825688073394495 0.04821894005212858 0.0744138634046891
42 0.17593397046046916 0.4785932721712538 0.0473501303214596 0.0779816513761468
42 0.22675933970460468 0.47910295616717635 0.05082536924413553 0.07696228338430174
42 0.17202432667245873 0.25688073394495414 0.04648132059079062 0.07951070336391437
42 0.2684622067767159 0.4031600407747197 0.023892267593397045 0.04332313965341488
42 0.474370112945265 0.36340468909276247 0.025629887054735012 0.047400611620795105
1 0.1520417028670721 0.14475025484199797 0.05690703735881842 0.059123343527013254
25 0.0677671589921807 0.25688073394495414 0.05430060816681147 0.08511722731906218
25 0.6398783666377064 0.23547400611620795 0.05082536924413553 0.08511722731906218
3 0.5907906168549087 0.3669724770642202 0.03518679409209383 0.04841997961264016
66 0.6798436142484796 0.31396534148827726 0.05690703735881842 0.08613659531090724
66 0.0686359687228497 0.3532110091743119 0.0629887054735013 0.0835881753312946
66 0.036055603822762815 0.1559633027522936 0.052562988705473504 0.09582059123343527
95 0.2576020851433536 0.08205912334352701 0.052562988705473504 0.03211009174311927
3 0.15638575152041703 0.4026503567787971 0.0317115551694179 0.052497451580020386
96 0.15551694178974804 0.35524974515800206 0.02736750651607298 0.0417940876656473
48 0.18158123370981755 0.3761467889908257 0.0421372719374457 0.035168195718654434
48 0.5690703735881842 0.3384301732925586 0.036055603822762815 0.029561671763506627
96 0.5894874022589053 0.3180428134556575 0.01998262380538662 0.05402650356778797
56 0.47741094700260645 0.5499490316004078 0.02736750651607298 0.03211009174311927
42 0.0686359687228497 0.8771661569826708 0.0677671589921807 0.07543323139653414
1 0.6685490877497828 0.9556574923547401 0.04083405734144222 0.03771661569826707
42 0.630755864465682 0.8761467889908257 0.07124239791485665 0.07849133537206932
25 0.630755864465682 0.7308868501529052 0.07298001737619461 0.08154943934760449
42 0.7636837532580365 0.7477064220183486 0.06602953953084274 0.07849133537206932
93 0.8210251954821894 0.8231396534148828 0.05560382276281494 0.06829765545361875
93 0.952215464813206 0.9592252803261978 0.059079061685490875 0.06625891946992865
42 0.896611642050391 0.8807339449541285 0.036490008688097306 0.03873598369011213
42 0.9960903562119896 0.8807339449541285 0.007819287576020852 0.03669724770642202
8 0.7715030408340573 0.8715596330275229 0.03475238922675934 0.0672782874617737
22 0.7654213727193745 0.9862385321100917 0.02432667245873154 0.027522935779816515
22 0.8392701998262381 0.8812436289500509 0.026064291920069503 0.03160040774719674