42 0.10839817547625435 0.10094637223974763 0.027770324657901798 0.04574132492113565
42 0.06412664341293266 0.21293375394321767 0.030319291655486986 0.0417981072555205
42 0.18916018245237456 0.2058359621451104 0.026831231553528307 0.04337539432176656
42 0.20861282532868258 0.3414826498422713 0.027770324657901798 0.04337539432176656
42 0.35095250872015027 0.31230283911671924 0.030855916286557553 0.04652996845425868
42 0.4262141132277972 0.29258675078864355 0.02884357392004293 0.04337539432176656
42 0.3796619264824255 0.1837539432176656 0.029246042393345856 0.04574132492113565
42 0.4875234773276093 0.3746056782334385 0.03125838475986048 0.04416403785488959
42 0.2794472766299973 0.1774447949526814 0.012074054199087738 0.02365930599369085
42 0.3021196672927287 0.37381703470031546 0.015159645827743493 0.021293375394321766
42 0.1656828548430373 0.19400630914826497 0.012610678830158305 0.02365930599369085
42 0.165414542527502 0.3020504731861199 0.014623021196672928 0.021293375394321766
25 0.046954655218674535 0.09936908517350158 0.03125838475986048 0.050473186119873815
25 0.039441910383686614 0.3659305993690852 0.03233163402200161 0.052050473186119876
49 0.046015562114301044 0.1632492113564669 0.03742956801717199 0.04652996845425868
3 0.09927555674805473 0.19558359621451105 0.019720955191843307 0.022870662460567823
3 0.39227260531258384 0.278391167192429 0.020660048296216798 0.026813880126182965
93 0.24912798497451033 0.3138801261829653 0.027770324657901798 0.04022082018927445
93 0.30694928897236384 0.32886435331230285 0.02629460692245774 0.03943217665615142
93 0.12583847598604775 0.28785488958990535 0.029246042393345856 0.0417981072555205
49 0.4342634826938557 0.24605678233438485 0.03380735175744567 0.044952681388012616
47 0.2803863697343708 0.10015772870662461 0.01059833646364368 0.033123028391167195
47 0.3015830426616582 0.4116719242902208 0.02025757982291387 0.01971608832807571
47 0.19103836866112153 0.30047318611987384 0.011671585725784814 0.031545741324921134
1 0.136973437080762 0.3722397476340694 0.035417225650657365 0.03391167192429022
1 0.39589482157231015 0.3548895899053628 0.03286825865307218 0.03470031545741325
1 0.21625972632143817 0.2476340694006309 0.03340488328414274 0.032334384858044164
17 0.1631338878454521 0.4913249211356467 0.023745639924872552 0.015772870662460567
17 0.4196404614971827 0.3430599369085173 0.01059833646364368 0.032334384858044164
42 0.32532868258653075 0.2744479495268139 0.014086396565602361 0.022082018927444796
42 0.16595116715857258 0.47003154574132494 0.013683928092299437 0.018138801261829655
25 0.43319023343171453 0.1861198738170347 0.03286825865307218 0.0528391167192429
17 0.23826133619533135 0.23659305993690852 0.011671585725784814 0.031545741324921134
35 0.18567212235041589 0.15063091482649843 0.018647705929702173 0.026813880126182965
96 0.09900724443251946 0.1632492113564669 0.014086396565602361 0.02365930599369085
48 0.11389857794472766 0.17665615141955837 0.012610678830158305 0.018138801261829655
1 0.49154816206063856 0.42665615141955837 0.03340488328414274 0.02917981072555205
86 0.13590018781862087 0.34542586750788645 0.01314730346122887 0.018138801261829655
42 0.09578749664609605 0.3659305993690852 0.03689294338610142 0.05914826498422713
39 0.32667024416420715 0.17902208201892744 0.013683928092299437 0.018138801261829655
96 0.3941507915213308 0.2444794952681388 0.017171988194258116 0.02365930599369085
48 0.37939361416689027 0.25709779179810727 0.017171988194258116 0.021293375394321766
39 0.17708612825328682 0.4692429022082019 0.00965924335927019 0.021293375394321766
42 0.1964046149718272 0.6805993690851735 0.022001609873893213 0.1277602523659306
42 0.2448349879259458 0.9652996845425867 0.011537429568017172 0.06624605678233439
42 0.3104373490743225 0.7365930599369085 0.011805741883552455 0.07255520504731862
93 0.2858867722028441 0.6632492113564669 0.0174403005097934 0.09305993690851735
93 0.2760933726858063 0.8548895899053628 0.020391735980681513 0.1167192429022082
42 0.3269385564797424 0.8682965299684543 0.022269922189428495 0.13406940063091483
8 0.2464448618191575 0.7239747634069401 0.012610678830158305 0.11987381703470032
22 0.2555674805473571 0.5181388012618297 0.009390931043734908 0.03627760252365931
46 0.18526965387711297 0.5212933753943217 0.01046418030587604 0.04258675078864353
93 0.41709149449959754 0.8178233438485805 0.019586799034075664 0.10883280757097792
42 0.44325194526428763 0.8951104100946372 0.009390931043734908 0.07255520504731862
93 0.44352025757982294 0.9881703470031545 0.020391735980681513 0.02365930599369085
1 0.4015293801985511 0.972397476340694 0.012074054199087738 0.055205047318611984
7 0.3632948752347733 0.8801261829652997 0.012342366514623022 0.14195583596214512
1 0.22846793667829354 0.9069400630914827 0.02092836061175208 0.06624605678233439
86 0.33243895894821573 0.9692429022082019 0.010732492621411323 0.061514195583596214
86 0.3941507915213308 0.7949526813880127 0.016098738932116986 0.06782334384858044
86 0.2700563455862624 0.6293375394321766 0.014757177354440569 0.0914826498422713
86 0.291923799302388 0.831230283911672 0.01663536356318755 0.09779179810725552