42 0.27712264150943394 0.02516309412861137 0.04304245283018868 0.05032618825722274
42 0.3944575471698113 0.07222739981360671 0.04186320754716981 0.06337371854613234
42 0.3944575471698113 0.016309412861136997 0.03891509433962264 0.032618825722273995
42 0.4740566037735849 0.16635601118359739 0.04186320754716981 0.0684995340167754
42 0.41509433962264153 0.5521901211556384 0.044221698113207544 0.05498602050326188
42 0.41568396226415094 0.48602050326188256 0.04363207547169811 0.07222739981360671
42 0.28891509433962265 0.5549860205032618 0.04481132075471698 0.049394221808014914
42 0.37264150943396224 0.42684063373718545 0.024764150943396228 0.03401677539608574
42 0.34964622641509435 0.13466915191053122 0.02653301886792453 0.03681267474370923
1 0.22523584905660377 0.5657036346691519 0.033608490566037735 0.027958993476234855
95 0.18985849056603774 0.4422180801491146 0.018278301886792452 0.07455731593662628
3 0.3720518867924528 0.5717614165890028 0.030070754716981132 0.015843429636533086
96 0.3449292452830189 0.5736253494874185 0.02358490566037736 0.012115563839701771
48 0.35672169811320753 0.5493942218080149 0.020047169811320754 0.06057781919850885
48 0.33549528301886794 0.0130475302889096 0.017099056603773585 0.025629077353215284
56 0.45577830188679247 0.13047530288909598 0.018278301886792452 0.0391425908667288
25 0.7794811320754716 0.4119291705498602 0.10613207547169812 0.08108108108108109
42 0.9628537735849056 0.2982292637465051 0.07429245283018868 0.08014911463187326
49 0.9622641509433962 0.4109972041006524 0.07547169811320754 0.08574091332712022
96 0.05660377358490566 0.9743709226467847 0.03537735849056604 0.032618825722273995
3 0.09905660377358491 0.9753028890959925 0.04009433962264151 0.04007455731593663
42 0.09846698113207547 0.8630009319664492 0.03419811320754717 0.0260950605778192
42 0.05070754716981132 0.8038210624417521 0.06367924528301887 0.045666356011183594
42 0.028891509433962265 0.706430568499534 0.05778301886792453 0.046598322460391424
56 0.19103773584905662 0.6439888164026095 0.0294811320754717 0.027958993476234855
42 0.21639150943396226 0.6724137931034483 0.060141509433962265 0.049394221808014914
42 0.34375 0.6388630009319665 0.05778301886792453 0.0521901211556384
42 0.16096698113207547 0.9515377446411929 0.060141509433962265 0.05032618825722274
48 0.07252358490566038 0.9473438956197577 0.0294811320754717 0.0195712954333644
46 0.29422169811320753 0.7814538676607642 0.0294811320754717 0.03727865796831314
47 0.2918632075471698 0.7124883504193849 0.0294811320754717 0.032618825722273995
1 0.3248820754716981 0.739049394221808 0.04245283018867924 0.022367194780987885
46 0.4204009433962264 0.7819198508853681 0.03419811320754717 0.034482758620689655
42 0.4681603773584906 0.7357875116495806 0.0330188679245283 0.02702702702702703
29 0.39681603773584906 0.6710158434296365 0.07193396226415094 0.027958993476234855
42 0.5165094339622641 0.7707362534948742 0.02830188679245283 0.034482758620689655
42 0.5141509433962265 0.701304753028891 0.030660377358490566 0.028890959925442685
22 0.41568396226415094 0.7082945013979497 0.0294811320754717 0.02050326188257223
22 0.4186320754716981 0.6369990680335508 0.02830188679245283 0.02050326188257223
46 0.41627358490566035 0.5955265610438024 0.030660377358490566 0.03168685927306617
1 0.4481132075471698 0.6206896551724138 0.03891509433962264 0.021435228331780055
42 0.03714622641509434 0.6439888164026095 0.036556603773584904 0.0260950605778192
42 0.7193396226415094 0.8765144454799627 0.027122641509433963 0.027958993476234855
42 0.8702830188679245 0.5904007455731594 0.07075471698113207 0.021435228331780055
42 0.7169811320754716 0.6542404473438956 0.03419811320754717 0.02702702702702703
93 0.7694575471698113 0.6039142590866728 0.060141509433962265 0.048462255358807084
1 0.6751179245283019 0.9212488350419384 0.04245283018867924 0.06244175209692451
1 0.6745283018867925 0.6994408201304753 0.041273584905660375 0.05871388630009319