42 0.2126362735381566 0.20074721780604132 0.05447968285431123 0.09187599364069951
42 0.12602576808721505 0.42527821939586646 0.05903865213082259 0.08465818759936407
42 0.3712685827552032 0.4121462639109698 0.05252725470763132 0.08689984101748803
42 0.4095540138751239 0.6830524642289348 0.05466798810703664 0.08686804451510331
42 0.688394449950446 0.6238155802861686 0.06124876114965307 0.09468998410174873
42 0.8358473736372646 0.5857710651828298 0.05646184340931618 0.08785373608903019
42 0.7449554013875124 0.36783783783783786 0.0575421209117938 0.09198728139904613
42 0.9563330029732409 0.7485850556438792 0.06124876114965307 0.08841017488076314
42 0.5481169474727452 0.35421303656597775 0.02448959365708626 0.048441971383147896
42 0.5924975222993063 0.7479968203497616 0.02944499504459865 0.04158982511923683
42 0.3248265609514371 0.38823529411764707 0.02488602576808723 0.04723370429252784
42 0.3245490584737364 0.6033704292527822 0.02940535183349847 0.04158982511923683
25 0.09205153617443013 0.19941176470588237 0.06220019821605549 0.1014308426073132
25 0.07742319127849356 0.7317965023847377 0.06341922695738356 0.10287758346581882
49 0.09025768087215064 0.3259618441971383 0.0738453914767096 0.0937837837837838
3 0.19450941526263626 0.3921303656597774 0.03854311199207135 0.04688394276629568
3 0.769623389494549 0.5568839427662957 0.04085232903865216 0.054546899841017404
93 0.4883746283448959 0.6269793322734499 0.054846382556987094 0.0806359300476948
93 0.6022993062438058 0.657154213036566 0.05158572844400392 0.07988871224165342
93 0.24675916749256688 0.5762957074721781 0.05669970267591673 0.08519872813990466
49 0.8519127849355799 0.49324324324324326 0.06573835480673927 0.09022257551669316
47 0.5501090188305252 0.20027027027027028 0.02086223984142711 0.06648648648648647
47 0.5916749256689792 0.8225278219395866 0.040505450941526154 0.03992050874403809
47 0.3745787908820614 0.599872813990461 0.022804757185332 0.06311605723370436
1 0.26851337958374627 0.7451987281399046 0.06972249752229932 0.06858505564387915
1 0.7762735381565907 0.7088553259141495 0.0649256689791873 0.06923688394276623
1 0.4242319127849356 0.494912559618442 0.06571853320118935 0.06503974562798087
17 0.32031714568880076 0.9834022257551669 0.04634291377601585 0.03165341812400649
17 0.8229435084241824 0.6865341812400636 0.020505450941526317 0.06534181240063597
42 0.638414271555996 0.5484578696343403 0.028116947472745183 0.04581875993640708
42 0.32572844400396433 0.9404610492845786 0.02670961347869182 0.03542130365659773
25 0.8499405351833499 0.37192368839427664 0.06377601585728435 0.10513513513513513
17 0.46741328047571856 0.4737042925278219 0.023092170465807686 0.06337042925278222
35 0.36422200198216054 0.3004769475357711 0.036669970267591674 0.05405405405405406
96 0.19425173439048563 0.32591414944356123 0.027750247770069375 0.04769475357710652
48 0.22348860257680872 0.3537360890302067 0.024777006937561942 0.03656597774244833
1 0.9643211100099108 0.8529411764705882 0.06541129831516353 0.058823529411764705
86 0.2666005946481665 0.690779014308426 0.02576808721506442 0.03656597774244833
42 0.18790882061446976 0.731335453100159 0.07282457879088208 0.1181240063593004
39 0.6405649157581764 0.3588712241653418 0.02670961347869182 0.036406995230524604
96 0.7731020812685827 0.4896820349761526 0.033518334985133735 0.04818759936406986
48 0.7444995044598612 0.5142607313195549 0.03352824578790875 0.04282988871224174
39 0.34737363726461845 0.93879173290938 0.018830525272547076 0.04292527821939587