42 0.30549792531120334 0.18850806451612903 0.027489626556016597 0.05997983870967742
42 0.2837136929460581 0.35181451612903225 0.02437759336099585 0.05897177419354839
42 0.3112033195020747 0.3533266129032258 0.025933609958506226 0.05493951612903226
42 0.2474066390041494 0.4642137096774194 0.026452282157676348 0.05897177419354839
42 0.09647302904564316 0.3810483870967742 0.025933609958506226 0.0625
42 0.12396265560165975 0.38205645161290325 0.028008298755186723 0.06098790322580645
42 0.09439834024896265 0.20463709677419356 0.0254149377593361 0.06350806451612903
42 0.14678423236514523 0.32106854838709675 0.012966804979253113 0.034274193548387094
42 0.25933609958506226 0.28931451612903225 0.014004149377593362 0.03780241935483871
1 0.08298755186721991 0.11542338709677419 0.03112033195020747 0.047379032258064516
25 0.03682572614107884 0.20463709677419356 0.029564315352697094 0.06754032258064516
25 0.350103734439834 0.1875 0.028008298755186723 0.06754032258064516
3 0.32313278008298757 0.2923387096774194 0.019190871369294607 0.03881048387096774
66 0.37188796680497926 0.25 0.03112033195020747 0.06854838709677419
66 0.037863070539419084 0.28125 0.03423236514522822 0.06653225806451613
66 0.01970954356846473 0.12399193548387097 0.028526970954356846 0.07610887096774194
95 0.14107883817427386 0.0655241935483871 0.028526970954356846 0.025705645161290324
3 0.08558091286307054 0.32056451612903225 0.017634854771784232 0.041834677419354836
96 0.08506224066390042 0.28276209677419356 0.01504149377593361 0.03326612903225806
48 0.0995850622406639 0.29939516129032256 0.022821576763485476 0.027721774193548387
48 0.3112033195020747 0.2696572580645161 0.01970954356846473 0.023689516129032258
96 0.32261410788381745 0.2535282258064516 0.010892116182572614 0.04284274193548387
56 0.26089211618257263 0.4380040322580645 0.01504149377593361 0.025705645161290324
46 0.7033195020746889 0.12449596774193548 0.03112033195020747 0.03931451612903226
46 0.7033195020746889 0.36139112903225806 0.024896265560165973 0.046370967741935484
46 0.7712655601659751 0.49798387096774194 0.0487551867219917 0.02217741935483871
39 0.8008298755186722 0.17237903225806453 0.029045643153526972 0.036290322580645164
39 0.8008298755186722 0.31502016129032256 0.03112033195020747 0.037298387096774195
42 0.7012448132780082 0.24243951612903225 0.1016597510373444 0.09173387096774194
42 0.008817427385892116 0.8079637096774194 0.017634854771784232 0.055443548387096774
7 0.06016597510373444 0.7731854838709677 0.04771784232365145 0.056451612903225805
22 0.11670124481327801 0.7782258064516129 0.03630705394190872 0.03024193548387097
42 0.1654564315352697 0.78125 0.026970954356846474 0.036290322580645164
42 0.241701244813278 0.7782258064516129 0.03734439834024896 0.03024193548387097
42 0.35114107883817425 0.9037298387096774 0.032157676348547715 0.03326612903225806
1 0.37655601659751037 0.8664314516129032 0.04564315352697095 0.029233870967741934
29 0.3433609958506224 0.7767137096774194 0.04045643153526971 0.06149193548387097
22 0.2920124481327801 0.7797379032258065 0.032157676348547715 0.037298387096774195
25 0.137448132780083 0.8694556451612904 0.05705394190871369 0.06149193548387097
42 0.058091286307053944 0.8991935483870968 0.03319502074688797 0.04032258064516129
22 0.05653526970954357 0.8256048387096774 0.028008298755186723 0.034274193548387094
42 0.6887966804979253 0.9198588709677419 0.05186721991701245 0.04032258064516129
42 0.9875518672199171 0.9662298387096774 0.024896265560165973 0.06754032258064516
46 0.7816390041493776 0.6401209677419355 0.04253112033195021 0.05040322580645161
46 0.8620331950207469 0.5685483870967742 0.058091286307053944 0.03528225806451613
46 0.9683609958506224 0.5655241935483871 0.05912863070539419 0.038306451612903226
94 0.9372406639004149 0.7081653225806451 0.07987551867219916 0.02721774193548387
22 0.9149377593360996 0.65625 0.032157676348547715 0.04032258064516129
94 0.979253112033195 0.7434475806451613 0.04149377593360996 0.019153225806451613
102 0.9885892116182573 0.78125 0.022821576763485476 0.056451612903225805
46 0.9159751037344398 0.7348790322580645 0.04564315352697095 0.05040322580645161