42 0.1927651139742319 0.35141509433962265 0.05847373637264618 0.0959119496855346
42 0.35232903865213083 0.4410377358490566 0.057482656095143705 0.09119496855345911
42 0.3607532210109019 0.1289308176100629 0.02973240832507433 0.03773584905660377
42 0.11546085232903865 0.19968553459119498 0.026759167492566897 0.04716981132075472
3 0.23389494549058473 0.46855345911949686 0.03369672943508424 0.040880503144654086
93 0.19078295341922696 0.03852201257861635 0.05054509415262636 0.0770440251572327
93 0.17195242814667988 0.21462264150943397 0.049554013875123884 0.08176100628930817
47 0.4568880079286422 0.1320754716981132 0.04162537165510406 0.0330188679245283
47 0.0688800792864222 0.19811320754716982 0.024777006937561942 0.06289308176100629
1 0.13974231912784935 0.46462264150943394 0.04360753221010902 0.04874213836477988
42 0.2398414271555996 0.2720125786163522 0.027750247770069375 0.0440251572327044
17 0.28642220019821607 0.009433962264150943 0.03964321110009911 0.018867924528301886
39 0.3582755203171457 0.2759433962264151 0.022794846382556987 0.04245283018867924
96 0.27651139742319125 0.4740566037735849 0.02973240832507433 0.029874213836477988
48 0.26114965312190286 0.44025157232704404 0.026759167492566897 0.05345911949685535
42 0.9841427155599604 0.2908805031446541 0.030723488602576808 0.04245283018867924
47 0.9375619425173439 0.29323899371069184 0.026759167492566897 0.059748427672955975
25 0.08275520317145689 0.4992138364779874 0.036669970267591674 0.020440251572327043
22 0.8478691774033696 0.6139937106918238 0.02576808721506442 0.03773584905660377
25 0.8815659068384539 0.9795597484276729 0.06442021803766106 0.040880503144654086