42 0.18148395721925134 0.2582758620689655 0.033199643493761144 0.022758620689655173
42 0.25813279857397503 0.1906896551724138 0.03163992869875223 0.022758620689655173
42 0.3560606060606061 0.17413793103448275 0.03163992869875223 0.023448275862068966
42 0.33478163992869875 0.05344827586206897 0.0338680926916221 0.02620689655172414
42 0.24231283422459893 0.028965517241379312 0.033311051693404634 0.02482758620689655
42 0.2374108734402852 0.11413793103448276 0.017268270944741534 0.010344827586206896
42 0.37967914438502676 0.09482758620689655 0.015485739750445633 0.012758620689655173
42 0.24944295900178254 0.2103448275862069 0.017268270944741534 0.010689655172413793
42 0.3273172905525847 0.21068965517241378 0.015485739750445633 0.012413793103448275
3 0.25089126559714797 0.26413793103448274 0.016711229946524065 0.011034482758620689
3 0.3107174688057041 0.018275862068965518 0.01949643493761141 0.017586206896551725
93 0.3360071301247772 0.1396551724137931 0.02930035650623886 0.023448275862068966
93 0.34692513368983957 0.0906896551724138 0.02874331550802139 0.022413793103448276
93 0.3176247771836007 0.24448275862068966 0.030414438502673797 0.02482758620689655
47 0.18159536541889484 0.11310344827586206 0.024175579322638144 0.00896551724137931
47 0.4066399286987522 0.09517241379310344 0.014371657754010695 0.017241379310344827
47 0.32620320855614976 0.1889655172413793 0.022950089126559714 0.01
1 0.3785650623885918 0.23482758620689656 0.024732620320855617 0.03
1 0.36553030303030304 0.015172413793103448 0.025289661319073085 0.02793103448275862
1 0.28832442067736186 0.16758620689655174 0.023618538324420676 0.028275862068965516
17 0.46479500891265596 0.21275862068965518 0.011475044563279857 0.02
42 0.3074866310160428 0.07517241379310345 0.016042780748663103 0.01206896551724138
42 0.44919786096256686 0.2103448275862069 0.013257575757575758 0.011724137931034483
17 0.2805258467023173 0.1489655172413793 0.022950089126559714 0.01
35 0.2178030303030303 0.19344827586206897 0.01949643493761141 0.015862068965517243
96 0.22693850267379678 0.26517241379310347 0.01715686274509804 0.00896551724137931
48 0.23707664884135474 0.25448275862068964 0.013257575757575758 0.010689655172413793
86 0.3589572192513369 0.23586206896551723 0.013257575757575758 0.011034482758620689
42 0.37355169340463457 0.2617241379310345 0.042557932263814616 0.015862068965517243
39 0.23885918003565063 0.07379310344827586 0.013257575757575758 0.011724137931034483
96 0.28620766488413546 0.016551724137931035 0.017268270944741534 0.014482758620689656
48 0.29512032085561496 0.029310344827586206 0.015485739750445633 0.014482758620689656
39 0.4486408199643494 0.2006896551724138 0.015485739750445633 0.008275862068965517