42 0.43187889581478184 0.021763392857142856 0.03628673196794301 0.04352678571428571
42 0.3495102404274265 0.15513392857142858 0.03428317008014248 0.044642857142857144
42 0.24309884238646481 0.1875 0.03428317008014248 0.04631696428571429
42 0.2660284951024043 0.42410714285714285 0.03673196794300979 0.05133928571428571
42 0.36665182546749775 0.4720982142857143 0.03628673196794301 0.048549107142857144
42 0.3717720391807658 0.3052455357142857 0.018699910952804988 0.020089285714285716
42 0.21749777382012467 0.3431919642857143 0.016918967052537846 0.025111607142857144
42 0.358860195903829 0.11607142857142858 0.018699910952804988 0.021205357142857144
42 0.2742653606411398 0.11551339285714286 0.016918967052537846 0.024553571428571428
3 0.35730186999109526 0.011160714285714286 0.018032056990204808 0.021763392857142856
3 0.2922974176313446 0.49330357142857145 0.021148708815672306 0.03459821428571429
93 0.2649154051647373 0.25502232142857145 0.031834372217275156 0.04631696428571429
93 0.2531166518254675 0.3510044642857143 0.031166518254674976 0.04352678571428571
93 0.28472840605520927 0.04966517857142857 0.033170080142475515 0.048549107142857144
47 0.43232413178984863 0.30691964285714285 0.02626892252894034 0.017857142857142856
47 0.18811219946571683 0.34207589285714285 0.015583259127337488 0.033482142857142856
47 0.2753784505788068 0.15792410714285715 0.024933214603739984 0.01953125
1 0.21861086375779162 0.06808035714285714 0.026936776491540516 0.05915178571428571
1 0.23263579697239536 0.49888392857142855 0.027382012466607302 0.0546875
1 0.3165627782724844 0.20033482142857142 0.02560106856634016 0.05524553571428571
17 0.12511130899376668 0.11160714285714286 0.012466607301869992 0.03962053571428571
42 0.2958593054318789 0.38169642857142855 0.017364203027604632 0.0234375
42 0.14203027604630455 0.11662946428571429 0.014247551202137132 0.022879464285714284
17 0.3250222617987533 0.23660714285714285 0.024933214603739984 0.01953125
35 0.3931433659839715 0.14955357142857142 0.021148708815672306 0.03125
96 0.3831255565449688 0.008370535714285714 0.018699910952804988 0.016741071428571428
48 0.3722172751558326 0.030133928571428572 0.014247551202137132 0.021205357142857144
86 0.23998219056099732 0.06640625 0.014247551202137132 0.021763392857142856
42 0.22395369545859306 0.015066964285714286 0.046081923419412286 0.030133928571428572
39 0.37021371326803204 0.38392857142857145 0.014247551202137132 0.022879464285714284
96 0.3187889581478183 0.49609375 0.018699910952804988 0.028459821428571428
48 0.30921638468388246 0.4720982142857143 0.016918967052537846 0.028459821428571428
39 0.14247551202137132 0.13504464285714285 0.016918967052537846 0.016183035714285716
93 0.9334372217275155 0.5094866071428571 0.033392698130008905 0.0390625
22 0.8615316117542298 0.017857142857142856 0.016028495102404273 0.03571428571428571