42 0.037165510406342916 0.29386590584878747 0.05252725470763132 0.07845934379457917
42 0.0753221010901883 0.5370898716119828 0.05450941526263627 0.07845934379457917
42 0.3543111992071358 0.4843081312410842 0.06045589692765114 0.08416547788873038
42 0.48166501486620417 0.4500713266761769 0.015857284440039643 0.07845934379457917
42 0.410802775024777 0.25463623395149787 0.057482656095143705 0.08273894436519258
42 0.21407333994053518 0.24251069900142652 0.023785926660059464 0.042796005706134094
42 0.25867195242814667 0.5955777460770328 0.02973240832507433 0.03851640513552068
3 0.43557978196233893 0.4243937232524964 0.040634291377601585 0.04850213980028531
93 0.15460852329038652 0.4871611982881598 0.05450941526263627 0.07275320970042796
93 0.26808721506442024 0.514265335235378 0.05153617443012884 0.07132667617689016
47 0.21605550049554015 0.10413694721825963 0.02081268582755203 0.05991440798858773
47 0.2576808721506442 0.6619115549215406 0.03964321110009911 0.034236804564907276
47 0.040634291377601585 0.4629101283880171 0.022794846382556987 0.05706134094151213
1 0.4425173439048563 0.5606276747503567 0.06442021803766106 0.06276747503566334
1 0.09018830525272548 0.36875891583452214 0.06541129831516353 0.05848787446504993
17 0.48414271555996036 0.5399429386590585 0.010901883052527254 0.05848787446504993
42 0.30426164519326065 0.4165477888730385 0.027750247770069375 0.039942938659058486
17 0.13330029732408324 0.34950071326676174 0.022794846382556987 0.05706134094151213
35 0.03022794846382557 0.19400855920114124 0.036669970267591674 0.04850213980028531
39 0.30673934588701685 0.24607703281027105 0.026759167492566897 0.03281027104136947
96 0.4390485629335976 0.3637660485021398 0.03369672943508424 0.042796005706134094
48 0.4103072348860258 0.38587731811697573 0.03369672943508424 0.03851640513552068
42 0.4222001982160555 0.9942938659058488 0.023785926660059464 0.011412268188302425
7 0.12537165510406342 0.9764621968616263 0.03270564915758176 0.047075606276747506
7 0.34886025768087214 0.9771754636233951 0.031714568880079286 0.0456490727532097
42 0.1937561942517344 0.9914407988587732 0.026759167492566897 0.017118402282453638
22 0.38354806739345887 0.9942938659058488 0.02576808721506442 0.011412268188302425
22 0.45837462834489595 0.9964336661911555 0.026759167492566897 0.007132667617689016
22 0.232408325074331 0.9935805991440799 0.024777006937561942 0.012838801711840228
22 0.15758176412289396 0.9935805991440799 0.02180376610505451 0.012838801711840228
42 0.7641228939544104 0.7403708987161198 0.05946481665014866 0.07988587731811697
42 0.8067393458870169 0.9022824536376605 0.05946481665014866 0.07560627674750357
46 0.6303270564915758 0.8323823109843081 0.04162537165510406 0.047075606276747506
46 0.6303270564915758 0.985021398002853 0.04162537165510406 0.029957203994293864
46 0.763627353815659 0.985021398002853 0.044598612487611496 0.029957203994293864
46 0.8523290386521308 0.985021398002853 0.03964321110009911 0.029957203994293864
47 0.7086223984142715 0.8352353780313837 0.04757185332011893 0.03281027104136947
22 0.7259663032705649 0.9835948644793152 0.022794846382556987 0.03281027104136947
22 0.7998017839444995 0.9843081312410842 0.02576808721506442 0.03138373751783167
39 0.7641228939544104 0.9293865905848787 0.027750247770069375 0.03851640513552068
1 0.8171456888007929 0.9885877318116976 0.04261645193260654 0.02282453637660485
1 0.6704658077304262 0.8944365192582026 0.040634291377601585 0.10413694721825963
56 0.7918731417244796 0.7097004279600571 0.04261645193260654 0.052781740370898715