25 0.5843086419753086 0.1716047548291233 0.07945679012345681 0.09555720653789003
25 0.4046666666666666 0.8233729569093611 0.07681481481481485 0.09153046062407119
42 0.6463827160493828 0.8491827637444279 0.0664197530864197 0.08040118870728068
42 0.43525925925925923 0.47527488855869243 0.028271604938271577 0.03591381872213961
42 0.8305555555555556 0.4359881129271917 0.025987654320987597 0.03658246656760773
42 0.8902345679012346 0.0487221396731055 0.03560493827160484 0.041307578008915304
22 0.3396913580246913 0.21735512630014858 0.03191358024691361 0.03846953937592866
46 0.3994691358024691 0.4049925705794948 0.028024691358024746 0.06043090638930162
1 0.8206666666666667 0.17784546805349183 0.0857777777777778 0.06179791976225857
1 0.7340987654320987 0.5857206537890045 0.07999999999999995 0.061976225854383414
1 0.7327160493827161 0.7109361069836553 0.07997530864197527 0.05817236255572062
17 0.8848641975308642 0.40578008915304603 0.06053086419753083 0.03888558692421985
47 0.952 0.04708766716196137 0.032950617283950684 0.06445765230312037
42 0.5241481481481481 0.8254531946508172 0.0990493827160494 0.09566121842496302
42 0.8892222222222222 0.360297176820208 0.04455555555555545 0.050282317979197584
93 0.7925925925925926 0.03194650817236255 0.08395061728395062 0.0638930163447251
42 0.716925925925926 0.17692421991084695 0.08406172839506162 0.10289747399702823
30 0.6796296296296296 0.5787518573551264 0.020987654320987655 0.05794947994056464
30 0.6790123456790124 0.6961367013372957 0.022222222222222223 0.04903417533432392
95 0.38333333333333336 0.43164933135215455 0.0654320987654321 0.022288261515601784
39 0.9487654320987654 0.4539375928677563 0.03333333333333333 0.031203566121842496
86 0.7351851851851852 0.6411589895988113 0.043209876543209874 0.04011887072808321
86 0.7333333333333333 0.5260029717682021 0.03950617283950617 0.04457652303120357