42 0.3268867924528302 0.2162962962962963 0.02169811320754717 0.035555555555555556
46 0.29952830188679247 0.14592592592592593 0.02169811320754717 0.06074074074074074
95 0.28726415094339625 0.1725925925925926 0.05 0.022222222222222223
42 0.6641509433962264 0.08296296296296296 0.06037735849056604 0.09037037037037036
42 0.7061320754716981 0.24074074074074073 0.06132075471698113 0.07555555555555556
42 0.9283018867924528 0.07925925925925927 0.02830188679245283 0.05333333333333334
42 0.9933962264150943 0.08 0.013207547169811321 0.05037037037037037
46 0.8886792452830189 0.19037037037037038 0.02169811320754717 0.05037037037037037
46 0.5570754716981132 0.33555555555555555 0.038679245283018866 0.037037037037037035
46 0.6683962264150943 0.3325925925925926 0.03490566037735849 0.035555555555555556
46 0.7481132075471698 0.3333333333333333 0.03962264150943396 0.035555555555555556
22 0.6320754716981132 0.33555555555555555 0.02358490566037736 0.037037037037037035
22 0.7047169811320755 0.33185185185185184 0.026415094339622643 0.02962962962962963
47 0.6311320754716981 0.17925925925925926 0.03773584905660377 0.04148148148148148
46 0.5580188679245283 0.17703703703703705 0.03773584905660377 0.04296296296296296
38 0.6650943396226415 0.2777777777777778 0.0330188679245283 0.04
35 0.3306603773584906 0.43777777777777777 0.0330188679245283 0.02962962962962963
35 0.3292452830188679 0.5392592592592592 0.03820754716981132 0.028148148148148148
35 0.3297169811320755 0.5985185185185186 0.037264150943396225 0.028148148148148148
42 0.7245283018867924 0.42148148148148146 0.03679245283018868 0.05185185185185185
42 0.7599056603773585 0.4614814814814815 0.033962264150943396 0.056296296296296296
42 0.8688679245283019 0.46 0.033962264150943396 0.054814814814814816
46 0.5490566037735849 0.5474074074074075 0.033962264150943396 0.02962962962962963
46 0.6462264150943396 0.5762962962962963 0.02169811320754717 0.04
42 0.7231132075471698 0.6177777777777778 0.05377358490566038 0.06814814814814815
46 0.8688679245283019 0.5140740740740741 0.016981132075471698 0.03851851851851852
46 0.9485849056603773 0.5474074074074075 0.031132075471698113 0.03111111111111111
34 0.8297169811320755 0.4437037037037037 0.0330188679245283 0.11703703703703704
65 0.714622641509434 0.9903703703703703 0.059433962264150944 0.01925925925925926