25 0.23189607517965727 0.059290953545232276 0.035378662244333885 0.07946210268948656
25 0.15146489773355445 0.578239608801956 0.03427307904919845 0.04156479217603912
42 0.2595356550580431 0.5910757946210269 0.029297954671088998 0.01589242053789731
42 0.16500829187396351 0.3092909535452323 0.01271420674405749 0.029339853300733496
42 0.3421779988944168 0.2768948655256724 0.011608623548922056 0.030562347188264057
22 0.12216694306246545 0.09718826405867971 0.014372581536760642 0.03178484107579462
46 0.1489773355444997 0.25122249388753054 0.01271420674405749 0.05012224938875306
1 0.33747927031509123 0.06418092909535453 0.03814262023217247 0.05012224938875306
1 0.29878385848535105 0.39975550122249387 0.035931453841901606 0.05134474327628362
1 0.2982310668877833 0.5030562347188264 0.035931453841901606 0.04767726161369193
17 0.3662244333886125 0.25183374083129584 0.027086788280818133 0.03178484107579462
42 0.20480928689883915 0.578239608801956 0.04477611940298507 0.04156479217603912
42 0.36843559977888335 0.2145476772616137 0.01990049751243781 0.040342298288508556
42 0.291044776119403 0.06356968215158924 0.037589828634604756 0.08557457212713937
30 0.2744610281923715 0.39425427872860636 0.009397457158651189 0.04767726161369193
30 0.2741846323935876 0.4908312958435208 0.009950248756218905 0.040342298288508556
95 0.1417910447761194 0.2732273838630807 0.029297954671088998 0.018337408312958436
86 0.29933665008291876 0.44559902200489 0.019347705914870093 0.03300733496332518
86 0.29850746268656714 0.3508557457212714 0.017689331122166942 0.03667481662591687
36 0.8139856274184633 0.02628361858190709 0.06688778330569375 0.05256723716381418
100 0.8211719181868435 0.19743276283618583 0.04919845218352681 0.07701711491442542
44 0.8208955223880597 0.4070904645476773 0.11055831951354339 0.09535452322738386
14 0.8137092316196793 0.5831295843520783 0.07407407407407407 0.03178484107579462
42 0.15201768933112217 0.7341075794621027 0.027639579878385848 0.0488997555012225
42 0.3283582089552239 0.7988997555012225 0.046987285793255944 0.09902200488997555
42 0.3761746821448314 0.886919315403423 0.027086788280818133 0.09657701711491443
42 0.3747927031509121 0.976161369193154 0.029850746268656716 0.04767726161369193
25 0.37396351575456055 0.7121026894865525 0.03150912106135987 0.10635696821515893
39 0.34991708126036486 0.991442542787286 0.013266998341625208 0.017114914425427872
42 0.3927584300718629 0.7481662591687042 0.006080707573244887 0.04645476772616137
22 0.41901603095632944 0.7481662591687042 0.01658374792703151 0.04645476772616137
46 0.4060254284134881 0.8135696821515892 0.02155887230514096 0.07823960880195599
86 0.47236042012161417 0.8606356968215159 0.02542841348811498 0.04523227383863081
29 0.46876727473742397 0.715158924205379 0.037037037037037035 0.1198044009779951
42 0.5204532891100055 0.632640586797066 0.04367053620784964 0.06723716381418093
22 0.5160309563294638 0.7524449877750611 0.01824212271973466 0.04156479217603912
46 0.5326147042564953 0.8123471882640587 0.02045328911000553 0.07212713936430318
42 0.5505804311774462 0.7518337408312958 0.024322830292979547 0.05134474327628362