25 0.5147540983606558 0.03728606356968215 0.06994535519125683 0.0745721271393643
42 0.3830601092896175 0.28484107579462103 0.025136612021857924 0.029339853300733496
42 0.7333333333333333 0.25244498777506114 0.022950819672131147 0.030562347188264057
22 0.2983606557377049 0.07273838630806846 0.02841530054644809 0.03178484107579462
46 0.3513661202185792 0.22677261613691932 0.025136612021857924 0.05012224938875306
1 0.7240437158469946 0.03973105134474328 0.07540983606557378 0.05012224938875306
1 0.6475409836065574 0.3753056234718826 0.07103825136612021 0.05134474327628362
17 0.7808743169398907 0.2273838630806846 0.053551912568306013 0.03178484107579462
42 0.7852459016393443 0.19009779951100245 0.03934426229508197 0.040342298288508556
42 0.6316939890710382 0.04095354523227384 0.07431693989071038 0.08190709046454768
30 0.5994535519125683 0.3698044009779951 0.018579234972677595 0.04767726161369193
95 0.3371584699453552 0.24877750611246943 0.05792349726775956 0.018337408312958436
39 0.8377049180327869 0.2671149144254279 0.029508196721311476 0.02567237163814181
86 0.6486338797814207 0.41687041564792177 0.03825136612021858 0.02444987775061125
86 0.6469945355191257 0.3264058679706601 0.034972677595628415 0.03667481662591687
46 0.9251366120218579 0.07334963325183375 0.04480874316939891 0.061124694376528114
25 0.35300546448087433 0.5250611246943765 0.08469945355191257 0.055623471882640586
42 0.7016393442622951 0.5409535452322738 0.08087431693989071 0.04767726161369193
30 0.7437158469945355 0.4504889975550122 0.03224043715846994 0.030562347188264057
42 0.5688524590163935 0.5250611246943765 0.08743169398907104 0.055623471882640586
29 0.8918032786885246 0.7744498777506112 0.04371584699453552 0.10880195599022005
22 0.9715846994535519 0.8050122249388753 0.03715846994535519 0.040342298288508556
1 0.9349726775956284 0.8814180929095354 0.036065573770491806 0.05134474327628362
22 0.8896174863387978 0.9297066014669927 0.03934426229508197 0.04767726161369193
42 0.8989071038251366 0.6045232273838631 0.05792349726775956 0.09168704156479218
86 0.9759562841530055 0.8471882640586798 0.048087431693989074 0.044009779951100246