25 0.09753086419753086 0.15563839701770738 0.08024691358024691 0.05964585274930102
42 0.35 0.2684063373718546 0.02962962962962963 0.021435228331780055
22 0.13580246913580246 0.3406337371854613 0.03209876543209877 0.024231127679403542
46 0.291358024691358 0.2954333643988816 0.050617283950617285 0.021435228331780055
1 0.44135802469135804 0.04287045666356011 0.05185185185185185 0.06057781919850885
1 0.5351851851851852 0.043336439888164026 0.028395061728395062 0.06057781919850885
42 0.10185185185185185 0.05591798695246971 0.08641975308641975 0.06337371854613234
30 0.43580246913580245 0.08387698042870456 0.04814814814814815 0.015843429636533086
30 0.5308641975308642 0.08387698042870456 0.037037037037037035 0.016775396085740912
95 0.3135802469135803 0.30754892823858343 0.018518518518518517 0.049394221808014914
86 0.4876543209876543 0.04193849021435228 0.03333333333333333 0.032618825722273995
86 0.39197530864197533 0.043336439888164026 0.037037037037037035 0.02982292637465051
25 0.608641975308642 0.391425908667288 0.1111111111111111 0.08108108108108109
42 0.8141975308641975 0.2781919850885368 0.1037037037037037 0.08014911463187326
49 0.8154320987654321 0.39095992544268404 0.10864197530864197 0.08574091332712022
42 0.3925925925925926 0.9165890027958994 0.0691358024691358 0.0521901211556384
1 0.2771604938271605 0.8541472506989748 0.05432098765432099 0.06616961789375582
1 0.4080246913580247 0.6132339235787512 0.050617283950617285 0.06523765144454799
1 0.5216049382716049 0.5997204100652377 0.050617283950617285 0.06803355079217148
25 0.3228395061728395 0.5023299161230196 0.07530864197530865 0.005591798695246971
1 0.22839506172839505 0.6001863932898416 0.04691358024691358 0.05684995340167754
1 0.18395061728395062 0.8536812674743709 0.04938271604938271 0.05591798695246971
17 0.029012345679012345 0.7385834109972041 0.025925925925925925 0.04193849021435228
42 0.05185185185185185 0.777260018639329 0.03209876543209877 0.024231127679403542
1 0.532716049382716 0.8723205964585274 0.03333333333333333 0.06150978564771668
1 0.3395061728395062 0.5498602050326188 0.08641975308641975 0.0391425908667288
42 0.005555555555555556 0.7325256290773532 0.011111111111111112 0.0260950605778192
42 0.3765432098765432 0.98928238583411 0.07901234567901234 0.021435228331780055
42 0.4561728395061728 0.5438024231127679 0.07654320987654321 0.06244175209692451
86 0.12777777777777777 0.8522833178005592 0.03333333333333333 0.032618825722273995
30 0.49753086419753084 0.6351351351351351 0.0345679012345679 0.0260950605778192
30 0.3549382716049383 0.6178937558247903 0.0345679012345679 0.02982292637465051
30 0.37037037037037035 0.559645852749301 0.0345679012345679 0.023299161230195712
39 0.004320987654320987 0.7092264678471575 0.008641975308641974 0.02050326188257223
39 0.2222222222222222 0.8527493010251631 0.037037037037037035 0.03168685927306617
42 0.9049382716049382 0.8685927306616962 0.06172839506172839 0.046598322460391424
42 0.7493827160493827 0.8625349487418453 0.03827160493827161 0.028890959925442685
42 0.7833333333333333 0.8299161230195713 0.040740740740740744 0.03075489282385834
42 0.7839506172839507 0.7292637465051258 0.043209876543209874 0.03075489282385834
34 0.7685185185185185 0.7670083876980429 0.09259259259259259 0.033550792171481825
46 0.8271604938271605 0.728331780055918 0.03209876543209877 0.013979496738117428
46 0.8493827160493828 0.6542404473438956 0.020987654320987655 0.022367194780987885
46 0.8753086419753087 0.9389561975768872 0.0345679012345679 0.017707362534948742