25 0.41789748045178104 0.3167420814479638 0.05647263249348393 0.07239819004524888
25 0.0369244135534318 0.1521493212669683 0.05386620330147698 0.07013574660633484
42 0.022589052997393572 0.372737556561086 0.045178105994787145 0.05995475113122172
42 0.24022589052997392 0.17986425339366516 0.020851433536055605 0.026018099547511313
22 0.39096437880104257 0.09219457013574661 0.022589052997393572 0.029411764705882353
46 0.28149435273675066 0.14705882352941177 0.035621198957428324 0.026018099547511313
42 0.035621198957428324 0.26131221719457015 0.05647263249348393 0.0916289592760181
42 0.4144222415291051 0.4095022624434389 0.060816681146828845 0.020361990950226245
30 0.17984361424847958 0.40384615384615385 0.03388357949609035 0.019230769230769232
30 0.11120764552562988 0.40328054298642535 0.028670721112076455 0.020361990950226245
95 0.26585577758470896 0.1323529411764706 0.013032145960034752 0.05995475113122172
42 0.4300608166811468 0.628393665158371 0.029539530842745437 0.03959276018099547
3 0.37532580364900087 0.4852941176470588 0.022589052997393572 0.0418552036199095
64 0.16116420503909643 0.5441176470588235 0.02693310165073849 0.04072398190045249
7 0.44613379669852304 0.7013574660633484 0.02693310165073849 0.029411764705882353
79 0.3796698523023458 0.995475113122172 0.019113814074717638 0.00904977375565611
29 0.38575152041702865 0.627262443438914 0.03301476976542137 0.033936651583710405
49 0.6967854039965248 0.5650452488687783 0.051259774109470024 0.07239819004524888
25 0.5790616854908774 0.5644796380090498 0.05473501303214596 0.07126696832579185
25 0.794092093831451 0.5469457013574661 0.05039096437880104 0.07352941176470588
25 0.4800173761946134 0.708710407239819 0.04083405734144222 0.0667420814479638
25 0.7471763683753258 0.9756787330316742 0.060816681146828845 0.048642533936651584
42 0.4800173761946134 0.6148190045248869 0.04083405734144222 0.06900452488687783
42 0.6907037358818419 0.457579185520362 0.060816681146828845 0.07352941176470588
42 0.7445699391833188 0.6951357466063348 0.05386620330147698 0.06447963800904978
42 0.7454387489139879 0.7794117647058824 0.05039096437880104 0.06787330316742081
42 0.7450043440486533 0.8670814479638009 0.051259774109470024 0.06900452488687783
39 0.6711555169417898 0.7822398190045249 0.018245004344048653 0.021493212669683258