25 0.07520564042303172 0.3558467741935484 0.036427732079905996 0.0625
42 0.1900705052878966 0.37348790322580644 0.031139835487661575 0.055443548387096774
42 0.08960047003525265 0.11995967741935484 0.013513513513513514 0.024193548387096774
42 0.2779083431257344 0.09324596774193548 0.012338425381903642 0.025201612903225805
46 0.07256169212690952 0.07207661290322581 0.013513513513513514 0.04133064516129032
1 0.231786133960047 0.19455645161290322 0.038190364277320796 0.04233870967741935
1 0.23119858989424208 0.27973790322580644 0.038190364277320796 0.03931451612903226
17 0.30346650998824914 0.07258064516129033 0.028789659224441832 0.02620967741935484
42 0.13190364277320799 0.35735887096774194 0.04759106933019976 0.0655241935483871
42 0.30581668625146885 0.041834677419354836 0.021151586368977675 0.03326612903225806
30 0.20593419506462984 0.1900201612903226 0.0099882491186839 0.03931451612903226
30 0.2056404230317274 0.2696572580645161 0.010575793184488837 0.03326612903225806
95 0.06492361927144535 0.09022177419354839 0.031139835487661575 0.015120967741935484
39 0.32784958871915393 0.10534274193548387 0.0035252643948296123 0.021169354838709676
86 0.23237367802585193 0.23235887096774194 0.020564042303172738 0.02721774193548387
86 0.23149236192714454 0.15423387096774194 0.01880141010575793 0.03024193548387097
100 0.7740893066980024 0.07409274193548387 0.05229142185663925 0.06350806451612903
44 0.7737955346650999 0.2469758064516129 0.11750881316098707 0.07862903225806452
14 0.7661574618096357 0.4092741935483871 0.07873090481786134 0.06048387096774194
42 0.03260869565217391 0.6824596774193549 0.03466509988249119 0.0625
42 0.10252643948296122 0.7837701612903226 0.03231492361927144 0.04838709677419355
42 0.20857814336075206 0.7580645161290323 0.017038777908343124 0.03326612903225806
42 0.27320799059929496 0.7570564516129032 0.022914218566392478 0.034274193548387094
42 0.1462984723854289 0.8981854838709677 0.021151586368977675 0.03225806451612903
22 0.3011163337250294 0.7540322580645161 0.01645123384253819 0.03024193548387097
22 0.1792009400705053 0.7550403225806451 0.01527614571092832 0.024193548387096774
22 0.14571092831962398 0.8049395161290323 0.015863689776733254 0.02721774193548387
1 0.007050528789659225 0.7575604838709677 0.01410105757931845 0.04334677419354839
93 0.18860164512338426 0.8613911290322581 0.03290246768507638 0.046370967741935484
1 0.11104582843713279 0.8487903225806451 0.043478260869565216 0.04435483870967742
7 0.14747356051703878 0.7494959677419355 0.023501762632197415 0.057459677419354836
7 0.327262044653349 0.748991935483871 0.004700352526439483 0.05846774193548387
17 0.022914218566392478 0.7464717741935484 0.01527614571092832 0.04536290322580645
49 0.04024676850763807 0.6199596774193549 0.03466509988249119 0.0625
25 0.04054054054054054 0.5428427419354839 0.038777908343125736 0.06754032258064516
46 0.49412455934195065 0.5035282258064516 0.03260869565217391 0.012600806451612902