25 0.10893480010732493 0.2546230440967283 0.03850281727931312 0.060455192034139404
25 0.3686611215454789 0.39260312944523473 0.036758787228333784 0.05903271692745377
42 0.37899114569358733 0.2069701280227596 0.03259994633753689 0.050497866287339974
42 0.23007781057150523 0.3691322901849218 0.014220552723370002 0.022048364153627313
42 0.21438154011269117 0.06543385490753911 0.014757177354440569 0.01991465149359886
42 0.06010195867990341 0.019203413940256046 0.01663536356318755 0.027738264580369845
22 0.1273141937214918 0.4423897581792319 0.015427958143278776 0.024893314366998577
46 0.2019050174403005 0.3968705547652916 0.02428226455594312 0.022048364153627313
1 0.11134961094714248 0.0732574679943101 0.02428226455594312 0.06543385490753911
1 0.273946874161524 0.13940256045519203 0.024818889187013683 0.061877667140825036
1 0.3239871210088543 0.14011379800853485 0.023074859136034343 0.061877667140825036
17 0.20230748591360342 0.023470839260312945 0.015427958143278776 0.04623044096728307
42 0.36960021464985243 0.3008534850640114 0.03850281727931312 0.07681365576102418
42 0.18419640461497183 0.01991465149359886 0.019586799034075664 0.034139402560455195
93 0.053259994633753686 0.0945945945945946 0.025489669975851892 0.06472261735419631
42 0.11108129863160719 0.15291607396870555 0.04145425275020123 0.06472261735419631
30 0.27126375100617117 0.1813655761024182 0.023074859136034343 0.016358463726884778
30 0.3180842500670781 0.18207681365576103 0.019586799034075664 0.017069701280227598
95 0.21263751006171183 0.4089615931721195 0.008854306412664341 0.050497866287339974
86 0.29608264019318487 0.1386913229018492 0.015964582774349343 0.033428165007112376
86 0.25020123423665147 0.14011379800853485 0.017708612825328682 0.03058321479374111