25 0.28434065934065933 0.26945244956772335 0.010439560439560439 0.09221902017291066
25 0.05631868131868132 0.05979827089337176 0.03406593406593406 0.0893371757925072
42 0.046703296703296704 0.3414985590778098 0.03021978021978022 0.07636887608069164
42 0.1848901098901099 0.09510086455331412 0.013186813186813187 0.03314121037463977
42 0.19917582417582416 0.5497118155619597 0.013736263736263736 0.018731988472622477
46 0.210989010989011 0.053314121037463975 0.022527472527472527 0.03314121037463977
1 0.14423076923076922 0.4438040345821326 0.023076923076923078 0.0936599423631124
1 0.0978021978021978 0.4423631123919308 0.02142857142857143 0.0936599423631124
42 0.05549450549450549 0.1988472622478386 0.03571428571428571 0.11671469740634005
42 0.2826923076923077 0.42363112391930835 0.013736263736263736 0.09798270893371758
30 0.1467032967032967 0.3804034582132565 0.02142857142857143 0.024495677233429394
30 0.10329670329670329 0.3796829971181556 0.018131868131868133 0.025936599423631124
95 0.20082417582417583 0.03602305475504323 0.008241758241758242 0.07204610951008646
86 0.12362637362637363 0.4452449567723343 0.014835164835164835 0.05043227665706052
86 0.1662087912087912 0.4430835734870317 0.016483516483516484 0.04610951008645533
42 0.32335164835164837 0.1304034582132565 0.0510989010989011 0.051152737752161385
1 0.4085164835164835 0.19164265129682997 0.04010989010989011 0.06484149855907781
1 0.3118131868131868 0.4272334293948127 0.03736263736263736 0.06340057636887608
25 0.3747252747252747 0.5453890489913544 0.05576923076923077 0.027377521613832854
1 0.44478021978021975 0.43948126801152737 0.03461538461538462 0.05547550432276657
1 0.4774725274725275 0.19236311239193082 0.03653846153846154 0.05475504322766571
17 0.5923076923076923 0.3047550432276657 0.019230769230769232 0.04106628242074928
42 0.5752747252747252 0.2665706051873199 0.023626373626373626 0.02377521613832853
1 0.3626373626373626 0.489193083573487 0.064010989010989 0.03818443804034582
49 0.2980769230769231 0.5525936599423631 0.01703296703296703 0.010086455331412104
42 0.6173076923076923 0.31051873198847263 0.023626373626373626 0.02521613832853026
42 0.33516483516483514 0.037463976945244955 0.05851648351648352 0.06484149855907781
42 0.296978021978022 0.4942363112391931 0.014835164835164835 0.06051873198847262
86 0.5192307692307693 0.19380403458213258 0.024725274725274724 0.03170028818443804
30 0.3510989010989011 0.42219020172910665 0.02554945054945055 0.02881844380403458
30 0.3395604395604396 0.47910662824207495 0.02554945054945055 0.023054755043227664
39 0.6192307692307693 0.3335734870317003 0.024725274725274724 0.020172910662824207
39 0.4491758241758242 0.1930835734870317 0.027472527472527472 0.030979827089337175