25 0.30112721417069244 0.24662162162162163 0.031239935587761676 0.03918918918918919
25 0.09017713365539452 0.1581081081081081 0.029790660225442835 0.03783783783783784
42 0.0818035426731079 0.27702702702702703 0.02640901771336554 0.032432432432432434
42 0.20273752012882448 0.17297297297297298 0.011594202898550725 0.01418918918918919
42 0.21545893719806763 0.3675675675675676 0.012077294685990338 0.012837837837837839
42 0.34090177133655397 0.3972972972972973 0.01352657004830918 0.01756756756756757
22 0.2863123993558776 0.12567567567567567 0.012560386473429951 0.015540540540540541
46 0.22560386473429953 0.1554054054054054 0.01964573268921095 0.01418918918918919
1 0.29919484702093396 0.36283783783783785 0.01964573268921095 0.041891891891891894
1 0.1671497584541063 0.3202702702702703 0.020128824476650563 0.03986486486486487
1 0.12657004830917876 0.3195945945945946 0.01884057971014493 0.03986486486486487
17 0.22544283413848631 0.3939189189189189 0.012560386473429951 0.02972972972972973
42 0.08953301127214171 0.2168918918918919 0.031239935587761676 0.04932432432432433
42 0.2400966183574879 0.3966216216216216 0.015942028985507246 0.021621621621621623
93 0.3463768115942029 0.34864864864864864 0.020611916264090178 0.04121621621621622
42 0.2995169082125604 0.31148648648648647 0.03365539452495974 0.04121621621621622
30 0.16940418679549113 0.29324324324324325 0.01884057971014493 0.010135135135135136
30 0.13140096618357489 0.29324324324324325 0.015942028985507246 0.010810810810810811
95 0.21690821256038648 0.1472972972972973 0.007246376811594203 0.032432432432432434
86 0.14911433172302738 0.32094594594594594 0.013043478260869565 0.021621621621621623
86 0.18647342995169083 0.3195945945945946 0.014492753623188406 0.019594594594594596
36 0.4020933977455717 0.2797297297297297 0.024798711755233495 0.06756756756756757
25 0.08792270531400966 0.46418918918918917 0.023993558776167472 0.052702702702702706
25 0.08872785829307568 0.5493243243243243 0.0249597423510467 0.047972972972972976
49 0.08695652173913043 0.41621621621621624 0.028341384863123993 0.013513513513513514