42 0.027058146229130685 0.04296875 0.03626943005181347 0.056919642857142856
25 0.09844559585492228 0.045200892857142856 0.04778353483016695 0.06975446428571429
42 0.09038572251007485 0.18805803571428573 0.03425446171560161 0.056919642857142856
42 0.1715601611974669 0.2935267857142857 0.04231433506044905 0.056919642857142856
42 0.48704663212435234 0.28683035714285715 0.04029936672423719 0.056361607142857144
42 0.43811168681635004 0.4107142857142857 0.01871042026482441 0.03404017857142857
42 0.36557282671272306 0.26283482142857145 0.02360391479562464 0.03962053571428571
42 0.29159470351180194 0.26171875 0.02072538860103627 0.03236607142857143
42 0.2204951065054692 0.40625 0.02360391479562464 0.03515625
1 0.11600460564191134 0.5691964285714286 0.02677029360967185 0.05915178571428571
1 0.062464018422567644 0.6099330357142857 0.028209556706966035 0.05915178571428571
1 0.04778353483016695 0.26674107142857145 0.04173862982153138 0.044642857142857144
1 0.4758203799654577 0.35770089285714285 0.05238917674150835 0.04575892857142857
3 0.04432930339666091 0.16350446428571427 0.02360391479562464 0.03627232142857143
49 0.09988485895221647 0.12276785714285714 0.04691997697179044 0.06640625
7 0.22135866436384571 0.25558035714285715 0.02475532527345999 0.05915178571428571
7 0.43436960276338515 0.25669642857142855 0.02360391479562464 0.06640625
22 0.25877950489349455 0.26283482142857145 0.01957397812320092 0.026785714285714284
22 0.39723661485319517 0.26283482142857145 0.01871042026482441 0.029017857142857144
22 0.4378238341968912 0.31417410714285715 0.01957397812320092 0.026785714285714284
17 0.07887161773172136 0.2533482142857143 0.01669545192861255 0.046875
93 0.2694300518134715 0.3744419642857143 0.035693724812895795 0.056919642857142856
22 0.22078295912492804 0.31361607142857145 0.01468048359240069 0.026227678571428572
1 0.18019573978123202 0.35770089285714285 0.05037420840529649 0.04575892857142857
96 0.04461715601611975 0.125 0.01957397812320092 0.033482142857142856
48 0.030800230282095567 0.13950892857142858 0.03828439838802533 0.026785714285714284
1 0.6062176165803109 0.040736607142857144 0.012665515256188831 0.04799107142857143
1 0.8347725964306275 0.011160714285714286 0.025331030512377662 0.022321428571428572
1 0.770293609671848 0.2544642857142857 0.03914795624640184 0.0390625
1 0.7253886010362695 0.34207589285714285 0.037996545768566495 0.04799107142857143
1 0.7409326424870466 0.38392857142857145 0.025906735751295335 0.07589285714285714
1 0.8169257340241797 0.3091517857142857 0.04029936672423719 0.04241071428571429
1 0.7875647668393783 0.3828125 0.02360391479562464 0.07366071428571429
1 0.8606793321819228 0.28683035714285715 0.03914795624640184 0.04799107142857143
1 0.8796776050662061 0.3666294642857143 0.024179620034542316 0.07366071428571429
1 0.7440990213010938 0.1015625 0.020149683362118594 0.07142857142857142
1 0.7711571675302246 0.14955357142857142 0.03626943005181347 0.044642857142857144
1 0.7869890616004606 0.033482142857142856 0.02475532527345999 0.06696428571428571
1 0.6997697179044329 0.6205357142857143 0.027058146229130685 0.03794642857142857
1 0.6044905008635578 0.6043526785714286 0.009211283822682787 0.04352678571428571
1 0.6053540587219344 0.5055803571428571 0.010938399539435808 0.044642857142857144
1 0.625503742084053 0.4330357142857143 0.021876799078871616 0.08816964285714286
1 0.6050662061024755 0.29799107142857145 0.010362694300518135 0.05357142857142857
1 0.7000575705238917 0.4564732142857143 0.024179620034542316 0.07254464285714286
25 0.671272308578008 0.12332589285714286 0.03684513529073115 0.06808035714285714
25 0.927461139896373 0.1875 0.03454231433506045 0.07589285714285714
25 0.7547495682210709 0.5463169642857143 0.035693724812895795 0.07142857142857142
25 0.6784686240644789 0.40848214285714285 0.03511801957397812 0.06808035714285714
1 0.833909038572251 0.5373883928571429 0.02360391479562464 0.07254464285714286
49 0.6778929188255614 0.24386160714285715 0.042026482440990214 0.06919642857142858
1 0.8785261945883708 0.08761160714285714 0.02360391479562464 0.07589285714285714
1 0.8618307426597582 0.13504464285714285 0.03626943005181347 0.044642857142857144
1 0.8146229130685089 0.08258928571428571 0.03914795624640184 0.049107142857142856
42 0.6295336787564767 0.24274553571428573 0.03511801957397812 0.07477678571428571
42 0.7452504317789291 0.19977678571428573 0.03626943005181347 0.06919642857142858
42 0.789867587795049 0.20145089285714285 0.03684513529073115 0.06584821428571429
42 0.703223949337939 0.5502232142857143 0.042026482440990214 0.06696428571428571
42 0.8825561312607945 0.1875 0.037996545768566495 0.0625
86 0.7282671272308578 0.6261160714285714 0.023028209556706966 0.026785714285714284
1 0.6234887737478411 0.13950892857142858 0.027633851468048358 0.07589285714285714
86 0.6188831318364997 0.16964285714285715 0.016119746689694875 0.03794642857142857
35 0.11945883707541739 0.7857142857142857 0.02360391479562464 0.029017857142857144
35 0.5518134715025906 0.7806919642857143 0.022452504317789293 0.041294642857142856
1 0.5895221646516984 0.7198660714285714 0.02072538860103627 0.078125
42 0.5872193436960277 0.6584821428571429 0.025331030512377662 0.03794642857142857
49 0.8140472078295913 0.9743303571428571 0.05872193436960276 0.05133928571428571
69 0.9795624640184226 0.9810267857142857 0.04087507196315487 0.03794642857142857