42 0.3931767337807606 0.25037147102526003 0.012304250559284116 0.05200594353640416
42 0.39429530201342283 0.4138187221396731 0.010067114093959731 0.04606240713224369
7 0.3825503355704698 0.09732540861812779 0.03355704697986577 0.05200594353640416
22 0.3959731543624161 0.17979197622585438 0.006711409395973154 0.041604754829123326
42 0.5055928411633109 0.03417533432392273 0.058165548098434 0.06835066864784546
42 0.6381431767337807 0.21842496285289748 0.050335570469798654 0.07280832095096583
42 0.9272930648769575 0.424962852897474 0.04138702460850112 0.05349182763744428
46 0.9116331096196868 0.046805349182763745 0.025727069351230425 0.03863298662704309
46 0.9876957494407159 0.045319465081723624 0.024608501118568233 0.04011887072808321
42 0.9507829977628636 0.015601783060921248 0.05145413870246085 0.031203566121842496
46 0.8182326621923938 0.3826151560178306 0.021252796420581657 0.04903417533432392
25 0.3182326621923937 0.9413075780089153 0.0436241610738255 0.06983655274888559
25 0.31767337807606266 0.850668647845468 0.0447427293064877 0.0638930163447251
49 0.32046979865771813 0.7711738484398217 0.039149888143176735 0.06537890044576523
25 0.3193512304250559 0.6723625557206538 0.04138702460850112 0.06983655274888559
25 0.32046979865771813 0.5579494799405647 0.039149888143176735 0.03714710252600297
25 0.8154362416107382 0.6099554234769688 0.06040268456375839 0.08023774145616643
25 0.8137583892617449 0.549777117384844 0.06152125279642058 0.020802377414561663
42 0.40380313199105144 0.7578008915304606 0.008948545861297539 0.05349182763744428
46 0.47371364653243847 0.936849925705795 0.030201342281879196 0.03417533432392273
42 0.5050335570469798 0.8157503714710252 0.05145413870246085 0.08469539375928678
46 0.4267337807606264 0.5861812778603269 0.029082774049217 0.02674591381872214
34 0.4082774049217002 0.6471025260029718 0.017897091722595078 0.05200594353640416
65 0.8120805369127517 0.8283803863298663 0.06599552572706935 0.09361069836552749