42 0.0455592841163311 0.06736585365853659 0.06036912751677853 0.09001626016260163
25 0.1638814317673378 0.07039024390243902 0.07888143176733779 0.10824390243902438
42 0.15033557046979867 0.2945528455284553 0.057382550335570486 0.0891219512195122
42 0.28568232662192394 0.45900813008130087 0.0708165548098434 0.08874796747967481
42 0.8118008948545862 0.4486991869918699 0.06664429530201334 0.08843902439024388
42 0.730324384787472 0.6426341463414634 0.030861297539149797 0.05354471544715439
42 0.6094183445190157 0.4108292682926829 0.03875838926174507 0.06151219512195119
42 0.4858612975391499 0.4092195121951219 0.03492170022371368 0.050130081300812986
42 0.36733780760626394 0.6351869918699187 0.03837807606263976 0.05494308943089425
1 0.19323266219239374 0.8901626016260163 0.044317673378076065 0.09331707317073187
1 0.1040268456375839 0.9536585365853658 0.04697986577181208 0.09268292682926829
1 0.07953020134228188 0.41721951219512193 0.06956375838926174 0.07019512195121949
1 0.7930648769574944 0.5594308943089431 0.087248322147651 0.07009756097560978
3 0.07403803131991052 0.25617886178861793 0.039026845637583886 0.057073170731707354
49 0.1663870246085011 0.19217886178861787 0.07828859060402686 0.1038861788617886
7 0.3689485458612975 0.4001788617886179 0.041599552572706866 0.09302439024390245
7 0.7242505592841163 0.4018861788617886 0.03909395973154368 0.10458536585365853
22 0.4311185682326622 0.4109918699186992 0.031689038031319956 0.04149593495934956
22 0.661923937360179 0.4108292682926829 0.0319015659955257 0.04521951219512196
22 0.7299328859060402 0.4911544715447155 0.03338926174496634 0.043268292682926854
17 0.1316778523489933 0.3962439024390244 0.02845637583892617 0.07297560975609756
93 0.4493624161073826 0.585170731707317 0.059809843400447454 0.08905691056910567
22 0.3679194630872483 0.4902439024390244 0.0255369127516779 0.041463414634146344
1 0.3004697986577181 0.5593983739837398 0.08361297539149888 0.07003252032520334
96 0.07463087248322148 0.19476422764227644 0.031823266219239366 0.0521138211382114
48 0.05120805369127517 0.2182439024390244 0.06327740492170021 0.042178861788617884