42 0.10297131147540983 0.233125 0.06454918032786885 0.06875
42 0.2848360655737705 0.194375 0.028688524590163935 0.03875
42 0.17776639344262296 0.368125 0.035860655737704916 0.0425
49 0.01485655737704918 0.03375 0.02971311475409836 0.0675
7 0.17930327868852458 0.1875 0.03790983606557377 0.07125
22 0.23616803278688525 0.19625 0.02971311475409836 0.0325
93 0.2525614754098361 0.33 0.05430327868852459 0.06875
22 0.17827868852459017 0.256875 0.022540983606557378 0.03125
1 0.11629098360655737 0.31 0.07684426229508197 0.055
42 0.4492827868852459 0.338125 0.0625 0.06875
7 0.5225409836065574 0.295 0.0471311475409836 0.07
22 0.5783811475409836 0.30125 0.035860655737704916 0.0375
42 0.6265368852459017 0.305 0.02663934426229508 0.045
42 0.701844262295082 0.30125 0.036885245901639344 0.0375
42 0.8816598360655737 0.3425 0.06864754098360656 0.0775
42 0.8099385245901639 0.456875 0.031762295081967214 0.04125
1 0.8360655737704918 0.410625 0.0471311475409836 0.03625
29 0.8022540983606558 0.299375 0.039959016393442626 0.07625
22 0.7515368852459017 0.303125 0.031762295081967214 0.04625
25 0.5988729508196722 0.414375 0.05635245901639344 0.07625
42 0.5204918032786885 0.45125 0.03278688524590164 0.05
22 0.5189549180327869 0.36 0.027663934426229508 0.0425
42 0.2069672131147541 0.9725 0.04918032786885246 0.055
25 0.6403688524590164 0.88125 0.055327868852459015 0.0675
25 0.7013319672131147 0.879375 0.05430327868852459 0.06875
25 0.8314549180327869 0.87875 0.05942622950819672 0.0625
25 0.9282786885245902 0.87625 0.05430327868852459 0.065
46 0.4149590163934426 0.49875 0.0235655737704918 0.03375
42 0.4984631147540984 0.53375 0.0584016393442623 0.0575
46 0.7433401639344263 0.48375 0.03381147540983607 0.0075
65 0.48975409836065575 0.876875 0.06454918032786885 0.07375
49 0.7612704918032787 0.880625 0.0471311475409836 0.07375
49 0.983094262295082 0.879375 0.03381147540983607 0.07125