42 0.03553082191780822 0.03417602996254682 0.04708904109589041 0.04541198501872659
25 0.12799657534246575 0.03604868913857678 0.062071917808219176 0.05571161048689138
42 0.1172945205479452 0.149812734082397 0.04452054794520548 0.04541198501872659
42 0.2230308219178082 0.2340823970037453 0.0547945205479452 0.04541198501872659
42 0.6335616438356164 0.22846441947565543 0.052226027397260275 0.0449438202247191
42 0.569777397260274 0.32724719101123595 0.02440068493150685 0.027153558052434457
42 0.4755993150684932 0.20926966292134833 0.030393835616438356 0.03136704119850187
42 0.3792808219178082 0.20833333333333334 0.02696917808219178 0.025749063670411985
42 0.2863869863013699 0.323501872659176 0.030393835616438356 0.028089887640449437
1 0.15111301369863014 0.45365168539325845 0.0351027397260274 0.04728464419475655
1 0.08090753424657535 0.4854868913857678 0.036815068493150686 0.047752808988764044
1 0.062071917808219176 0.21254681647940074 0.05393835616438356 0.035580524344569285
1 0.6185787671232876 0.2851123595505618 0.06806506849315068 0.03651685393258427
3 0.05779109589041096 0.1306179775280899 0.030393835616438356 0.02902621722846442
49 0.13013698630136986 0.09784644194756555 0.061215753424657536 0.05290262172284644
7 0.2880993150684932 0.20365168539325842 0.03210616438356165 0.04728464419475655
7 0.565068493150685 0.2045880149812734 0.030393835616438356 0.05290262172284644
22 0.336472602739726 0.20973782771535582 0.025256849315068493 0.02153558052434457
22 0.516695205479452 0.20926966292134833 0.02440068493150685 0.023408239700374533
22 0.5693493150684932 0.25 0.025256849315068493 0.02153558052434457
17 0.10231164383561644 0.20177902621722846 0.02183219178082192 0.03745318352059925
93 0.3501712328767123 0.2982209737827715 0.046232876712328765 0.04541198501872659
22 0.2872431506849315 0.2495318352059925 0.019263698630136987 0.020599250936329586
1 0.2341609589041096 0.2851123595505618 0.06549657534246575 0.03651685393258427
96 0.05821917808219178 0.09925093632958802 0.025256849315068493 0.026685393258426966
48 0.04023972602739726 0.11095505617977527 0.04965753424657534 0.02153558052434457
13 0.2949486301369863 0.9686329588014981 0.04023972602739726 0.056179775280898875
93 0.11686643835616438 0.8562734082397003 0.059931506849315065 0.06835205992509363
39 0.3720034246575342 0.822565543071161 0.023116438356164382 0.042134831460674156
39 0.18878424657534246 0.7841760299625468 0.029965753424657533 0.025280898876404494
39 0.11087328767123288 0.9770599250936329 0.01113013698630137 0.03838951310861423
39 0.19006849315068494 0.9583333333333334 0.023972602739726026 0.023408239700374533
98 0.8433219178082192 0.7144194756554307 0.0273972602739726 0.028089887640449437
25 0.8133561643835616 0.7476591760299626 0.0488013698630137 0.05149812734082397
35 0.928082191780822 0.5571161048689138 0.028253424657534245 0.02902621722846442
35 0.9263698630136986 0.6109550561797753 0.030821917808219176 0.02902621722846442