42 0.17635467980295566 0.42374616171954965 0.054187192118226604 0.06448311156601842
42 0.287192118226601 0.016888433981576252 0.03251231527093596 0.028659160696008188
42 0.14679802955665025 0.12743091095189354 0.0374384236453202 0.03582395087001024
42 0.1458128078817734 0.240532241555783 0.030541871921182268 0.03172978505629478
42 0.2827586206896552 0.3490276356192426 0.033497536945812804 0.03582395087001024
7 0.14039408866995073 0.3474923234390993 0.0561576354679803 0.037871033776867964
7 0.1413793103448276 0.022517911975435005 0.06305418719211822 0.03582395087001024
22 0.14729064039408868 0.2906857727737973 0.02561576354679803 0.02968270214943705
22 0.14679802955665025 0.07932446264073695 0.027586206896551724 0.028659160696008188
22 0.19556650246305418 0.017400204708290685 0.02561576354679803 0.02968270214943705
93 0.25270935960591134 0.2743091095189355 0.054187192118226604 0.05424769703172978
22 0.19507389162561575 0.34851586489252817 0.024630541871921183 0.022517911975435005
1 0.23694581280788177 0.4104401228249744 0.04334975369458128 0.0767656090071648
25 0.43940886699507387 0.19344933469805528 0.06403940886699508 0.06550665301944729
25 0.8714285714285714 0.34237461617195497 0.061083743842364535 0.06345957011258956
42 0.8886699507389163 0.14227226202661208 0.054187192118226604 0.05424769703172978
42 0.6408866995073892 0.3172978505629478 0.023645320197044337 0.02354145342886387
22 0.46995073891625616 0.39662231320368474 0.02561576354679803 0.02661207778915046
46 0.594088669950739 0.34698055271238487 0.04039408866995074 0.02354145342886387
1 0.44285714285714284 0.016376663254861822 0.04039408866995074 0.032753326509723645
1 0.7137931034482758 0.06960081883316274 0.041379310344827586 0.06653019447287616
1 0.7970443349753694 0.07062436028659161 0.03842364532019704 0.06653019447287616
42 0.8729064039408867 0.2436028659160696 0.06403940886699508 0.08290685772773797
42 0.44285714285714284 0.08393039918116683 0.06896551724137931 0.06960081883316274
30 0.7093596059113301 0.11463664278403275 0.03842364532019704 0.017400204708290685
30 0.787192118226601 0.11514841351074719 0.03251231527093596 0.01842374616171955
95 0.6118226600985222 0.3602865916069601 0.014778325123152709 0.05424769703172978
86 0.7507389162561576 0.06857727737973388 0.026600985221674877 0.03582395087001024
86 0.674384236453202 0.07011258955987718 0.029556650246305417 0.032753326509723645
42 0.36847290640394087 0.9155578300921188 0.02167487684729064 0.04605936540429888
42 0.5556650246305419 0.676560900716479 0.033497536945812804 0.033776867963152504
42 0.6935960591133005 0.6780962128966224 0.042364532019704436 0.037871033776867964
42 0.8310344827586207 0.6791197543500512 0.030541871921182268 0.0368474923234391
42 0.41133004926108374 0.6780962128966224 0.03251231527093596 0.0368474923234391
42 0.45911330049261084 0.7707267144319345 0.035467980295566505 0.03991811668372569
42 0.5960591133004927 0.7712384851586489 0.035467980295566505 0.038894575230296824
42 0.7364532019704434 0.7707267144319345 0.035467980295566505 0.03582395087001024
42 0.8719211822660099 0.7707267144319345 0.03940886699507389 0.03582395087001024
29 0.5073891625615764 0.7707267144319345 0.042364532019704436 0.032753326509723645
29 0.6482758620689655 0.7707267144319345 0.05123152709359606 0.02661207778915046
29 0.7876847290640394 0.7686796315250768 0.04827586206896552 0.03172978505629478
29 0.9231527093596059 0.7686796315250768 0.04039408866995074 0.03172978505629478
7 0.8527093596059113 0.7041965199590583 0.03842364532019704 0.028659160696008188
7 0.5729064039408867 0.7057318321392017 0.04729064039408867 0.027635619242579325
7 0.7113300492610838 0.7057318321392017 0.05024630541871921 0.02354145342886387
7 0.42610837438423643 0.7082906857727738 0.053201970443349754 0.022517911975435005
2 0.9315270935960591 0.9559877175025588 0.024630541871921183 0.03172978505629478
2 0.7935960591133004 0.9708290685772774 0.023645320197044337 0.030706243602865915
2 0.6581280788177339 0.984646878198567 0.027586206896551724 0.030706243602865915
2 0.5152709359605911 0.9928352098259979 0.023645320197044337 0.014329580348004094