25 0.1182251340083383 0.4433833560709413 0.043478260869565216 0.032060027285129605
42 0.20786182251340082 0.451568894952251 0.0357355568790947 0.015688949522510234
42 0.2736748064324002 0.37312414733969984 0.0357355568790947 0.0470668485675307
42 0.2689100655151876 0.021828103683492497 0.03513996426444312 0.04365620736698499
42 0.34633710541989277 0.07571623465211459 0.02144133412745682 0.021145975443383355
42 0.2540202501488982 0.15688949522510232 0.0247170935080405 0.02592087312414734
42 0.2534246575342466 0.23942701227830832 0.019952352590827872 0.023192360163710776
42 0.3436569386539607 0.31855388813096863 0.022036926742108397 0.02592087312414734
1 0.4452054794520548 0.43519781718963163 0.03692674210839786 0.030013642564802184
1 0.3132817153067302 0.034106412005457026 0.02858844550327576 0.05798090040927694
49 0.16646813579511613 0.4433833560709413 0.041393686718284695 0.03274215552523874
7 0.2498511018463371 0.3171896316507503 0.03692674210839786 0.02796725784447476
7 0.25044669446098866 0.07980900409276943 0.041393686718284695 0.02592087312414734
22 0.25431804645622397 0.2755798090040928 0.016974389517569983 0.021828103683492497
22 0.2540202501488982 0.12141882673942701 0.01816557474687314 0.021145975443383355
22 0.2861822513400834 0.07639836289222374 0.016974389517569983 0.021828103683492497
93 0.3237045860631328 0.26398362892223737 0.0357355568790947 0.03956343792633015
22 0.2858844550327576 0.3178717598908595 0.016081000595592615 0.01637107776261937
1 0.3132817153067302 0.3635743519781719 0.02858844550327576 0.05593451568894952
11 0.3207266229898749 0.5852660300136425 0.048243001786777845 0.11732605729877217
61 0.42138177486599165 0.5818553888130968 0.05062537224538416 0.11869031377899045
75 0.5244192972007147 0.5818553888130968 0.054198927933293624 0.11323328785811733
42 0.7578916021441334 0.9304229195088677 0.02025014889815366 0.0504774897680764
42 0.773972602739726 0.8792633015006821 0.022632519356759976 0.05320600272851296
42 0.7742703990470519 0.727830832196453 0.017272185824895772 0.04911323328785812
42 0.8636092912447886 0.9399727148703957 0.026801667659321026 0.06684856753069578
46 0.8082191780821918 0.6050477489768077 0.012507444907683145 0.040927694406548434
46 0.8079213817748659 0.46998635743519784 0.0136986301369863 0.020463847203274217
46 0.8508040500297797 0.4693042291950887 0.0136986301369863 0.019099590723055934
34 0.7662298987492555 0.7830832196452933 0.04705181655747469 0.0504774897680764
46 0.7957117331745086 0.7251023192360164 0.016081000595592615 0.023192360163710776