25 0.524476650563607 0.016819571865443424 0.049436392914653786 0.03363914373088685
42 0.42334943639291467 0.00815494393476045 0.04057971014492753 0.01580020387359837
42 0.3484702093397746 0.09225280326197757 0.04057971014492753 0.04994903160040775
42 0.35281803542673107 0.4658511722731906 0.03993558776167472 0.046890927624872576
42 0.26537842190016103 0.4087665647298675 0.02431561996779388 0.022426095820591234
42 0.3705314009661836 0.32262996941896027 0.028019323671497585 0.02803261977573904
42 0.3713365539452496 0.2344546381243629 0.022866344605475042 0.024464831804281346
42 0.2687600644122383 0.15035677879714576 0.025120772946859903 0.02803261977573904
1 0.15281803542673109 0.026503567787971458 0.042028985507246375 0.03160040774719674
1 0.3030595813204509 0.45310907237512743 0.032528180354267314 0.06218144750254842
49 0.46924315619967794 0.017329255861365953 0.047020933977455714 0.034658511722731905
7 0.3753623188405797 0.15137614678899083 0.042028985507246375 0.029561671763506627
7 0.37455716586151366 0.4041794087665647 0.04718196457326892 0.02803261977573904
22 0.37020933977455717 0.19571865443425077 0.019162640901771336 0.022935779816513763
22 0.3705314009661836 0.3598369011213048 0.020611916264090178 0.022426095820591234
22 0.33397745571658616 0.40825688073394495 0.019162640901771336 0.022935779816513763
93 0.29114331723027376 0.20846075433231395 0.04057971014492753 0.042303771661569824
22 0.33446054750402576 0.15086646279306828 0.018518518518518517 0.017329255861365953
1 0.3030595813204509 0.10244648318042814 0.032528180354267314 0.05963302752293578
93 0.9181964573268921 0.08103975535168195 0.022866344605475042 0.07543323139653414
46 0.8911433172302737 0.0652395514780836 0.011916264090177134 0.0581039755351682
93 0.8913043478260869 0.19775739041794088 0.021256038647342997 0.13761467889908258
93 0.9969404186795491 0.2670744138634047 0.006119162640901771 0.07135575942915393
102 0.7987117552334944 0.47757390417940876 0.01610305958132045 0.023445463812436288