25 0.4450517836593786 0.011146496815286623 0.04200230149597238 0.02176220806794055
42 0.35903337169159955 0.005307855626326964 0.03452243958573072 0.010615711252653927
42 0.29545454545454547 0.06050955414012739 0.03452243958573072 0.032908704883227176
42 0.2991944764096663 0.304140127388535 0.03394706559263521 0.03078556263269639
42 0.22525891829689298 0.2669851380042463 0.020713463751438434 0.014331210191082803
42 0.31444188722669736 0.21072186836518048 0.023878020713463753 0.018046709129511677
42 0.31501726121979284 0.15339702760084925 0.019275028768699656 0.01592356687898089
42 0.22784810126582278 0.09819532908704884 0.021288837744533946 0.018046709129511677
1 0.12974683544303797 0.01751592356687898 0.03567318757192175 0.020700636942675158
1 0.2571921749136939 0.2956475583864119 0.02761795166858458 0.040339702760084924
49 0.39815880322209435 0.01167728237791932 0.03998849252013809 0.022823779193205943
7 0.3184695051783659 0.09872611464968153 0.03567318757192175 0.01910828025477707
7 0.31789413118527043 0.2638004246284501 0.03998849252013809 0.018046709129511677
22 0.3141542002301496 0.12791932059447983 0.016398158803222096 0.014861995753715499
22 0.31444188722669736 0.2351380042462845 0.017548906789413118 0.014331210191082803
22 0.2833716915995397 0.2664543524416136 0.016398158803222096 0.014861995753715499
93 0.24712313003452244 0.13588110403397027 0.03452243958573072 0.027600849256900213
22 0.2836593785960875 0.09819532908704884 0.015535097813578827 0.01167728237791932
1 0.2571921749136939 0.06687898089171974 0.02761795166858458 0.038747346072186835
76 0.5074798619102416 0.6916135881104034 0.08630609896432681 0.16454352441613587
67 0.3757192174913694 0.6932059447983014 0.09378596087456847 0.1624203821656051
42 0.25402761795166856 0.6916135881104034 0.08918296892980437 0.1624203821656051
102 0.9459148446490219 0.7998938428874734 0.09838895281933256 0.11677282377919321
101 0.8394706559263522 0.8020169851380042 0.1001150747986191 0.11358811040339703
103 0.7430955120828538 0.7977707006369427 0.08457997698504027 0.10828025477707007