42 0.026651216685979143 0.02576419213973799 0.03563151796060255 0.03406113537117904
25 0.09675550405561993 0.027074235807860263 0.04692931633835458 0.04148471615720524
42 0.08864426419466975 0.11179039301310044 0.03360370799536501 0.03406113537117904
42 0.16859791425260717 0.17467248908296942 0.0414252607184241 0.03406113537117904
42 0.4788528389339513 0.1703056768558952 0.03968713789107764 0.03318777292576419
42 0.43076477404403246 0.2441048034934498 0.01853997682502897 0.02052401746724891
42 0.3595017381228273 0.15589519650655023 0.023174971031286212 0.023580786026200874
42 0.2867902665121669 0.1554585152838428 0.020567786790266513 0.01921397379912664
42 0.21668597914252608 0.2410480349344978 0.023174971031286212 0.02096069868995633
1 0.11413673232908458 0.3384279475982533 0.026361529548088066 0.03537117903930131
1 0.06141367323290846 0.3620087336244541 0.027809965237543453 0.03580786026200873
1 0.04692931633835458 0.15851528384279476 0.04084588644264195 0.026637554585152837
1 0.46784472769409036 0.2126637554585153 0.051564310544611816 0.027074235807860263
3 0.043453070683661645 0.09737991266375545 0.023174971031286212 0.021834061135371178
49 0.09820393974507532 0.07292576419213974 0.04606025492468135 0.03973799126637555
7 0.21784472769409038 0.15196506550218342 0.02433371958285052 0.03537117903930131
7 0.4272885283893395 0.15240174672489082 0.023174971031286212 0.03973799126637555
22 0.25434530706836617 0.15633187772925763 0.019119351100811123 0.016157205240174673
22 0.3904982618771727 0.15589519650655023 0.01853997682502897 0.017467248908296942
22 0.4304750869061414 0.18646288209606987 0.019119351100811123 0.016157205240174673
17 0.0776361529548088 0.15021834061135372 0.016512166859791424 0.02794759825327511
93 0.264774044032445 0.22227074235807862 0.035052143684820396 0.03406113537117904
22 0.21697566628041715 0.18646288209606987 0.014484356894553883 0.015283842794759825
1 0.17699884125144844 0.2126637554585153 0.049536500579374275 0.027074235807860263
96 0.04374275782155272 0.07423580786026202 0.019119351100811123 0.019650655021834062
48 0.030417149478563152 0.08296943231441048 0.03765932792584009 0.016157205240174673
58 0.9756662804171495 0.10829694323144105 0.04866743916570104 0.13973799126637554
54 0.9765353418308227 0.3091703056768559 0.04692931633835458 0.13449781659388646
89 0.48986095017381226 0.4524017467248908 0.07705677867902665 0.0925764192139738