1 0.27748992515831894 0.19252232142857142 0.02648244099021301 0.07924107142857142
1 0.30109383995394357 0.32924107142857145 0.044905008635578586 0.049107142857142856
1 0.3436960276338515 0.3002232142857143 0.044905008635578586 0.049107142857142856
1 0.35895221646516984 0.1953125 0.02475532527345999 0.07924107142857142
1 0.41335636154289 0.2728794642857143 0.03223949337938975 0.05022321428571429
25 0.21675302245250433 0.37667410714285715 0.03742084052964882 0.025669642857142856
42 0.4104778353483017 0.34988839285714285 0.014968336211859529 0.03236607142857143
25 0.41335636154289 0.03125 0.03223949337938975 0.0625
1 0.4237190558434082 0.37667410714285715 0.011514104778353483 0.025669642857142856
39 0.2141623488773748 0.32533482142857145 0.01669545192861255 0.0234375
42 0.3629821531375936 0.3783482142857143 0.04317789291882556 0.022321428571428572
42 0.28123200921128383 0.37276785714285715 0.04087507196315487 0.033482142857142856
35 0.17098445595854922 0.3482142857142857 0.01957397812320092 0.03125
49 0.7921704087507196 0.1484375 0.05872193436960276 0.10714285714285714
69 0.9617156016119747 0.15011160714285715 0.04835924006908463 0.08370535714285714
86 0.6704087507196316 0.30859375 0.022452504317789293 0.041294642857142856
42 0.08520437535981577 0.40122767857142855 0.028785261945883708 0.0234375
35 0.09959700633275763 0.46372767857142855 0.014104778353483017 0.044642857142857144
35 0.41421991940126657 0.4609375 0.015544041450777202 0.044642857142857144