1 0.35541099940863397 0.40828402366863903 0.046422235363690126 0.04142011834319527
1 0.2752808988764045 0.44497041420118344 0.02897693672383205 0.06982248520710059
1 0.29213483146067415 0.5112426035502958 0.02897693672383205 0.06982248520710059
1 0.203725606150207 0.44911242603550294 0.03015966883500887 0.06627218934911243
1 0.18894145476049676 0.5112426035502958 0.02690715552927262 0.054437869822485205
1 0.3539325842696629 0.5349112426035503 0.046422235363690126 0.038461538461538464
1 0.3083973979893554 0.6218934911242604 0.02956830277942046 0.05562130177514793
25 0.23595505617977527 0.3136094674556213 0.038143110585452396 0.05798816568047337
25 0.08515671200473093 0.6059171597633136 0.04050857480780603 0.05739644970414201
42 0.15168539325842698 0.2781065088757396 0.020993494973388527 0.026627218934911243
42 0.1537551744529864 0.3455621301775148 0.02040212891780012 0.027810650887573965
42 0.2631578947368421 0.6147928994082841 0.018923713778829097 0.023076923076923078
25 0.4523950325251331 0.6218934911242604 0.04139562389118864 0.05562130177514793
1 0.23447664104080426 0.6378698224852071 0.04050857480780603 0.023076923076923078
1 0.11324659964518037 0.5372781065088758 0.02897693672383205 0.05798816568047337
1 0.1336487285629805 0.6254437869822486 0.02749852158486103 0.0485207100591716
1 0.10496747486694263 0.3076923076923077 0.0446481371969249 0.03550295857988166
17 0.20313424009461856 0.6402366863905326 0.015671200473092846 0.01893491124260355
39 0.2773506800709639 0.3094674556213018 0.013897102306327618 0.02603550295857988
93 0.1803666469544648 0.31952662721893493 0.032229450029568306 0.049112426035502955
17 0.07776463630987582 0.3153846153846154 0.016262566528681254 0.038461538461538464
42 0.23358959195742166 0.5408284023668639 0.03873447664104081 0.06686390532544378
42 0.2371377882909521 0.4136094674556213 0.0446481371969249 0.06331360946745562
35 0.2640449438202247 0.24260355029585798 0.018332347723240685 0.03017751479289941
35 0.15286812536960379 0.21715976331360948 0.017740981667652277 0.03017751479289941
86 0.18273211117681845 0.44911242603550294 0.022176227084565348 0.0242603550295858
86 0.1342400946185689 0.5207100591715976 0.022176227084565348 0.027810650887573965
89 0.3081017149615612 0.9834319526627219 0.06268480189237138 0.033136094674556214
25 0.8394441159077469 0.9568047337278106 0.03784742755765819 0.06863905325443787
42 0.7785334121821408 0.9538461538461539 0.033707865168539325 0.0650887573964497
42 0.7403903015966884 0.8928994082840237 0.03075103489059728 0.05798816568047337
42 0.7143701951507984 0.9840236686390532 0.028385570668243643 0.03195266272189349
25 0.6969248965109403 0.8905325443786982 0.03548196333530455 0.07692307692307693
38 0.7397989355411 0.9881656804733728 0.017740981667652277 0.023668639053254437
38 0.7377291543465405 0.9887573964497042 0.01596688350088705 0.022485207100591716