1 0.3188405797101449 0.3377885783718105 0.04905239687848383 0.09477521263669501
1 0.34782608695652173 0.4198055893074119 0.04905239687848383 0.07897934386391252
1 0.19732441471571907 0.34386391251518833 0.05128205128205128 0.0899149453219927
1 0.17224080267558528 0.425273390036452 0.045707915273132664 0.06804374240583232
25 0.25195094760312153 0.1597812879708384 0.06465997770345597 0.07897934386391252
42 0.10869565217391304 0.1117861482381531 0.03567447045707915 0.03645200486026731
42 0.11204013377926421 0.20291616038882138 0.03455964325529543 0.03766707168894289
1 0.043478260869565216 0.4416767922235723 0.04905239687848383 0.03523693803159174
1 0.033444816053511704 0.15188335358444716 0.06688963210702341 0.04860267314702309
39 0.32274247491638797 0.1543134872417983 0.023411371237458192 0.03523693803159174
93 0.15774804905239687 0.16767922235722965 0.054626532887402456 0.06682867557715674
42 0.2480490523968785 0.44106925880923453 0.06577480490523968 0.03645200486026731
42 0.25418060200668896 0.29586877278250306 0.0758082497212932 0.08626974483596597
35 0.29988851727982163 0.06318347509113001 0.03121516164994426 0.041312272174969626
35 0.1109253065774805 0.028554070473876064 0.030100334448160536 0.041312272174969626
86 0.1616499442586399 0.34386391251518833 0.0379041248606466 0.032806804374240585
86 0.07915273132664437 0.4404617253948967 0.0379041248606466 0.03766707168894289
25 0.8606465997770345 0.21992709599027946 0.06354515050167224 0.07411907654921021
25 0.624860646599777 0.28371810449574725 0.06688963210702341 0.06561360874848117
42 0.8600891861761427 0.34993924665856624 0.056856187290969896 0.061968408262454436
42 0.6231884057971014 0.3882138517618469 0.056856187290969896 0.05953827460510328
42 0.5027870680044593 0.4040097205346294 0.056856187290969896 0.06804374240583232
42 0.44648829431438125 0.40279465370595385 0.05351170568561873 0.06318347509113001
69 0.5055741360089187 0.07897934386391252 0.055741360089186176 0.06318347509113001
49 0.5033444816053512 0.18712029161603888 0.06911928651059086 0.07533414337788578
42 0.45094760312151616 0.2703523693803159 0.06020066889632107 0.06318347509113001
49 0.729654403567447 0.4349939246658566 0.06577480490523968 0.04860267314702309
3 0.5016722408026756 0.3177399756986634 0.04905239687848383 0.038882138517618466
42 0.927536231884058 0.4240583232077764 0.027870680044593088 0.031591737545565005
35 0.9280936454849499 0.30072904009720536 0.03121516164994426 0.04860267314702309
35 0.6850613154960981 0.3347509113001215 0.026755852842809364 0.03402187120291616
96 0.5044593088071349 0.27460510328068044 0.023411371237458192 0.0425273390036452
48 0.5351170568561873 0.2885783718104496 0.032329988851727984 0.02916160388821385
3 0.4035674470457079 0.5006075334143378 0.011148272017837236 0.04860267314702309
25 0.29654403567447046 0.6130012150668287 0.06131549609810479 0.07776427703523693
96 0.37402452619843923 0.5 0.04013377926421405 0.026731470230862697
35 0.221850613154961 0.6767922235722965 0.032329988851727984 0.0425273390036452
35 0.08416945373467112 0.675577156743621 0.033444816053511704 0.040097205346294046
48 0.39520624303233 0.4842041312272175 0.02564102564102564 0.04981773997569866
49 0.6666666666666666 0.7618469015795869 0.10256410256410256 0.11907654921020656
42 0.5351170568561873 0.6852976913730255 0.08695652173913043 0.09234507897934387
42 0.5568561872909699 0.8869987849331713 0.08361204013377926 0.09356014580801944
42 0.4214046822742475 0.9465370595382746 0.024526198439241916 0.09234507897934387
25 0.7653288740245262 0.8869987849331713 0.0903010033444816 0.10085054678007291
74 0.45484949832775917 0.9726609963547995 0.057971014492753624 0.054678007290400975
3 0.44816053511705684 0.7612393681652491 0.055741360089186176 0.0850546780072904
48 0.4882943143812709 0.8165249088699879 0.042363433667781496 0.046172539489671933
96 0.512263099219621 0.7618469015795869 0.03455964325529543 0.041312272174969626