1 0.6196529562982005 0.28881542699724516 0.05964010282776347 0.09707988980716256
1 0.6723007712082262 0.45750688705234155 0.09924164524421598 0.061033057851239594
1 0.7673907455012853 0.4215702479338843 0.10089974293059126 0.05961432506887049
1 0.6788688946015424 0.6073002754820936 0.0952442159383033 0.06370523415977962
1 0.7676992287917738 0.6384573002754821 0.0786889460154242 0.0556198347107438
1 0.8015552699228792 0.2922727272727273 0.05497429305912594 0.09785123966942151
1 0.9294087403598972 0.38743801652892557 0.08505141388174817 0.06168044077134983
25 0.4840102827763496 0.540206611570248 0.0825449871465296 0.079504132231405
25 0.9037017994858613 0.857038567493113 0.08217223650385612 0.08567493112947665
42 0.4330334190231362 0.7166666666666666 0.037724935732647846 0.04367768595041328
42 0.5297686375321337 0.7126859504132231 0.03982005141388177 0.04184573002754828
42 0.9167095115681234 0.4827685950413223 0.03393316195372762 0.04114325068870524
25 0.9275706940874036 0.08480716253443527 0.08136246786632385 0.08698347107438015
1 0.9549228791773778 0.5428374655647383 0.04465295629820053 0.08475206611570245
1 0.8055398457583548 0.7974793388429753 0.08294344473007709 0.0614462809917354
1 0.9387660668380463 0.7546969696969696 0.08375321336760937 0.05852617079889808
1 0.4753213367609255 0.8151515151515151 0.05088688946015428 0.09371900826446276
17 0.9679177377892031 0.6088567493112947 0.05636246786632379 0.03315426997245186
39 0.47838046272493573 0.45225895316804404 0.03703084832904877 0.029090909090909098
93 0.4925706940874036 0.656404958677686 0.07113110539845763 0.06701101928374653
17 0.486388174807198 0.8726308539944904 0.055089974293059146 0.034586776859503995
42 0.8104755784061696 0.5447796143250688 0.09566838046272502 0.08250688705234156
42 0.6279434447300771 0.5368595041322314 0.09048843187660666 0.094228650137741
35 0.3818894601542417 0.4808953168044077 0.04281491002570687 0.03772727272727271
35 0.3448329048843187 0.7139256198347107 0.04354755784061696 0.0366666666666666
86 0.6783804627249357 0.6512121212121211 0.034280205655527085 0.047438016528925694
86 0.7812082262210797 0.7537465564738293 0.03998714652956285 0.047438016528925694