1 0.4318046456223943 0.2507676560900716 0.05658129839189994 0.025076765609007165
1 0.3344252531268612 0.27328556806550663 0.03513996426444312 0.042988741044012284
1 0.3549731983323407 0.31371545547594676 0.03513996426444312 0.042988741044012284
1 0.2474687313877308 0.2758444216990788 0.036628945801072066 0.04094165813715456
1 0.22960095294818345 0.3142272262026612 0.03275759380583681 0.033776867963152504
1 0.43001786777843953 0.3285568065506653 0.05658129839189994 0.02354145342886387
1 0.37462775461584275 0.38178096212896623 0.0357355568790947 0.03480040941658137
25 0.2864800476474092 0.19293756397134085 0.046158427635497316 0.03582395087001024
25 0.10363311494937463 0.372057318321392 0.049434187016081 0.035312180143295804
42 0.1843359142346635 0.17093142272262027 0.02561048243001787 0.016376663254861822
42 0.18671828469326981 0.21238485158648926 0.0247170935080405 0.016888433981576252
42 0.31953543776057175 0.37768679631525076 0.023228111971411555 0.014329580348004094
25 0.5497319833234068 0.38178096212896623 0.05002977963073258 0.03480040941658137
1 0.28499106611078023 0.39201637666325484 0.049434187016081 0.014329580348004094
1 0.13787969029184038 0.33009211873080857 0.03513996426444312 0.03582395087001024
1 0.16229898749255509 0.3843398157625384 0.03335318642048839 0.02968270214943705
1 0.12745681953543775 0.18935516888433981 0.054198927933293624 0.022006141248720572
17 0.2465753424657534 0.3930399181166837 0.019058963668850508 0.012282497441146366
39 0.33710541989279336 0.19037871033776868 0.016676593210244194 0.01586489252814739
93 0.2194758784991066 0.19651995905834185 0.03901131625967838 0.030194472876151485
17 0.09440142942227517 0.19396110542476971 0.019952352590827872 0.02354145342886387
42 0.28379988088147706 0.3321392016376663 0.04705181655747469 0.041453428863868984
42 0.2882668254913639 0.25435005117707266 0.054198927933293624 0.038894575230296824
35 0.3207266229898749 0.1489252814738997 0.022334723049434187 0.018935516888433982
35 0.18582489577129244 0.13357215967246674 0.02144133412745682 0.018935516888433982
86 0.2221560452650387 0.2758444216990788 0.027099463966646812 0.014841351074718526
86 0.16319237641453246 0.31985670419651996 0.027099463966646812 0.016888433981576252
60 0.3350208457415128 0.5926305015353122 0.01876116736152472 0.01586489252814739
25 0.3159618820726623 0.5634595701125895 0.03216200119118523 0.07215967246673491
11 0.9669446098868374 0.8065506653019447 0.048243001786777845 0.08802456499488229
61 0.8662894580107207 0.8091095189355169 0.05062537224538416 0.08904810644831115
75 0.7632519356759976 0.8091095189355169 0.054198927933293624 0.0849539406345957
99 0.6620011911852293 0.8075742067553736 0.048838594401429423 0.08290685772773797