1 0.27767857142857144 0.09517923362175525 0.06964285714285715 0.054388133498145856
1 0.34375 0.0630407911001236 0.06964285714285715 0.054388133498145856
1 0.28214285714285714 0.22991347342398022 0.06607142857142857 0.05686032138442522
1 0.34419642857142857 0.257725587144623 0.054464285714285715 0.05067985166872682
1 0.45625 0.032756489493201486 0.05892857142857143 0.05562422744128554
25 0.146875 0.16934487021013597 0.05803571428571429 0.07169344870210136
42 0.4473214285714286 0.1180469715698393 0.023214285714285715 0.03584672435105068
1 0.47410714285714284 0.17181705809641531 0.030357142857142857 0.07663782447466007
17 0.4816964285714286 0.2311495673671199 0.03660714285714286 0.029666254635352288
39 0.14285714285714285 0.09085290482076638 0.025892857142857145 0.02595797280593325
93 0.15223214285714284 0.26637824474660077 0.049107142857142856 0.04573547589616811
42 0.3736607142857143 0.17367119901112485 0.06696428571428571 0.07292954264524104
42 0.246875 0.1668726823238566 0.06339285714285714 0.08405438813349815
35 0.07589285714285714 0.1161928306551298 0.030357142857142857 0.034610630407911
86 0.28169642857142857 0.2688504326328801 0.024107142857142858 0.0407911001236094
42 0.5383928571428571 0.08838071693448703 0.03571428571428571 0.04449938195302843
42 0.5410714285714285 0.2669962917181706 0.03571428571428571 0.04449938195302843
79 0.8392857142857143 0.16254635352286773 0.03214285714285714 0.037082818294190356
23 0.8705357142857143 0.1631644004944376 0.02142857142857143 0.027194066749072928
65 0.9370535714285714 0.06736711990111248 0.059821428571428574 0.08281829419035847
65 0.9334821428571428 0.2466007416563659 0.05803571428571429 0.08034610630407911
73 0.9540178571428571 0.1588380716934487 0.09196428571428572 0.06056860321384425
29 0.5415178571428572 0.1508034610630408 0.029464285714285714 0.048207663782447466
42 0.6263392857142858 0.032138442521631644 0.03125 0.0407911001236094
42 0.6263392857142858 0.21446229913473425 0.030357142857142857 0.04449938195302843
7 0.6013392857142857 0.05871446229913473 0.022321428571428572 0.054388133498145856
7 0.6004464285714286 0.24042027194066748 0.022321428571428572 0.06056860321384425
46 0.33214285714285713 0.8176761433868974 0.03571428571428571 0.03584672435105068
46 0.33705357142857145 0.9487021013597033 0.039285714285714285 0.038318912237330034
29 0.45223214285714286 0.9252163164400494 0.03482142857142857 0.07292954264524104
47 0.40267857142857144 0.8152039555006181 0.03482142857142857 0.034610630407911
22 0.4160714285714286 0.9480840543881335 0.026785714285714284 0.0407911001236094
22 0.4870535714285714 0.9456118665018541 0.01875 0.032138442521631644
42 0.37901785714285713 0.9907292954264524 0.025892857142857145 0.018541409147095178
42 0.4816964285714286 0.8733003708281829 0.03660714285714286 0.0630407911001236
56 0.4772321428571429 0.7070457354758962 0.03660714285714286 0.034610630407911
42 0.4513392857142857 0.734857849196539 0.05267857142857143 0.0630407911001236
42 0.17276785714285714 0.6452410383189122 0.045535714285714284 0.059332509270704575
42 0.22232142857142856 0.6477132262051916 0.04732142857142857 0.06674907292954264
42 0.16919642857142858 0.4480840543881335 0.04732142857142857 0.06551297898640297
25 0.06339285714285714 0.44870210135970334 0.05357142857142857 0.08281829419035847
49 0.06339285714285714 0.5358467243510506 0.0625 0.08034610630407911
42 0.26517857142857143 0.5778739184177998 0.025 0.042027194066749075
49 0.05 0.3584672435105068 0.055357142857142855 0.08405438813349815
1 0.37276785714285715 0.8677379480840544 0.038392857142857145 0.08405438813349815
1 0.490625 0.9752781211372065 0.01875 0.049443757725587144
42 0.47767857142857145 0.5444993819530284 0.03125 0.04326328800988875
95 0.2558035714285714 0.29666254635352285 0.054464285714285715 0.014833127317676144
3 0.15223214285714284 0.580964153275649 0.04017857142857143 0.03584672435105068
49 0.178125 0.5531520395550061 0.02142857142857143 0.02595797280593325
96 0.14955357142857142 0.5315203955500618 0.023214285714285715 0.032138442521631644
35 0.7397321428571428 0.3862793572311496 0.03571428571428571 0.0407911001236094
42 0.8352678571428571 0.38504326328800986 0.023214285714285715 0.03337453646477132
25 0.678125 0.46909765142150806 0.055357142857142855 0.07663782447466007
86 0.5946428571428571 0.5092707045735476 0.026785714285714284 0.034610630407911
25 0.5736607142857143 0.9752781211372065 0.049107142857142856 0.049443757725587144
42 0.8241071428571428 0.9734239802224969 0.04642857142857143 0.05315203955500618
42 0.8754464285714286 0.927070457354759 0.029464285714285714 0.037082818294190356
42 0.8772321428571429 0.9864029666254636 0.025892857142857145 0.027194066749072928
35 0.7714285714285715 0.7441285537700866 0.033928571428571426 0.042027194066749075
49 0.6602678571428572 0.9715698393077874 0.05803571428571429 0.05686032138442522
49 0.8580357142857142 0.6149567367119901 0.05357142857142857 0.07663782447466007
25 0.7325892857142857 0.8442521631644005 0.059821428571428574 0.07663782447466007
42 0.8111607142857142 0.8448702101359703 0.05267857142857143 0.069221260815822
42 0.7794642857142857 0.4758961681087763 0.05 0.049443757725587144
3 0.7580357142857143 0.9783683559950557 0.025 0.04326328800988875
3 0.9495535714285714 0.47280593325092707 0.038392857142857145 0.03584672435105068
96 0.9482142857142857 0.522867737948084 0.02142857142857143 0.029666254635352288
96 0.7214285714285714 0.9826946847960445 0.025 0.02843016069221261
48 0.7388392857142857 0.9437577255871447 0.024107142857142858 0.03337453646477132
48 0.921875 0.5012360939431397 0.025 0.032138442521631644