1 0.3622641509433962 0.25077399380804954 0.04748427672955975 0.025283797729618165
1 0.28050314465408804 0.27347781217750256 0.029245283018867925 0.04282765737874097
1 0.29779874213836477 0.3142414860681115 0.029245283018867925 0.04282765737874097
1 0.20754716981132076 0.2760577915376677 0.030817610062893082 0.04076367389060888
1 0.1927672955974843 0.3142414860681115 0.027358490566037737 0.033539731682146544
1 0.36069182389937104 0.3286893704850361 0.04748427672955975 0.023735810113519093
1 0.3141509433962264 0.38235294117647056 0.03018867924528302 0.034055727554179564
25 0.24025157232704403 0.19298245614035087 0.038679245283018866 0.03560371517027864
25 0.08679245283018867 0.37254901960784315 0.04150943396226415 0.03508771929824561
42 0.15471698113207547 0.17131062951496387 0.021383647798742137 0.016511867905056758
42 0.15660377358490565 0.21259029927760578 0.020754716981132074 0.017027863777089782
42 0.2682389937106918 0.37770897832817335 0.01949685534591195 0.014447884416924664
25 0.4610062893081761 0.38235294117647056 0.04213836477987421 0.034055727554179564
1 0.2389937106918239 0.39215686274509803 0.04150943396226415 0.014447884416924664
1 0.11540880503144654 0.3302373581011352 0.029245283018867925 0.03560371517027864
1 0.1361635220125786 0.3844169246646027 0.0279874213836478 0.029927760577915376
1 0.1069182389937107 0.18937048503611972 0.045283018867924525 0.02218782249742002
17 0.2069182389937107 0.3937048503611971 0.016037735849056604 0.011351909184726523
39 0.28270440251572326 0.19040247678018576 0.014150943396226415 0.015995872033023734
93 0.18396226415094338 0.19659442724458204 0.03270440251572327 0.0304437564499484
17 0.07924528301886792 0.19401444788441694 0.016666666666666666 0.023735810113519093
42 0.2380503144654088 0.3323013415892673 0.03930817610062893 0.0412796697626419
42 0.24182389937106918 0.2543859649122807 0.045283018867924525 0.0392156862745098
35 0.2691823899371069 0.14912280701754385 0.018553459119496855 0.018575851393188854
35 0.1559748427672956 0.13364293085655315 0.017924528301886792 0.018575851393188854
86 0.1861635220125786 0.2760577915376677 0.022641509433962263 0.014963880288957688
86 0.13679245283018868 0.31991744066047473 0.022641509433962263 0.017027863777089782
47 0.8421383647798742 0.11867905056759546 0.029559748427672956 0.03199174406604747
47 0.740251572327044 0.19298245614035087 0.016981132075471698 0.054695562435500514
42 0.7169811320754716 0.3395252837977296 0.021383647798742137 0.02476780185758514
42 0.739937106918239 0.39164086687306504 0.023270440251572325 0.015479876160990712
25 0.3949685534591195 0.43188854489164086 0.05408805031446541 0.054695562435500514
93 0.4742138364779874 0.5335397316821465 0.04150943396226415 0.04437564499484004
42 0.023270440251572325 0.4809081527347781 0.0440251572327044 0.054695562435500514
30 0.18490566037735848 0.5092879256965944 0.03647798742138365 0.019091847265221878
30 0.1069182389937107 0.5098039215686274 0.02830188679245283 0.021671826625386997
42 0.24779874213836478 0.5593395252837977 0.019182389937106917 0.02631578947368421
42 0.39308176100628933 0.5371517027863777 0.04905660377358491 0.06140350877192982
42 0.03773584905660377 0.40970072239422084 0.05157232704402516 0.02063983488132095
42 0.9 0.5180598555211559 0.024528301886792454 0.054695562435500514
22 0.9009433962264151 0.5846233230134159 0.022641509433962263 0.04540763673890609
29 0.9191823899371069 0.6754385964912281 0.06289308176100629 0.058823529411764705
22 0.8990566037735849 0.7667698658410733 0.027672955974842768 0.038183694530443756
46 0.8685534591194969 0.7930856553147575 0.031446540880503145 0.038183694530443756
42 0.8339622641509434 0.9633642930856553 0.02830188679245283 0.04540763673890609
42 0.900314465408805 0.826625386996904 0.025157232704402517 0.04540763673890609
42 0.9641509433962264 0.5779153766769866 0.0610062893081761 0.09391124871001032
93 0.719811320754717 0.4938080495356037 0.04654088050314465 0.08565531475748193
93 0.6663522012578617 0.42208462332301344 0.04465408805031446 0.04540763673890609
47 0.8132075471698114 0.6775025799793601 0.025157232704402517 0.05985552115583075