1 0.14220430107526882 0.111577964519141 0.043010752688172046 0.019140989729225025
1 0.2161290322580645 0.09477124183006536 0.02661290322580645 0.03221288515406162
1 0.20053763440860214 0.06395891690009337 0.02661290322580645 0.03221288515406162
1 0.28198924731182795 0.09243697478991597 0.02768817204301075 0.03034547152194211
1 0.2956989247311828 0.06395891690009337 0.024731182795698924 0.025210084033613446
1 0.14381720430107528 0.05322128851540616 0.043010752688172046 0.017740429505135387
1 0.18548387096774194 0.012605042016806723 0.026881720430107527 0.025210084033613446
25 0.2524193548387097 0.1549953314659197 0.03494623655913978 0.02661064425770308
25 0.3913978494623656 0.020074696545284782 0.037365591397849465 0.02661064425770308
42 0.3301075268817204 0.17133520074696545 0.01935483870967742 0.012605042016806723
42 0.3282258064516129 0.14052287581699346 0.01881720430107527 0.012605042016806723
42 0.22741935483870968 0.015873015873015872 0.01747311827956989 0.010737628384687208
25 0.05295698924731183 0.012605042016806723 0.038172043010752686 0.025210084033613446
1 0.25349462365591396 0.005135387488328665 0.037096774193548385 0.01027077497665733
1 0.36532258064516127 0.05182072829131653 0.02661290322580645 0.02661064425770308
1 0.3467741935483871 0.011204481792717087 0.025268817204301075 0.022408963585434174
1 0.37338709677419357 0.15779645191409897 0.04112903225806452 0.016339869281045753
17 0.2825268817204301 0.004201680672268907 0.014516129032258065 0.008403361344537815
39 0.21397849462365592 0.1568627450980392 0.012634408602150538 0.012138188608776844
93 0.30349462365591395 0.15219421101774042 0.02956989247311828 0.02287581699346405
17 0.39838709677419354 0.15406162464985995 0.015053763440860216 0.017740429505135387
42 0.2545698924731183 0.049953314659197015 0.03575268817204301 0.03081232492997199
42 0.2513440860215054 0.10877684407096172 0.04112903225806452 0.029411764705882353
35 0.22661290322580646 0.1876750700280112 0.016935483870967744 0.014005602240896359
35 0.32876344086021503 0.19981325863678806 0.016397849462365593 0.014005602240896359
86 0.30134408602150536 0.09243697478991597 0.02043010752688172 0.011204481792717087
86 0.34596774193548385 0.05929038281979458 0.02043010752688172 0.012605042016806723
93 0.7948924731182796 0.19187675070028012 0.03978494623655914 0.0718954248366013
42 0.8446236559139785 0.06956115779645192 0.020967741935483872 0.04295051353874883
39 0.8263440860215053 0.2689075630252101 0.016129032258064516 0.03361344537815126
42 0.23817204301075268 0.6848739495798319 0.009946236559139785 0.03081232492997199
22 0.23817204301075268 0.6139122315592904 0.009946236559139785 0.04061624649859944
46 0.2521505376344086 0.6456582633053222 0.016666666666666666 0.052754435107376284
86 0.2620967741935484 0.48366013071895425 0.00967741935483871 0.06209150326797386
29 0.23118279569892472 0.49253034547152197 0.025537634408602152 0.09056956115779645
56 0.17795698924731182 0.42997198879551823 0.008333333333333333 0.06862745098039216
42 0.1881720430107527 0.4911297852474323 0.020967741935483872 0.11064425770308123
42 0.21048387096774193 0.36554621848739494 0.02043010752688172 0.10644257703081232
22 0.23897849462365592 0.3772175536881419 0.008870967741935484 0.04435107376283847
46 0.25188172043010754 0.3366013071895425 0.01532258064516129 0.049953314659197015
42 0.23870967741935484 0.31092436974789917 0.010752688172043012 0.022408963585434174
46 0.6241935483870967 0.992530345471522 0.02795698924731183 0.014939309056956116
46 0.6241935483870967 0.8394024276377218 0.02795698924731183 0.02334267040149393
39 0.6758064516129032 0.7791783380018674 0.013978494623655914 0.011204481792717087
39 0.6760752688172043 0.6914098972922502 0.013978494623655914 0.009337068160597572
39 0.6763440860215054 0.6176470588235294 0.013440860215053764 0.013071895424836602
39 0.6760752688172043 0.4827264239028945 0.013440860215053764 0.012138188608776844
39 0.6755376344086022 0.3674136321195145 0.015591397849462365 0.011204481792717087
39 0.6559139784946236 0.9906629318394025 0.0064516129032258064 0.018674136321195144
39 0.6559139784946236 0.8398692810457516 0.008064516129032258 0.031746031746031744