1 0.4088032220943613 0.17887473460721867 0.039125431530494824 0.06050955414012739
1 0.4436133486766398 0.28343949044585987 0.0661680092059839 0.03768577494692144
1 0.5063291139240507 0.2611464968152866 0.0661680092059839 0.03768577494692144
1 0.4479286536248562 0.37632696390658177 0.06271576524741082 0.03927813163481953
1 0.5069044879171462 0.39596602972399153 0.05178365937859609 0.03503184713375796
1 0.5287686996547756 0.18099787685774946 0.03653624856156502 0.06050955414012739
1 0.6133486766398158 0.24044585987261147 0.056098964326812426 0.03821656050955414
25 0.3193325661680092 0.3349256900212314 0.05523590333716916 0.04936305732484077
25 0.5963751438434983 0.5313163481953291 0.054372842347525895 0.05307855626326964
42 0.2859608745684695 0.4442675159235669 0.02531645569620253 0.027070063694267517
42 0.3495397008055236 0.4421443736730361 0.0261795166858458 0.02653927813163482
42 0.6047180667433832 0.29936305732484075 0.022151898734177215 0.024946921443736732
25 0.6119102416570771 0.052547770700636945 0.053509781357882626 0.05360934182590234
1 0.6303222094361335 0.3365180467091295 0.028768699654775604 0.05307855626326964
1 0.5313578826237054 0.49469214437367304 0.05523590333716916 0.03768577494692144
1 0.6196777905638665 0.4681528662420382 0.05523590333716916 0.036093418259023353
1 0.3138665132336018 0.505307855626327 0.03394706559263521 0.05785562632696391
17 0.6386651323360184 0.37738853503184716 0.037399309551208286 0.020700636942675158
39 0.3155926352128884 0.2802547770700637 0.02474108170310702 0.018046709129511677
93 0.3247986191024166 0.40711252653927815 0.04660529344073648 0.04193205944798301
17 0.32105868814729577 0.5408704883227177 0.03653624856156502 0.021231422505307854
42 0.5348101265822784 0.3375796178343949 0.06357882623705409 0.05042462845010616
42 0.4142692750287687 0.3328025477707006 0.060126582278481014 0.05785562632696391
35 0.2520138089758343 0.29777070063694266 0.028768699654775604 0.02388535031847134
35 0.22784810126582278 0.4426751592356688 0.028768699654775604 0.022823779193205943
86 0.4479286536248562 0.403927813163482 0.023014959723820484 0.029193205944798302
86 0.5158227848101266 0.46709129511677283 0.0261795166858458 0.029193205944798302
42 0.7934407364787112 0.12208067940552017 0.03682393555811277 0.06475583864118896
42 0.8190448791714614 0.2351380042462845 0.037399309551208286 0.054140127388535034
42 0.7353279631760644 0.3890658174097665 0.018411967779056387 0.03184713375796178
42 0.7580552359033371 0.3492569002123142 0.017836593785960874 0.036093418259023353
42 0.7790563866513234 0.39225053078556266 0.023014959723820484 0.032908704883227176
42 0.9545454545454546 0.11942675159235669 0.01726121979286536 0.03821656050955414
42 0.9951093210586881 0.11995753715498939 0.009781357882623706 0.036093418259023353
42 0.9979861910241657 0.15605095541401273 0.004027617951668585 0.036093418259023353
46 0.930379746835443 0.19904458598726116 0.013233601841196778 0.036093418259023353
46 0.7281357882623706 0.3030785562632696 0.023590333716915997 0.02653927813163482
46 0.796029919447641 0.30095541401273884 0.021288837744533946 0.025477707006369428
46 0.8446490218642118 0.30148619957537154 0.024165707710011506 0.025477707006369428
22 0.7738780207134638 0.3030785562632696 0.014384349827387802 0.02653927813163482
22 0.8181818181818182 0.30042462845010615 0.01611047180667434 0.021231422505307854
47 0.7733026467203682 0.1910828025477707 0.023014959723820484 0.029723991507430998
46 0.7287111622554661 0.18949044585987262 0.023014959723820484 0.03078556263269639
38 0.7940161104718066 0.2616772823779193 0.020138089758342925 0.028662420382165606
76 0.297180667433832 0.8089171974522293 0.08918296892980437 0.1592356687898089
67 0.2977560414269275 0.982484076433121 0.08803222094361335 0.03503184713375796
42 0.7948791714614499 0.6358811040339702 0.023590333716915997 0.03184713375796178
42 0.8498273878020713 0.7399150743099787 0.017836593785960874 0.036093418259023353
42 0.7951668584579977 0.7898089171974523 0.021288837744533946 0.040339702760084924
42 0.796029919447641 0.9469214437367304 0.020138089758342925 0.036093418259023353
3 0.7128883774453395 0.856687898089172 0.019562715765247412 0.028662420382165606
3 0.7036823935558113 0.7001061571125266 0.01611047180667434 0.025477707006369428
7 0.8331415420023015 0.9145435244161358 0.014959723820483314 0.05732484076433121
42 0.8498273878020713 0.8964968152866242 0.018411967779056387 0.041401273885350316
79 0.988204833141542 0.851380042462845 0.017836593785960874 0.022292993630573247
29 0.7951668584579977 0.9904458598726115 0.01726121979286536 0.01910828025477707
29 0.7957422324510932 0.8428874734607219 0.02186421173762946 0.0435244161358811
29 0.7948791714614499 0.6873673036093418 0.0189873417721519 0.044585987261146494
7 0.833716915995397 0.7611464968152867 0.01611047180667434 0.049893842887473464
79 0.987054085155351 0.695859872611465 0.019562715765247412 0.021231422505307854