1 0.32803374432186894 0.12672176308539945 0.031148604802076575 0.04269972451790634
1 0.3559377027903958 0.20110192837465565 0.053212199870214145 0.026859504132231406
1 0.4062297209604153 0.18526170798898073 0.053212199870214145 0.026859504132231406
1 0.3595068137573005 0.26721763085399447 0.050292018170019465 0.027548209366391185
1 0.40655418559377027 0.2803030303030303 0.04153147306943543 0.024793388429752067
1 0.4243997404282933 0.128099173553719 0.029201817001946788 0.04269972451790634
1 0.49221284879948085 0.17011019283746556 0.04477611940298507 0.027548209366391185
25 0.2563270603504218 0.2369146005509642 0.04412719013627515 0.03512396694214876
25 0.47858533419857235 0.37672176308539945 0.043478260869565216 0.0371900826446281
42 0.22939649578195975 0.31473829201101927 0.020441271901362752 0.01928374655647383
42 0.28033744321868914 0.3133608815426997 0.02109020116807268 0.01859504132231405
42 0.4853990914990266 0.21212121212121213 0.017845554834523037 0.01721763085399449
25 0.490914990266061 0.0371900826446281 0.04282933160285529 0.03787878787878788
1 0.5058403634003894 0.23829201101928374 0.023036988968202467 0.0371900826446281
1 0.4263465282284231 0.35055096418732784 0.04412719013627515 0.026859504132231406
1 0.4970798182998053 0.3319559228650138 0.04412719013627515 0.025482093663911846
1 0.2517845554834523 0.3581267217630854 0.027255029201817 0.04132231404958678
17 0.5126541207008436 0.26721763085399447 0.029850746268656716 0.014462809917355372
39 0.25308241401687215 0.19903581267217632 0.019792342634652824 0.012396694214876033
93 0.26054510058403635 0.28856749311294766 0.03731343283582089 0.029614325068870524
17 0.25762491888384165 0.38360881542699726 0.029201817001946788 0.015151515151515152
42 0.42926670992861776 0.2396694214876033 0.050940947436729396 0.03581267217630854
42 0.33257624918883844 0.2362258953168044 0.048345230369889684 0.04132231404958678
35 0.20214146658014276 0.21143250688705234 0.023036988968202467 0.01721763085399449
35 0.18267358857884491 0.3140495867768595 0.023036988968202467 0.01652892561983471
86 0.3595068137573005 0.2865013774104683 0.018494484101232965 0.02066115702479339
86 0.4136924075275795 0.331267217630854 0.02109020116807268 0.02066115702479339
42 0.6469824789097989 0.27892561983471076 0.02855288773523686 0.0674931129476584
42 0.9743672939649578 0.41115702479338845 0.029201817001946788 0.05647382920110193
46 0.5827384815055159 0.081267217630854 0.02465931213497729 0.09090909090909091
93 0.5781959766385464 0.3677685950413223 0.05191434133679429 0.10743801652892562
42 0.7164179104477612 0.3409090909090909 0.055807916937053864 0.11432506887052342
93 0.9243997404282933 0.3333333333333333 0.04672290720311486 0.09917355371900827
93 0.972420506164828 0.4056473829201102 0.030499675535366644 0.0674931129476584
22 0.8215444516547696 0.09504132231404959 0.02465931213497729 0.05234159779614325
7 0.7858533419857235 0.3918732782369146 0.036340038935756006 0.09504132231404959
93 0.6009085009733939 0.2066115702479339 0.04282933160285529 0.0881542699724518
7 0.5463984425697599 0.26170798898071623 0.03374432186891629 0.12121212121212122
86 0.6674237508111616 0.3712121212121212 0.030499675535366644 0.06611570247933884
86 0.8299805321219987 0.3347107438016529 0.029850746268656716 0.0743801652892562
86 0.900064892926671 0.047520661157024795 0.0317975340687865 0.0674931129476584
42 0.8192731992212848 0.01997245179063361 0.021414665801427646 0.03994490358126722
42 0.09149902660609993 0.49449035812672176 0.055807916937053864 0.11019283746556474
42 0.21739130434782608 0.7520661157024794 0.02465931213497729 0.06060606060606061
42 0.32316677482154443 0.5488980716253443 0.02855288773523686 0.0674931129476584
42 0.45425048669695 0.9194214876033058 0.031148604802076575 0.05922865013774105
46 0.254380272550292 0.9696969696969697 0.02336145360155743 0.06060606060606061
93 0.254380272550292 0.6377410468319559 0.05191434133679429 0.10743801652892562
93 0.40103828682673587 0.8636363636363636 0.04672290720311486 0.11294765840220386
42 0.3926022063595068 0.6108815426997245 0.055807916937053864 0.11432506887052342
22 0.2190136275146009 0.8319559228650137 0.030499675535366644 0.05509641873278237
22 0.45749513303049966 0.987603305785124 0.02465931213497729 0.024793388429752067
1 0.1765087605451006 0.6942148760330579 0.05970149253731343 0.06611570247933884
7 0.46203763789746916 0.681129476584022 0.036340038935756006 0.13360881542699724
93 0.27709279688513955 0.4800275482093664 0.04282933160285529 0.081267217630854
7 0.2209604153147307 0.5316804407713499 0.03698896820246593 0.12121212121212122
86 0.3436080467229072 0.6411845730027548 0.030499675535366644 0.06611570247933884
86 0.14925373134328357 0.6046831955922864 0.029850746268656716 0.07162534435261708
86 0.5227125243348475 0.9490358126721763 0.0136275146009085 0.05234159779614325
86 0.5061648280337443 0.6046831955922864 0.029850746268656716 0.0743801652892562
86 0.14600908500973395 0.7865013774104683 0.03244646333549643 0.05647382920110193