42 0.29114331723027376 0.1142156862745098 0.04605475040257649 0.0446078431372549
42 0.09919484702093398 0.0784313725490196 0.044444444444444446 0.047058823529411764
25 0.12576489533011273 0.48333333333333334 0.05249597423510467 0.011764705882352941
1 0.3681159420289855 0.1676470588235294 0.036231884057971016 0.056372549019607844
1 0.28083735909822866 0.3735294117647059 0.03365539452495974 0.05588235294117647
1 0.20515297906602253 0.38529411764705884 0.03365539452495974 0.058333333333333334
1 0.1106280193236715 0.4245098039215686 0.056682769726247986 0.035784313725490194
93 0.09210950080515298 0.006372549019607843 0.04106280193236715 0.012745098039215686
25 0.33752012882447663 0.4769607843137255 0.050241545893719805 0.024509803921568627
1 0.4006441223832528 0.38480392156862747 0.031239935587761676 0.04852941176470588
1 0.43011272141706924 0.1681372549019608 0.03285024154589372 0.04803921568627451
17 0.5334943639291465 0.26666666666666666 0.017230273752012883 0.035784313725490194
42 0.5181964573268921 0.23333333333333334 0.0214170692431562 0.020588235294117647
1 0.1895330112721417 0.15196078431372548 0.03864734299516908 0.052450980392156864
1 0.1431561996779388 0.17107843137254902 0.031239935587761676 0.04852941176470588
1 0.0966183574879227 0.17254901960784313 0.03784219001610306 0.054901960784313725
1 0.32657004830917874 0.4279411764705882 0.057648953301127216 0.03333333333333333
49 0.24879227053140096 0.4843137254901961 0.05507246376811594 0.00980392156862745
42 0.5560386473429951 0.27156862745098037 0.0214170692431562 0.022549019607843137
95 0.1571658615136876 0.3446078431372549 0.039452495974235106 0.016666666666666666
42 0.30193236714975846 0.03284313725490196 0.052657004830917876 0.056372549019607844
42 0.24879227053140096 0.432843137254902 0.05185185185185185 0.053431372549019605
86 0.4676328502415459 0.16911764705882354 0.022222222222222223 0.027941176470588237
86 0.1789049919484702 0.17647058823529413 0.022222222222222223 0.026470588235294117
30 0.14847020933977456 0.13578431372549019 0.028824476650563608 0.01764705882352941
30 0.08470209339774556 0.15784313725490196 0.0214170692431562 0.022549019607843137
30 0.09178743961352658 0.3799019607843137 0.030434782608695653 0.021568627450980392
30 0.12415458937198068 0.4166666666666667 0.019806763285024155 0.025490196078431372
30 0.221256038647343 0.35490196078431374 0.023027375201288246 0.022549019607843137
30 0.31626409017713364 0.3696078431372549 0.023027375201288246 0.025490196078431372
30 0.3059581320450886 0.4196078431372549 0.023027375201288246 0.020098039215686276
39 0.5576489533011272 0.2916666666666667 0.022222222222222223 0.01764705882352941
39 0.40466988727858294 0.16911764705882354 0.02463768115942029 0.02696078431372549