42 0.29003856041131104 0.5573127035830618 0.07165809768637532 0.09037459283387624
42 0.232146529562982 0.9370521172638436 0.07485861182519281 0.08807817589576536
25 0.03975578406169666 0.534071661237785 0.07665809768637533 0.09605863192182414
25 0.9163367609254498 0.8845439739413681 0.0788817480719793 0.10425081433224755
1 0.37601542416452444 0.405 0.0922107969151671 0.07167752442996746
1 0.7080077120822622 0.5773941368078176 0.090064267352185 0.06540716612377845
1 0.7267223650385604 0.7271661237785016 0.09384318766066838 0.06814332247557009
1 0.7898586118251928 0.9141693811074918 0.057300771208226124 0.1128175895765472
46 0.03401028277634961 0.07939739413680781 0.02803341902313625 0.07193811074918569
93 0.09282776349614395 0.9511400651465798 0.06853470437017994 0.08180781758957657
25 0.8987532133676093 0.4652442996742671 0.0831876606683805 0.09877850162866446
1 0.7261182519280205 0.34013029315960913 0.07834190231362474 0.06135179153094465
1 0.37659383033419025 0.2817100977198697 0.0762467866323908 0.06397394136807823
17 0.5355141388174807 0.07697068403908794 0.057043701799485855 0.03449511400651464
42 0.4818380462724936 0.10786644951140066 0.03251928020565547 0.04201954397394138
42 0.07042416452442159 0.15338762214983714 0.03231362467866324 0.042573289902280105
1 0.35073264781491004 0.7581758957654723 0.0844858611825193 0.07589576547231273
1 0.38110539845758357 0.8501628664495114 0.07955012853470435 0.060798045602605835
1 0.3838688946015424 0.9425407166123779 0.08794344473007706 0.07543973941368068
1 0.795784061696658 0.48716612377850166 0.05485861182519288 0.11294788273615639
1 0.9637917737789203 0.9478827361563518 0.056696658097686245 0.10423452768729642
49 0.9169537275064267 0.6407654723127036 0.07439588688946029 0.10889250814332249
42 0.5433933161953728 0.032687296416938114 0.03565552699228793 0.04366449511400652
95 0.6612853470437018 0.8228827361563518 0.025796915167095105 0.07861563517915307
42 0.1587017994858612 0.5361074918566775 0.09174807197943444 0.10377850162866455
42 0.804228791773779 0.6407980456026059 0.08604113110539853 0.10174267100977204
1 0.04181233933161954 0.8865960912052118 0.08362467866323908 0.06851791530944615
86 0.37859897172236506 0.20728013029315961 0.044408740359897114 0.044413680781758974
86 0.04030848329048843 0.8224755700325733 0.03155526992287917 0.06366449511400647
86 0.3902827763496144 0.7795439739413681 0.04206940874035992 0.04293159609120523
30 0.32484575835475576 0.8394951140065148 0.028046272493573256 0.05627035830618885
30 0.35989717223650386 0.9660912052117263 0.035051413881748046 0.042931596091205046
30 0.7180462724935732 0.9520358306188924 0.03388174807197931 0.05921824104234511
30 0.7776349614395887 0.8876221498371335 0.040899742930591176 0.039983713355048786
30 0.6783161953727507 0.6951465798045603 0.03622107969151679 0.045895765472312625
30 0.7016838046272493 0.5071009771986971 0.040899742930591176 0.045895765472312625
30 0.7823136246786632 0.5278338762214984 0.03155526992287912 0.045895765472312625
39 0.5760668380462725 0.02960912052117264 0.02804627249357333 0.04441368078175895
39 0.3780077120822622 0.3323941368078176 0.043239074550128515 0.048859934853420196