42 0.22292780748663102 0.060689655172413794 0.03531639928698752 0.02379310344827586
42 0.07586898395721925 0.04172413793103448 0.0339795008912656 0.02482758620689655
25 0.09636809269162211 0.25689655172413794 0.04032976827094474 0.0058620689655172415
1 0.2818627450980392 0.08896551724137931 0.027740641711229946 0.03
1 0.21501782531194297 0.1986206896551724 0.025846702317290554 0.029655172413793104
1 0.1570855614973262 0.20482758620689656 0.025846702317290554 0.03103448275862069
1 0.08467023172905526 0.22551724137931034 0.04344919786096257 0.01896551724137931
93 0.07052139037433156 0.0034482758620689655 0.03152852049910874 0.006896551724137931
25 0.25846702317290554 0.253448275862069 0.03832442067736185 0.01310344827586207
1 0.3067067736185383 0.20448275862068965 0.02395276292335116 0.02586206896551724
1 0.3293226381461676 0.08931034482758621 0.02517825311942959 0.025517241379310347
17 0.40842245989304815 0.14172413793103447 0.013257575757575758 0.01896551724137931
42 0.3967245989304813 0.12413793103448276 0.016377005347593582 0.011034482758620689
1 0.14516488413547238 0.08103448275862069 0.029634581105169342 0.02793103448275862
1 0.10962566844919786 0.0906896551724138 0.02395276292335116 0.02586206896551724
1 0.07397504456327986 0.09172413793103448 0.028966131907308377 0.029310344827586206
1 0.25 0.22724137931034483 0.04411764705882353 0.01793103448275862
49 0.19039661319073084 0.25724137931034485 0.042112299465240643 0.005517241379310344
42 0.4256907308377897 0.14448275862068966 0.016377005347593582 0.011724137931034483
95 0.12032085561497326 0.18310344827586206 0.03019162210338681 0.00896551724137931
42 0.23117201426024955 0.017586206896551725 0.04032976827094474 0.03
42 0.19050802139037434 0.23 0.039661319073083776 0.028275862068965516
86 0.358065953654189 0.09 0.017045454545454544 0.014827586206896552
86 0.13703208556149732 0.09379310344827586 0.017045454545454544 0.014137931034482758
30 0.11363636363636363 0.07206896551724137 0.022058823529411766 0.009310344827586206
30 0.06483957219251336 0.08379310344827587 0.016377005347593582 0.011724137931034483
30 0.07018716577540107 0.20172413793103447 0.023284313725490197 0.011379310344827587
30 0.09514260249554367 0.22137931034482758 0.015151515151515152 0.013448275862068966
30 0.16945187165775402 0.18862068965517242 0.017602495543672013 0.011724137931034483
30 0.24220142602495542 0.19655172413793104 0.017602495543672013 0.013448275862068966
30 0.23429144385026737 0.22310344827586207 0.017602495543672013 0.010689655172413793
39 0.42702762923351156 0.15482758620689654 0.017045454545454544 0.009310344827586206
39 0.30982620320855614 0.0896551724137931 0.01893939393939394 0.014482758620689656
42 0.2517825311942959 0.4724137931034483 0.0339795008912656 0.08206896551724138
42 0.10071301247771836 0.6920689655172414 0.04077540106951872 0.09551724137931035
42 0.1891711229946524 0.5606896551724138 0.019719251336898395 0.043448275862068966
42 0.26916221033868093 0.6786206896551724 0.016377005347593582 0.04172413793103448
42 0.26715686274509803 0.3182758620689655 0.01771390374331551 0.05068965517241379
22 0.267825311942959 0.2693103448275862 0.0142602495543672 0.018620689655172412
22 0.26637700534759357 0.3796551724137931 0.016377005347593582 0.037241379310344824
22 0.2681595365418895 0.6220689655172413 0.012254901960784314 0.034482758620689655
22 0.26849376114081996 0.7303448275862069 0.017045454545454544 0.019310344827586208
22 0.2415329768270945 0.5606896551724138 0.017045454545454544 0.037241379310344824
93 0.15853386809269163 0.6427586206896552 0.034759358288770054 0.08068965517241379
1 0.21368092691622104 0.4879310344827586 0.023841354723707665 0.09413793103448276
7 0.27395276292335113 0.5665517241379311 0.03943850267379679 0.04172413793103448