42 0.28661464585834334 0.114375 0.04531812725090036 0.045
42 0.0975390156062425 0.07875 0.043817527010804325 0.046875
25 0.12394957983193278 0.484375 0.05192076830732293 0.01125
1 0.3622448979591837 0.168125 0.03571428571428571 0.056875
1 0.27641056422569027 0.374375 0.03331332533013205 0.055625
1 0.20198079231692678 0.385625 0.03331332533013205 0.058125
1 0.10894357743097238 0.425 0.05582232893157263 0.035625
93 0.09063625450180073 0.00625 0.040516206482593034 0.0125
25 0.3322328931572629 0.478125 0.04921968787515006 0.02375
1 0.3940576230492197 0.385625 0.030612244897959183 0.04875
1 0.42316926770708285 0.168125 0.03241296518607443 0.048125
17 0.5249099639855942 0.266875 0.017106842737094837 0.035625
42 0.5099039615846338 0.23375 0.02100840336134454 0.020625
1 0.18667466986794717 0.1525 0.03811524609843937 0.0525
1 0.1407563025210084 0.17125 0.030612244897959183 0.04875
1 0.09513805522208883 0.1725 0.03721488595438175 0.055
1 0.32142857142857145 0.42875 0.05672268907563025 0.03375
49 0.24489795918367346 0.485 0.05432172869147659 0.009375
42 0.5471188475390156 0.271875 0.02100840336134454 0.0225
95 0.15456182472989197 0.345 0.03871548619447779 0.016875
42 0.29711884753901563 0.033125 0.05192076830732293 0.056875
42 0.24489795918367346 0.43375 0.05102040816326531 0.05375
86 0.46008403361344535 0.169375 0.021908763505402162 0.028125
86 0.17617046818727491 0.176875 0.021908763505402162 0.02625
30 0.14615846338535415 0.13625 0.028211284513805522 0.0175
30 0.08343337334933974 0.158125 0.02100840336134454 0.0225
30 0.09033613445378151 0.38 0.030012004801920768 0.02125
30 0.12214885954381753 0.4175 0.019507803121248498 0.025625
30 0.21758703481392558 0.355625 0.022809123649459785 0.0225
30 0.3112244897959184 0.37 0.022809123649459785 0.025625
30 0.3010204081632653 0.42 0.022809123649459785 0.02
39 0.5486194477791116 0.291875 0.021908763505402162 0.0175
39 0.3982593037214886 0.169375 0.024309723889555823 0.026875
42 0.7013805522208884 0.3675 0.028211284513805522 0.06
42 0.5366146458583433 0.5 0.01680672268907563 0.02
42 0.9672869147659063 0.605625 0.028211284513805522 0.05875
46 0.8622448979591837 0.683125 0.036614645858343335 0.05875
1 0.9885954381752701 0.533125 0.022809123649459785 0.08625
22 0.9330732292917167 0.604375 0.02100840336134454 0.04375
87 0.9549819927971188 0.979375 0.026410564225690276 0.04125