42 0.1421383647798742 0.16150670794633643 0.03522012578616352 0.02631578947368421
42 0.11352201257861635 0.2719298245614035 0.03710691823899371 0.025283797729618165
25 0.01949685534591195 0.15479876160990713 0.03773584905660377 0.02786377708978328
25 0.4490566037735849 0.2564499484004128 0.0389937106918239 0.0304437564499484
1 0.18427672955974841 0.11713106295149639 0.04465408805031446 0.02063983488132095
1 0.34685534591194966 0.16718266253869968 0.0440251572327044 0.0196078431372549
1 0.3559748427672956 0.21104231166150672 0.04591194968553459 0.0196078431372549
1 0.38710691823899374 0.26522187822497423 0.02830188679245283 0.032507739938080496
46 0.016666666666666666 0.02321981424148607 0.013207547169811321 0.02063983488132095
93 0.045283018867924525 0.2760577915376677 0.03333333333333333 0.023735810113519093
25 0.44025157232704404 0.1346749226006192 0.040880503144654086 0.02889576883384933
1 0.35566037735849054 0.09855521155830753 0.038364779874213835 0.01805985552115583
1 0.18459119496855345 0.08152734778121776 0.03773584905660377 0.019091847265221878
17 0.2622641509433962 0.02218782249742002 0.02830188679245283 0.00980392156862745
42 0.23616352201257862 0.030959752321981424 0.016352201257861635 0.01238390092879257
42 0.03459119496855346 0.04437564499484004 0.015723270440251572 0.01238390092879257
1 0.1720125786163522 0.21981424148606812 0.04150943396226415 0.02218782249742002
1 0.18679245283018867 0.24664602683178535 0.038364779874213835 0.01805985552115583
1 0.18805031446540882 0.27347781217750256 0.04339622641509434 0.021671826625386997
1 0.389937106918239 0.14138286893704852 0.026415094339622643 0.033023735810113516
1 0.47232704402515724 0.27450980392156865 0.027672955974842768 0.030959752321981424
49 0.44937106918238995 0.18575851393188855 0.03647798742138365 0.03147574819401445
42 0.26635220125786163 0.009287925696594427 0.01761006289308176 0.01238390092879257
95 0.3238993710691824 0.23839009287925697 0.013207547169811321 0.022703818369453045
42 0.07767295597484276 0.15531475748194015 0.04465408805031446 0.0304437564499484
42 0.3940251572327044 0.18575851393188855 0.04213836477987421 0.029927760577915376
1 0.020440251572327043 0.25696594427244585 0.040880503144654086 0.0196078431372549
86 0.18553459119496854 0.06037151702786378 0.0220125786163522 0.012899896800825593
86 0.01981132075471698 0.23839009287925697 0.015723270440251572 0.019091847265221878
86 0.19119496855345913 0.2260061919504644 0.020754716981132074 0.012899896800825593
30 0.1591194968553459 0.2435500515995872 0.013836477987421384 0.016511867905056758
30 0.17641509433962263 0.2801857585139319 0.01761006289308176 0.01238390092879257
30 0.35157232704402513 0.2760577915376677 0.016981132075471698 0.017543859649122806
30 0.38113207547169814 0.25748194014447884 0.02012578616352201 0.011351909184726523
30 0.3320754716981132 0.20175438596491227 0.01761006289308176 0.013415892672858616
30 0.34371069182389935 0.14705882352941177 0.02012578616352201 0.013415892672858616
30 0.38333333333333336 0.15325077399380804 0.015723270440251572 0.013415892672858616
39 0.2820754716981132 0.008255933952528379 0.013836477987421384 0.012899896800825593
39 0.1852201257861635 0.09649122807017543 0.021383647798742137 0.01393188854489164
35 0.6386792452830189 0.13106295149638802 0.02578616352201258 0.026831785345717233
39 0.008490566037735849 0.40763673890608876 0.016981132075471698 0.016511867905056758
46 0.06981132075471698 0.8302373581011352 0.033962264150943396 0.038183694530443756
93 0.10534591194968554 0.5655314757481941 0.04716981132075472 0.07223942208462332
42 0.239937106918239 0.4473684210526316 0.03333333333333333 0.04024767801857585
22 0.28050314465408804 0.4458204334365325 0.027672955974842768 0.03715170278637771
29 0.33584905660377357 0.41589267285861714 0.035849056603773584 0.10319917440660474
22 0.3915094339622642 0.44891640866873067 0.023270440251572325 0.04540763673890609
46 0.4075471698113208 0.49896800825593396 0.023270440251572325 0.05159958720330237
42 0.4279874213836478 0.44685242518059853 0.027672955974842768 0.0412796697626419
42 0.27641509433962264 0.34210526315789475 0.057232704402515724 0.1001031991744066
93 0.22515723270440252 0.7430340557275542 0.05220125786163522 0.07636738906088751
93 0.15157232704402515 0.8302373581011352 0.0880503144654088 0.07327141382868937
1 0.14842767295597484 0.5433436532507739 0.03647798742138365 0.09287925696594428
39 0.09528301886792453 0.9881320949432405 0.013207547169811321 0.023735810113519093
47 0.3371069182389937 0.5897832817337462 0.03647798742138365 0.0412796697626419