42 0.2911188623557821 0.0813782991202346 0.046015562114301044 0.03152492668621701
42 0.09914140059028709 0.05571847507331378 0.04440568822108935 0.03372434017595308
25 0.12583847598604775 0.34457478005865105 0.05258921384491548 0.008797653958944282
1 0.36812449691440835 0.11950146627565983 0.03622216259726321 0.04032258064516129
1 0.2809229943654414 0.2668621700879765 0.033673195599678026 0.039589442815249266
1 0.20525892138449156 0.2749266862170088 0.033673195599678026 0.041788856304985335
1 0.11067883015830426 0.3027859237536657 0.05674805473571237 0.025659824046920823
93 0.09216528038636973 0.004398826979472141 0.04118594043466595 0.008797653958944282
25 0.33767104910115375 0.34017595307917886 0.050174403005097935 0.01686217008797654
1 0.4005902870941776 0.27419354838709675 0.03125838475986048 0.0344574780058651
1 0.4302387979608264 0.12023460410557185 0.03286825865307218 0.0344574780058651
17 0.5334048832841427 0.18988269794721407 0.017306144352025758 0.025659824046920823
42 0.5182452374563993 0.16642228739002932 0.021330829085055004 0.01466275659824047
1 0.18956265092567748 0.10850439882697947 0.03863697343708076 0.0373900293255132
1 0.1431446203380735 0.1217008797653959 0.03125838475986048 0.0344574780058651
1 0.0965924335927019 0.12316715542521994 0.03783203649047491 0.038856304985337244
1 0.3265360880064395 0.30498533724340177 0.05755299168231822 0.024193548387096774
49 0.24885967265897505 0.3453079178885631 0.05513818084250067 0.006598240469208211
42 0.5560772739468741 0.1935483870967742 0.021330829085055004 0.016129032258064516
95 0.15709686074590823 0.24560117302052786 0.039441910383686614 0.011730205278592375
42 0.30185135497719345 0.02346041055718475 0.05258921384491548 0.04032258064516129
42 0.24885967265897505 0.3086510263929619 0.05178427689830963 0.03812316715542522
86 0.4676683659779984 0.12096774193548387 0.022269922189428495 0.019794721407624633
86 0.1789643144620338 0.12609970674486803 0.022269922189428495 0.01906158357771261
30 0.1485108666487792 0.0967741935483871 0.02884357392004293 0.012463343108504398
30 0.08478669170914944 0.11217008797653959 0.021330829085055004 0.016129032258064516
30 0.09176281191306682 0.27052785923753664 0.03045344781325463 0.015395894428152493
30 0.12422860209283607 0.2969208211143695 0.019720955191843307 0.018328445747800588
30 0.2212235041588409 0.2529325513196481 0.023074859136034343 0.016129032258064516
30 0.3162060638583311 0.26392961876832843 0.023074859136034343 0.018328445747800588
30 0.30601019586799033 0.2991202346041056 0.023074859136034343 0.013929618768328446
39 0.5576871478400859 0.20821114369501467 0.022269922189428495 0.012463343108504398
39 0.40474912798497453 0.12023460410557185 0.024684733029246043 0.01906158357771261
47 0.24429836329487523 0.3614369501466276 0.009390931043734908 0.024926686217008796
46 0.2657633485376979 0.6173020527859238 0.009122618728199625 0.05571847507331378
46 0.2654950362221626 0.41935483870967744 0.010732492621411323 0.05718475073313783
87 0.27434934263482696 0.36656891495601174 0.028172793131204722 0.03519061583577713