1 0.25065160729800173 0.4964589235127479 0.038227628149435276 0.10056657223796034
1 0.342745438748914 0.13031161473087818 0.035621198957428324 0.09915014164305949
1 0.4226759339704605 0.10977337110481586 0.035621198957428324 0.10339943342776203
1 0.5212858384013901 0.04036827195467422 0.05734144222415291 0.06373937677053824
1 0.2163336229365769 0.11048158640226628 0.03301476976542137 0.08640226628895184
1 0.18505647263249347 0.49575070821529743 0.03475238922675934 0.08498583569405099
17 0.07602085143353605 0.32082152974504247 0.018245004344048653 0.06373937677053824
42 0.09209383145091225 0.37960339943342775 0.022589052997393572 0.036827195467422094
1 0.43918331885317113 0.5134560906515581 0.04083405734144222 0.07223796033994334
1 0.4882710686359687 0.49079320113314445 0.03301476976542137 0.08640226628895184
1 0.5334491746307559 0.48796033994334276 0.03301476976542137 0.09773371104815864
1 0.2945264986967854 0.0339943342776204 0.060816681146828845 0.059490084985835696
42 0.052128583840139006 0.311614730878187 0.022589052997393572 0.039660056657223795
95 0.473501303214596 0.1820113314447592 0.04170286707211121 0.029745042492917848
42 0.37662901824500433 0.03611898016997167 0.05473501303214596 0.07223796033994334
86 0.14552562988705472 0.4936260623229462 0.023457862728062554 0.049575070821529746
86 0.45047784535186797 0.48087818696883855 0.023457862728062554 0.046742209631728045
30 0.4826238053866203 0.5432011331444759 0.030408340573414423 0.012747875354107648
30 0.5443092962641182 0.5141643059490085 0.011294526498696786 0.039660056657223795
30 0.5382276281494353 0.11968838526912182 0.023457862728062554 0.03824362606232295
30 0.5082536924413553 0.053824362606232294 0.020851433536055605 0.0453257790368272
30 0.40573414422241527 0.16359773371104816 0.02432667245873154 0.039660056657223795
30 0.3053866203301477 0.13739376770538245 0.02432667245873154 0.0453257790368272
30 0.31624674196351 0.04886685552407932 0.02432667245873154 0.03541076487252125
39 0.05039096437880104 0.2762039660056657 0.023457862728062554 0.031161473087818695
39 0.21198957428323198 0.4943342776203966 0.026064291920069503 0.04815864022662889
46 0.6841876629018245 0.48725212464589235 0.030408340573414423 0.031161473087818695
46 0.7476107732406603 0.45609065155807366 0.021720243266724587 0.04815864022662889
25 0.8375325803649001 0.48087818696883855 0.05560382276281494 0.08923512747875353
42 0.7423979148566464 0.334985835694051 0.046046915725456126 0.06940509915014165
42 0.6750651607298002 0.0113314447592068 0.01737619461337967 0.0226628895184136
95 0.6993918331885317 0.5014164305949008 0.01737619461337967 0.0679886685552408
42 0.8388357949609035 0.26345609065155806 0.052997393570807995 0.09348441926345609
30 0.741094700260643 0.13172804532577903 0.03127715030408341 0.025495750708215296
30 0.763249348392702 0.10552407932011332 0.028670721112076455 0.028328611898016998
42 0.7662901824500434 0.5757790368271954 0.045178105994787145 0.05240793201133145
25 0.8297132927888793 0.5828611898016998 0.052128583840139006 0.06657223796033994
22 0.6946133796698523 0.9128895184135978 0.018245004344048653 0.046742209631728045
42 0.6989574283231972 0.9645892351274787 0.026064291920069503 0.0453257790368272
93 0.8323197219808862 0.9822946175637394 0.04691572545612511 0.03541076487252125
1 0.9587315377932233 0.9610481586402266 0.05560382276281494 0.06373937677053824
42 0.9022589052997394 0.9546742209631728 0.05473501303214596 0.08923512747875353