42 0.24002382370458605 0.4489247311827957 0.03335318642048839 0.021505376344086023
1 0.1843359142346635 0.3864247311827957 0.026206075044669448 0.09543010752688172
1 0.2474687313877308 0.043010752688172046 0.024419297200714712 0.08602150537634409
1 0.302263251935676 0.034274193548387094 0.024419297200714712 0.06854838709677419
1 0.16081000595592615 0.03024193548387097 0.022632519356759976 0.06048387096774194
1 0.13936867182846932 0.385752688172043 0.023823704586063133 0.08064516129032258
17 0.06462179868969625 0.21975806451612903 0.012507444907683145 0.06048387096774194
42 0.07564026206075045 0.27553763440860213 0.015485407980941036 0.03494623655913978
1 0.313579511614056 0.41263440860215056 0.02799285288862418 0.08870967741935484
1 0.34723049434187014 0.3810483870967742 0.022632519356759976 0.08198924731182795
1 0.38088147706968434 0.37836021505376344 0.0273972602739726 0.09274193548387097
42 0.048243001786777845 0.2110215053763441 0.015485407980941036 0.03763440860215054
95 0.33710541989279336 0.08803763440860216 0.02858844550327576 0.028225806451612902
86 0.11226920786182251 0.38373655913978494 0.016081000595592615 0.04704301075268817
86 0.3213222156045265 0.37163978494623656 0.016081000595592615 0.04435483870967742
30 0.3433591423466349 0.44018817204301075 0.02084574151280524 0.02956989247311828
30 0.3895175699821322 0.4032258064516129 0.015485407980941036 0.03763440860215054
30 0.3844550327575938 0.02889784946236559 0.022036926742108397 0.036290322580645164
30 0.29064919594997024 0.07056451612903226 0.016676593210244194 0.03763440860215054
30 0.22185824895771292 0.0456989247311828 0.016676593210244194 0.043010752688172046
39 0.04705181655747469 0.1774193548387097 0.016081000595592615 0.02956989247311828
39 0.15783204288266825 0.3844086021505376 0.01786777843954735 0.0456989247311828
61 0.0634306134603931 0.5141129032258065 0.05062537224538416 0.10887096774193548
75 0.16646813579511613 0.5127688172043011 0.054198927933293624 0.10618279569892473
99 0.2674210839785587 0.5127688172043011 0.048838594401429423 0.10618279569892473