42 0.22691879866518352 0.43312101910828027 0.03114571746384872 0.03184713375796178
1 0.174916573971079 0.37632696390658177 0.024471635150166853 0.07537154989384288
1 0.23387096774193547 0.10191082802547771 0.022803114571746386 0.07430997876857749
1 0.2850389321468298 0.0865180467091295 0.022803114571746386 0.07749469214437367
1 0.34899888765294773 0.034501061571125265 0.03837597330367074 0.04777070063694268
1 0.15294771968854282 0.0870488322717622 0.021134593993325918 0.06475583864118896
1 0.13292547274749722 0.37579617834394907 0.02224694104560623 0.06369426751592357
17 0.06312569521690768 0.24469214437367304 0.01167964404894327 0.04777070063694268
42 0.07341490545050056 0.28874734607218683 0.014460511679644048 0.027600849256900213
1 0.29560622914349277 0.3970276008492569 0.02614015572858732 0.07006369426751592
1 0.3270300333704116 0.37208067940552014 0.021134593993325918 0.06475583864118896
1 0.35845383759733035 0.36995753715498936 0.025583982202447165 0.0732484076433121
1 0.20300333704115683 0.029723991507430998 0.0389321468298109 0.044585987261146494
42 0.047830923248053395 0.23779193205944799 0.014460511679644048 0.029723991507430998
95 0.3175750834260289 0.14065817409766454 0.026696329254727477 0.022292993630573247
42 0.2555617352614016 0.029193205944798302 0.035038932146829814 0.058386411889596604
86 0.10761957730812013 0.37420382165605093 0.015016685205784204 0.037154989384288746
86 0.3028364849833148 0.3646496815286624 0.015016685205784204 0.03503184713375796
30 0.32341490545050056 0.41878980891719747 0.01946607341490545 0.02335456475583864
30 0.3665183537263626 0.3895966029723992 0.014460511679644048 0.029723991507430998
30 0.3617908787541713 0.09394904458598727 0.020578420467185762 0.028662420382165606
30 0.3398220244716352 0.044585987261146494 0.013348164627363738 0.03397027600849257
30 0.27419354838709675 0.12685774946921444 0.01557285873192436 0.029723991507430998
30 0.20995550611790878 0.10721868365180467 0.01557285873192436 0.03397027600849257
30 0.21690767519466073 0.04087048832271762 0.01557285873192436 0.02653927813163482
39 0.04671857619577308 0.21125265392781317 0.015016685205784204 0.02335456475583864
39 0.15016685205784205 0.3747346072186836 0.01668520578420467 0.036093418259023353
76 0.4944382647385984 0.0875796178343949 0.08342602892102335 0.16454352441613587
67 0.6218020022246941 0.08598726114649681 0.09065628476084539 0.1624203821656051
42 0.7394327030033371 0.0875796178343949 0.08620689655172414 0.1624203821656051
25 0.1596218020022247 0.638004246284501 0.08398220244716352 0.1624203821656051
9 0.28587319243604004 0.6422505307855626 0.08620689655172414 0.1592356687898089
56 0.38626251390433813 0.6401273885350318 0.04338153503893215 0.08067940552016985
49 0.7030033370411568 0.6449044585987261 0.08231368186874305 0.15605095541401273
66 0.8298109010011123 0.6443736730360934 0.08731924360400445 0.16560509554140126
77 0.9566184649610678 0.6459660297239915 0.0867630700778643 0.1602972399150743