42 0.3214074512123004 0.4514792899408284 0.04257835600236547 0.05384615384615385
42 0.4982259018332348 0.49467455621301776 0.04080425783560024 0.05680473372781065
25 0.47368421052631576 0.00650887573964497 0.04849201655824956 0.01301775147928994
1 0.25044352454169133 0.3875739644970414 0.03341218214074512 0.06804733727810651
1 0.33086930810171494 0.1390532544378698 0.031046717918391486 0.06745562130177515
1 0.40065050266114727 0.12544378698224853 0.031046717918391486 0.06982248520710059
1 0.4875813128326434 0.07810650887573964 0.052335895919574216 0.04319526627218935
93 0.5047309284447072 0.5810650887573965 0.03784742755765819 0.016568047337278107
25 0.2785334121821407 0.014201183431952662 0.046126552335895916 0.027810650887573965
1 0.22057953873447664 0.12603550295857988 0.028681253696037846 0.058579881656804736
1 0.19337670017740982 0.38698224852071006 0.030455351862803074 0.05739644970414201
17 0.09816676522767594 0.26804733727810653 0.01596688350088705 0.04319526627218935
42 0.11206386753400355 0.30828402366863905 0.019810762862211707 0.02485207100591716
1 0.4148432879952691 0.4059171597633136 0.03548196333530455 0.06331360946745562
1 0.4577173270254287 0.3834319526627219 0.028681253696037846 0.058579881656804736
1 0.5005913660555884 0.3816568047337278 0.03489059727971614 0.06627218934911243
1 0.2885866351271437 0.07396449704142012 0.05292726197516263 0.040236686390532544
42 0.0771732702542874 0.2621301775147929 0.019810762862211707 0.026627218934911243
95 0.44470727380248376 0.1739644970414201 0.03636901241868717 0.020118343195266272
42 0.3113542282672975 0.5497041420118344 0.04849201655824956 0.06804733727810651
42 0.3604376108811354 0.06745562130177515 0.04760496747486694 0.06449704142011835
86 0.1587817859254879 0.385207100591716 0.02040212891780012 0.03372781065088758
86 0.42489651094027203 0.3769230769230769 0.02040212891780012 0.03195266272189349
30 0.4526907155529273 0.4254437869822485 0.026611472501478415 0.021301775147928994
30 0.511531638083974 0.3994082840236686 0.019810762862211707 0.026627218934911243
30 0.5050266114725015 0.1319526627218935 0.028089887640449437 0.02603550295857988
30 0.47516262566528683 0.08757396449704143 0.018332347723240685 0.03076923076923077
30 0.38586635127143704 0.16153846153846155 0.021289178001182733 0.026627218934911243
30 0.29834417504435246 0.1437869822485207 0.021289178001182733 0.03076923076923077
30 0.307806031933767 0.08402366863905325 0.021289178001182733 0.0242603550295858
39 0.07569485511531639 0.2378698224852071 0.02040212891780012 0.021301775147928994
39 0.21673565937315198 0.3857988165680473 0.022767593140153756 0.03254437869822485
89 0.29863985807214666 0.6473372781065089 0.06268480189237138 0.11597633136094675
47 0.7315198107628622 0.9005917159763314 0.027794204612655235 0.036686390532544376
47 0.8273211117681845 0.8153846153846154 0.01596688350088705 0.06272189349112427
42 0.8492016558249557 0.6473372781065089 0.020106445890005913 0.028402366863905324