25 0.08227848101265822 0.07520510483135825 0.045454545454545456 0.041932543299908843
25 0.5834292289988493 0.06472196900638104 0.04833141542002301 0.041932543299908843
42 0.17261219792865362 0.07748404740200547 0.04459148446490219 0.03646308113035551
42 0.17635212888377447 0.18960802187784867 0.04459148446490219 0.03828623518687329
42 0.2218066743383199 0.19006381039197812 0.03941311852704258 0.04056517775752051
42 0.4194476409666283 0.24430264357338194 0.045454545454545456 0.03919781221513218
42 0.45195627157652474 0.3236098450319052 0.045454545454545456 0.03691886964448496
42 0.4781357882623705 0.1722880583409298 0.03998849252013809 0.03828623518687329
42 0.5238780207134638 0.16955332725615316 0.04372842347525892 0.03965360072926162
42 0.5135212888377445 0.06472196900638104 0.043153049482163405 0.041932543299908843
49 0.0785385500575374 0.12579762989972654 0.05523590333716916 0.044667274384685506
49 0.6182393555811277 0.105742935278031 0.05379746835443038 0.04421148587055606
49 0.05149597238204833 0.024612579762989972 0.052071346375143844 0.03965360072926162
3 0.5417146144994246 0.13445761166818596 0.032508630609896436 0.02871467639015497
3 0.15995397008055237 0.15314494074749316 0.028768699654775604 0.02506836827711942
46 0.3173187571921749 0.2894257064721969 0.03164556962025317 0.02324521422060164
46 0.3173187571921749 0.3664539653600729 0.03164556962025317 0.018231540565177756
46 0.41915995397008055 0.3650865998176846 0.03394706559263521 0.016864175022789425
46 0.48676639815880324 0.3673655423883318 0.030207134637514385 0.020966271649954422
47 0.37715765247410815 0.2907930720145852 0.03624856156501726 0.015952597994530537
42 0.3552934407364787 0.39653600729261623 0.0189873417721519 0.02506836827711942
42 0.32681242807825084 0.4252506836827712 0.028768699654775604 0.02324521422060164
42 0.38636363636363635 0.4243391066545123 0.025604142692750288 0.022333637192342753
42 0.2612197928653625 0.15177757520510482 0.019562715765247412 0.025979945305378303
42 0.44016110471806674 0.13217866909753875 0.020425776754890677 0.025979945305378303
22 0.39039125431530497 0.3650865998176846 0.01726121979286536 0.018687329079307202
22 0.4470655926352129 0.3641750227894257 0.019562715765247412 0.015952597994530537
39 0.4194476409666283 0.33682771194165906 0.021288837744533946 0.018687329079307202
1 0.4600115074798619 0.3851412944393801 0.032508630609896436 0.0487693710118505
96 0.15995397008055237 0.1276207839562443 0.0189873417721519 0.021422060164083864
48 0.18037974683544303 0.13719234275296263 0.03711162255466053 0.018687329079307202
48 0.5204257767548907 0.11804922515952598 0.0333716915995397 0.015952597994530537
96 0.5408515535097813 0.10711030082041932 0.01726121979286536 0.024612579762989972
1 0.34810126582278483 0.31996353691886964 0.031070195627157654 0.05104831358249772
1 0.155638665132336 0.01731996353691887 0.05753739930955121 0.034184138559708296
39 0.44131185270425777 0.05834092980856882 0.019562715765247412 0.014129443938012761
56 0.4407364787111623 0.2292616226071103 0.032508630609896436 0.025979945305378303
41 0.39182968929804374 0.5205104831358249 0.05178365937859609 0.06198723792160438
32 0.3912543153049482 0.6198723792160438 0.05178365937859609 0.07839562443026436
27 0.3932681242807825 0.7201458523245214 0.05005753739930955 0.07839562443026436
63 0.392692750287687 0.8258887876025525 0.048906789413118525 0.08659981768459435
50 0.3906789413118527 0.9288969917958068 0.048906789413118525 0.08021877848678213
25 0.7269850402761795 0.6390154968094804 0.037399309551208286 0.053783044667274384
25 0.7367663981588032 0.9097538742023701 0.03624856156501726 0.054694621695533276
25 0.9519562715765247 0.7046490428441203 0.0333716915995397 0.0528714676390155
25 0.8265247410817032 0.9799453053783045 0.035097813578826235 0.040109389243391066
49 0.7367663981588032 0.7570647219690064 0.03682393555811277 0.0528714676390155
22 0.7730149597238205 0.650865998176846 0.014384349827387802 0.023701002734731084
42 0.8032220943613348 0.703281677301732 0.0379746835443038 0.053783044667274384
42 0.8463751438434983 0.707383773928897 0.03682393555811277 0.05834092980856882
42 0.6941887226697353 0.7561531449407475 0.029344073647871116 0.05560619872379216
42 0.8929804372842347 0.7101185050136737 0.0379746835443038 0.05834092980856882
42 0.7710011507479861 0.9808568824065633 0.0379746835443038 0.03828623518687329
39 0.8475258918296893 0.6362807657247037 0.010356731875719217 0.016408386508659983