25 0.0715909090909091 0.08646288209606987 0.039488636363636365 0.048034934497816595
25 0.506534090909091 0.07379912663755459 0.042045454545454546 0.048034934497816595
42 0.15 0.08864628820960699 0.038636363636363635 0.04148471615720524
42 0.153125 0.2170305676855895 0.038636363636363635 0.04410480349344978
42 0.19261363636363638 0.21746724890829694 0.03409090909090909 0.0462882096069869
42 0.36420454545454545 0.2794759825327511 0.039488636363636365 0.0445414847161572
42 0.39232954545454546 0.3703056768558952 0.039488636363636365 0.042358078602620086
42 0.41505681818181817 0.19694323144104803 0.03465909090909091 0.04410480349344978
42 0.45454545454545453 0.19344978165938864 0.03806818181818182 0.045414847161572056
42 0.44573863636363636 0.07379912663755459 0.0375 0.048034934497816595
49 0.06818181818181818 0.14366812227074235 0.04801136363636364 0.05109170305676856
49 0.5366477272727272 0.12096069868995633 0.04659090909090909 0.05021834061135371
49 0.044602272727272727 0.02794759825327511 0.04517045454545455 0.045414847161572056
3 0.47017045454545453 0.1537117903930131 0.028125 0.03275109170305677
3 0.13863636363636364 0.17510917030567685 0.025 0.028820960698689956
46 0.2755681818181818 0.33100436681222706 0.027556818181818182 0.026200873362445413
46 0.2755681818181818 0.4187772925764192 0.027556818181818182 0.02096069868995633
46 0.36363636363636365 0.41746724890829695 0.029545454545454545 0.01921397379912664
46 0.4224431818181818 0.4200873362445415 0.026136363636363635 0.024017467248908297
47 0.32727272727272727 0.3327510917030568 0.03153409090909091 0.01834061135371179
42 0.30823863636363635 0.4537117903930131 0.016477272727272726 0.028820960698689956
42 0.2838068181818182 0.48646288209606986 0.025 0.026200873362445413
42 0.3352272727272727 0.4851528384279476 0.022443181818181817 0.02576419213973799
42 0.22670454545454546 0.1737991266375546 0.017045454545454544 0.029694323144104803
42 0.3821022727272727 0.15152838427947599 0.017613636363636363 0.029694323144104803
22 0.33892045454545455 0.41746724890829695 0.015056818181818182 0.021397379912663755
22 0.3880681818181818 0.4165938864628821 0.017045454545454544 0.01834061135371179
39 0.36420454545454545 0.3851528384279476 0.018465909090909092 0.021397379912663755
1 0.3991477272727273 0.4406113537117904 0.028125 0.05589519650655022
96 0.13863636363636364 0.1462882096069869 0.016477272727272726 0.024890829694323144
48 0.1565340909090909 0.15676855895196506 0.03210227272727273 0.021397379912663755
48 0.45170454545454547 0.1349344978165939 0.028977272727272727 0.01834061135371179
96 0.4693181818181818 0.12270742358078603 0.015056818181818182 0.02794759825327511
1 0.3019886363636364 0.36593886462882097 0.026988636363636364 0.05851528384279476
1 0.13522727272727272 0.019650655021834062 0.05 0.039301310043668124
39 0.38323863636363636 0.06681222707423581 0.017045454545454544 0.016157205240174673
56 0.38238636363636364 0.26244541484716155 0.028125 0.029694323144104803
93 0.8244318181818182 0.35764192139737994 0.042045454545454546 0.06200873362445415
46 0.8153409090909091 0.4314410480349345 0.03238636363636364 0.032314410480349345
93 0.8892045454545454 0.43056768558951963 0.07670454545454546 0.05764192139737991
42 0.6363636363636364 0.11441048034934498 0.02556818181818182 0.039301310043668124
42 0.6696022727272727 0.021397379912663755 0.026704545454545453 0.032314410480349345
42 0.8286931818181819 0.024017467248908297 0.02215909090909091 0.034934497816593885
22 0.7107954545454546 0.0222707423580786 0.023863636363636365 0.027074235807860263
22 0.7923295454545455 0.0222707423580786 0.023295454545454546 0.0314410480349345
22 0.8633522727272728 0.0222707423580786 0.02215909090909091 0.027074235807860263
46 0.7463068181818182 0.022707423580786028 0.033522727272727273 0.032314410480349345
46 0.8076704545454545 0.06593886462882097 0.021022727272727273 0.04716157205240175
1 0.8835227272727273 0.1 0.03238636363636364 0.07598253275109171
93 0.928409090909091 0.12183406113537118 0.03977272727272727 0.06026200873362445
47 0.7463068181818182 0.1480349344978166 0.03238636363636364 0.023580786026200874
86 0.7465909090909091 0.09868995633187773 0.02159090909090909 0.0314410480349345
54 0.6974431818181818 0.5890829694323144 0.08806818181818182 0.05851528384279476
57 0.6994318181818182 0.745414847161572 0.08636363636363636 0.1406113537117904
26 0.7 0.9375545851528384 0.09431818181818181 0.12489082969432315