25 0.3532258064516129 0.014472455648926238 0.03225806451612903 0.028944911297852476
42 0.35161290322580646 0.11251167133520075 0.02795698924731183 0.055088702147525676
42 0.2653225806451613 0.11718020541549953 0.02956989247311828 0.055088702147525676
42 0.2647849462365591 0.17320261437908496 0.03118279569892473 0.04855275443510738
42 0.22311827956989247 0.4173669467787115 0.030107526881720432 0.056022408963585436
42 0.1620967741935484 0.45751633986928103 0.02849462365591398 0.056022408963585436
42 0.27876344086021504 0.48972922502334265 0.02956989247311828 0.04948646125116713
42 0.36129032258064514 0.5130718954248366 0.03225806451612903 0.012138188608776844
49 0.31451612903225806 0.014939309056956116 0.034408602150537634 0.029878618113912233
3 0.29354838709677417 0.09663865546218488 0.01935483870967742 0.035480859010270774
46 0.18844086021505377 0.2913165266106443 0.017741935483870968 0.0392156862745098
46 0.1293010752688172 0.2913165266106443 0.013978494623655914 0.0392156862745098
46 0.13010752688172042 0.4169000933706816 0.012903225806451613 0.04201680672268908
46 0.128494623655914 0.5004668534080299 0.016129032258064516 0.03734827264239029
47 0.18736559139784947 0.36507936507936506 0.012365591397849462 0.04481792717086835
42 0.10591397849462365 0.33800186741363214 0.01935483870967742 0.02334267040149393
42 0.08387096774193549 0.3029878618113912 0.017741935483870968 0.035480859010270774
42 0.0846774193548387 0.37628384687208216 0.017204301075268817 0.031746031746031744
42 0.29435483870967744 0.22175536881419233 0.01989247311827957 0.02427637721755369
42 0.3094086021505376 0.4430438842203548 0.01989247311827957 0.025210084033613446
22 0.13010752688172042 0.3814192343604108 0.014516129032258065 0.021475256769374416
22 0.13091397849462366 0.45144724556489263 0.012365591397849462 0.02427637721755369
39 0.15188172043010753 0.4173669467787115 0.014516129032258065 0.026143790849673203
1 0.11478494623655915 0.4673202614379085 0.03763440860215054 0.040149393090569564
96 0.31290322580645163 0.09663865546218488 0.016666666666666666 0.02334267040149393
48 0.3056451612903226 0.12184873949579832 0.014516129032258065 0.0457516339869281
1 0.1650537634408602 0.3291316526610644 0.03924731182795699 0.03828197945845005
39 0.3663978494623656 0.4444444444444444 0.010752688172043012 0.02427637721755369
56 0.2346774193548387 0.44351073762838467 0.01989247311827957 0.040149393090569564
42 0.49946236559139784 0.007936507936507936 0.03924731182795699 0.015873015873015872
42 0.500268817204301 0.12978524743230627 0.041666666666666664 0.04388422035480859
3 0.4736559139784946 0.080765639589169 0.02768817204301075 0.03361344537815126
25 0.3932795698924731 0.15873015873015872 0.027419354838709678 0.05415499533146592
96 0.44193548387096776 0.07983193277310924 0.029301075268817204 0.018674136321195144
35 0.4774193548387097 0.5014005602240896 0.023655913978494623 0.03127917833800187
48 0.4577956989247312 0.06582633053221289 0.01881720430107527 0.041549953314659195
46 0.4349462365591398 0.6442577030812325 0.02795698924731183 0.02334267040149393
39 0.3849462365591398 0.704014939309057 0.010752688172043012 0.011204481792717087
39 0.38467741935483873 0.7917833800186741 0.01021505376344086 0.009337068160597572
39 0.3844086021505376 0.865546218487395 0.00967741935483871 0.013071895424836602
39 0.38467741935483873 0.9971988795518207 0.01021505376344086 0.0056022408963585435
39 0.4032258064516129 0.6437908496732027 0.008064516129032258 0.031746031746031744