42 0.10396260017809439 0.1847360912981455 0.02626892252894034 0.07845934379457917
42 0.13067675868210152 0.1861626248216833 0.02315227070347284 0.08273894436519258
42 0.2471059661620659 0.2967189728958631 0.026714158504007122 0.07988587731811697
42 0.26625111308993765 0.4550641940085592 0.026714158504007122 0.06847360912981455
42 0.2816117542297418 0.14907275320970043 0.023597506678539625 0.07845934379457917
42 0.3085485307212823 0.1433666191155492 0.025823686553873553 0.08131241084165478
49 0.04630454140694568 0.05420827389443652 0.03250222617987533 0.0912981455064194
49 0.36398040961709704 0.029243937232524966 0.031611754229741766 0.05848787446504993
3 0.31901157613535175 0.07203994293865906 0.01914514692787177 0.05848787446504993
3 0.09416740872662512 0.10984308131241084 0.016918967052537846 0.05135520684736091
46 0.18699910952804988 0.38873038516405134 0.018699910952804988 0.047075606276747506
47 0.22217275155832591 0.39158345221112695 0.0213713268032057 0.03281027104136947
42 0.15382902938557436 0.10770328102710414 0.01157613535173642 0.052781740370898715
42 0.2593499554764025 0.06776034236804565 0.012021371326803205 0.052781740370898715
39 0.2471059661620659 0.47788873038516405 0.012466607301869992 0.02282453637660485
96 0.09416740872662512 0.05848787446504993 0.011130899376669634 0.0442225392296719
48 0.10618878005342831 0.07774607703281027 0.021816562778272486 0.03851640513552068
48 0.30654496883348176 0.03851640513552068 0.019590382902938557 0.03281027104136947
96 0.31856634016028496 0.020684736091298145 0.010240427426536063 0.04136947218259629
1 0.20503116651825468 0.44365192582025675 0.0182546749777382 0.0912981455064194
56 0.25957257346393586 0.2660485021398003 0.01914514692787177 0.052781740370898715
42 0.40204808548530724 0.2731811697574893 0.004452359750667854 0.03851640513552068
42 0.4423419412288513 0.231811697574893 0.03138913624220837 0.04208273894436519
46 0.5420747996438112 0.5763195435092725 0.0182546749777382 0.09415121255349501
42 0.6059661620658949 0.7211126961483595 0.03695458593054319 0.12125534950071326
42 0.7747105966162066 0.8830242510699001 0.03829029385574354 0.10841654778887304
42 0.6934550311665183 0.9643366619115549 0.0182546749777382 0.07132667617689016
93 0.7183882457702583 0.8445078459343794 0.031611754229741766 0.09985734664764621
42 0.6538290293855743 0.5106990014265336 0.015583259127337488 0.042796005706134094
93 0.7370881567230633 0.6868758915834522 0.031611754229741766 0.08416547788873038
93 0.9321015138023152 0.9757489300998573 0.03784505788067676 0.04850213980028531
1 0.6676313446126447 0.9151212553495007 0.03784505788067676 0.05848787446504993
7 0.8363757791629564 0.891583452211127 0.0213713268032057 0.12553495007132667
93 0.9287622439893143 0.8459343794579173 0.029385574354407838 0.0884450784593438
22 0.6560552092609083 0.5898716119828816 0.017364203027604632 0.052781740370898715
42 0.9672751558325913 0.905848787446505 0.021816562778272486 0.07132667617689016
1 0.8975957257346393 0.9750356633380884 0.020480854853072127 0.04992867332382311
48 0.7709260908281389 0.7574893009985735 0.020035618878005344 0.07417974322396577
7 0.6976847729296527 0.7446504992867332 0.022707034728406055 0.12553495007132667
86 0.7085930543187889 0.5385164051355207 0.02983081032947462 0.06704707560627675
86 0.6467052537845058 0.8009985734664765 0.017364203027604632 0.05848787446504993
86 0.6529385574354408 0.992867332382311 0.023597506678539625 0.014265335235378032
86 0.7451024042742653 0.8495007132667618 0.02226179875333927 0.06704707560627675
86 0.8871326803205699 0.8281027104136948 0.02715939447907391 0.07132667617689016
86 0.7858414959928762 0.9807417974322397 0.024933214603739984 0.03851640513552068