25 0.4075898030127462 0.017467248908296942 0.03534183082271147 0.034934497816593885
25 0.4165701042873696 0.5834061135371179 0.03534183082271147 0.051965065502183404
42 0.40585168018539974 0.11266375545851529 0.03070683661645423 0.05109170305676856
42 0.31141367323290847 0.11703056768558952 0.03244495944380069 0.05109170305676856
42 0.3108342989571263 0.16899563318777291 0.034183082271147164 0.045414847161572056
42 0.26506373117033605 0.39650655021834064 0.03302433371958285 0.051965065502183404
42 0.1981460023174971 0.434061135371179 0.031286210892236384 0.051965065502183404
42 0.3258980301274623 0.4637554585152838 0.03244495944380069 0.0462882096069869
42 0.328505214368482 0.5165938864628821 0.03360370799536501 0.050655021834061134
42 0.4168597914252607 0.5048034934497817 0.03534183082271147 0.04978165938864629
49 0.3652954808806489 0.017903930131004366 0.03765932792584009 0.03580786026200873
49 0.3820973348783314 0.6017467248908297 0.03707995365005794 0.01572052401746725
3 0.3577636152954809 0.537117903930131 0.024044032444959444 0.03755458515283843
3 0.3421205098493627 0.09781659388646288 0.021147161066048668 0.03318777292576419
46 0.22711471610660486 0.2790393013100437 0.0194090382387022 0.03668122270742358
46 0.16222479721900349 0.2790393013100437 0.015353418308227115 0.03668122270742358
46 0.1630938586326767 0.3960698689956332 0.014194669756662804 0.039301310043668124
46 0.16135573580533025 0.4737991266375546 0.017670915411355737 0.034934497816593885
47 0.22595596755504055 0.3480349344978166 0.013615295480880649 0.04192139737991266
42 0.13673232908458866 0.322707423580786 0.021147161066048668 0.021834061135371178
42 0.11239860950173812 0.28995633187772923 0.0194090382387022 0.03318777292576419
42 0.11326767091541136 0.35807860262008734 0.018829663962920046 0.029694323144104803
42 0.3429895712630359 0.21441048034934498 0.021726535341830822 0.022707423580786028
42 0.3595017381228273 0.42052401746724893 0.021726535341830822 0.023580786026200874
22 0.1630938586326767 0.362882096069869 0.01593279258400927 0.020087336244541485
22 0.16396292004634994 0.4283842794759825 0.013615295480880649 0.022707423580786028
39 0.18713789107763615 0.39650655021834064 0.01593279258400927 0.02445414847161572
1 0.1462920046349942 0.4432314410480349 0.041135573580533026 0.03755458515283843
96 0.3635573580533024 0.09781659388646288 0.01825028968713789 0.021834061135371178
48 0.3554461181923523 0.12139737991266375 0.01593279258400927 0.04279475982532751
48 0.3716685979142526 0.5126637554585153 0.013615295480880649 0.03842794759825328
96 0.3809385863267671 0.5362445414847161 0.020567786790266513 0.020087336244541485
1 0.20133256083429896 0.314410480349345 0.04287369640787949 0.03580786026200873
1 0.4568366164542294 0.09301310043668122 0.028968713789107765 0.06593886462882097
39 0.42207415990730013 0.4218340611353712 0.011877172653534183 0.022707423580786028
56 0.2778099652375435 0.42096069868995634 0.021726535341830822 0.03755458515283843
58 0.9081691772885284 0.7799126637554585 0.09269988412514485 0.14585152838427948
54 0.7749130938586327 0.7777292576419214 0.08922363847045191 0.13537117903930132
57 0.6460023174971031 0.780349344978166 0.093279258400927 0.13275109170305677
26 0.544611819235226 0.7807860262008733 0.030127462340672075 0.14497816593886462