42 0.11192714453584018 0.01418918918918919 0.03466509988249119 0.02837837837837838
42 0.14688601645123384 0.015540540540540541 0.03055229142185664 0.031081081081081083
42 0.3008225616921269 0.0972972972972973 0.03525264394829612 0.07567567567567568
42 0.32608695652173914 0.25067567567567567 0.03525264394829612 0.07162162162162163
46 0.22150411280846063 0.18445945945945946 0.024676850763807285 0.0445945945945946
46 0.22150411280846063 0.3331081081081081 0.024676850763807285 0.03513513513513514
46 0.3005287896592244 0.3310810810810811 0.026439482961222092 0.032432432432432434
46 0.35311398354876616 0.33513513513513515 0.023501762632197415 0.04054054054054054
47 0.2679200940070505 0.18716216216216217 0.0282021151586369 0.031081081081081083
42 0.2508813160987074 0.3918918918918919 0.014688601645123384 0.04864864864864865
42 0.22855464159811986 0.4466216216216216 0.022326674500587545 0.0445945945945946
42 0.27497062279670975 0.4452702702702703 0.0199764982373678 0.043243243243243246
22 0.2782021151586369 0.3310810810810811 0.013513513513513514 0.03648648648648649
22 0.32226792009400707 0.3290540540540541 0.01527614571092832 0.031081081081081083
39 0.3008225616921269 0.27635135135135136 0.01645123384253819 0.03648648648648649
1 0.33225616921269097 0.3695945945945946 0.02526439482961222 0.0945945945945946
1 0.2452996474735605 0.24324324324324326 0.02408930669800235 0.09864864864864865
56 0.3172737955346651 0.06824324324324324 0.02526439482961222 0.05
36 0.782608695652174 0.12027027027027028 0.07109283196239718 0.14054054054054055
100 0.7899529964747356 0.3506756756756757 0.05229142185663925 0.08513513513513514
42 0.17685076380728554 0.6148648648648649 0.03760282021151586 0.08243243243243244
42 0.20299647473560517 0.7587837837837837 0.038190364277320796 0.06891891891891892
42 0.11750881316098707 0.9547297297297297 0.01880141010575793 0.04054054054054054
42 0.14071680376028203 0.904054054054054 0.018213866039952998 0.04594594594594595
42 0.16216216216216217 0.9587837837837838 0.023501762632197415 0.041891891891891894
42 0.34136310223266747 0.6114864864864865 0.01762632197414806 0.04864864864864865
42 0.391304347826087 0.6121621621621621 0.02702702702702703 0.04594594594594595
42 0.39336075205640425 0.6587837837837838 0.019388954171562868 0.04594594594594595
46 0.31668625146886015 0.7128378378378378 0.013513513513513514 0.04594594594594595
46 0.11016451233842538 0.8452702702702702 0.02408930669800235 0.033783783783783786
46 0.17949471210340776 0.8425675675675676 0.021739130434782608 0.032432432432432434
46 0.2291421856639248 0.8432432432432433 0.024676850763807285 0.032432432432432434
22 0.15687426556991774 0.8452702702702702 0.014688601645123384 0.033783783783783786
22 0.20211515863689777 0.8418918918918918 0.01645123384253819 0.02702702702702703
49 0.02673325499412456 0.6783783783783783 0.038190364277320796 0.08648648648648649
47 0.1562867215041128 0.7027027027027027 0.023501762632197415 0.03783783783783784
46 0.11075205640423032 0.7006756756756757 0.023501762632197415 0.03918918918918919
38 0.17743830787309048 0.7925675675675675 0.020564042303172738 0.03648648648648649
25 0.011750881316098707 0.5952702702702702 0.023501762632197415 0.08513513513513514