42 0.052662721893491124 0.33773928896991795 0.03076923076923077 0.053783044667274384
42 0.14763313609467454 0.33318140382862355 0.03254437869822485 0.053783044667274384
42 0.1482248520710059 0.27848678213309025 0.03431952662721893 0.04740200546946217
42 0.1940828402366864 0.040109389243391066 0.033136094674556214 0.054694621695533276
42 0.2612426035502959 0.014129443938012761 0.031360946745562134 0.028258887876025523
3 0.1165680473372781 0.35323609845031906 0.021301775147928994 0.03463992707383774
46 0.23224852071005916 0.16317228805834094 0.01952662721893491 0.03828623518687329
46 0.2973372781065089 0.16317228805834094 0.015384615384615385 0.03828623518687329
46 0.2964497041420118 0.04056517775752051 0.014201183431952662 0.04102096627164995
47 0.2334319526627219 0.09115770282588878 0.013609467455621301 0.04375569735642662
42 0.3230769230769231 0.11759343664539654 0.021301775147928994 0.022789425706472195
42 0.3473372781065089 0.15177757520510482 0.01952662721893491 0.03463992707383774
42 0.3464497041420118 0.08021877848678213 0.01893491124260355 0.03099361896080219
42 0.11568047337278106 0.2310847766636281 0.021893491124260357 0.023701002734731084
42 0.09911242603550297 0.01504102096627165 0.021893491124260357 0.024612579762989972
22 0.2964497041420118 0.07520510483135825 0.015976331360946745 0.020966271649954422
22 0.2955621301775148 0.009115770282588878 0.013609467455621301 0.018231540565177756
39 0.2724852071005917 0.040109389243391066 0.015976331360946745 0.02552415679124886
1 0.31301775147928995 0.0054694621695533276 0.04142011834319527 0.010938924339106655
96 0.09526627218934912 0.35323609845031906 0.018343195266272188 0.022789425706472195
48 0.10325443786982248 0.3286235186873291 0.015976331360946745 0.044667274384685506
1 0.2579881656804734 0.12625341841385598 0.04319526627218935 0.037374658158614404
1 0.007988165680473372 0.35824977210574294 0.015976331360946745 0.06927985414767548
39 0.0363905325443787 0.013673655423883319 0.011834319526627219 0.023701002734731084
56 0.18136094674556213 0.016864175022789425 0.021893491124260357 0.03372835004557885
42 0.5452662721893491 0.3195077484047402 0.04674556213017751 0.07839562443026436
42 0.5872781065088757 0.22470373746581587 0.047337278106508875 0.07201458523245215
42 0.6464497041420119 0.22652689152233363 0.05680473372781065 0.08933454876937101
39 0.6467455621301775 0.28395624430264355 0.0242603550295858 0.024612579762989972
39 0.6449704142011834 0.16864175022789427 0.023668639053254437 0.018231540565177756
25 0.5026627218934911 0.22652689152233363 0.054437869822485205 0.0829535095715588
42 0.2136094674556213 0.422971741112124 0.028402366863905324 0.027347310847766638
42 0.20088757396449705 0.5113947128532361 0.017159763313609466 0.024612579762989972
22 0.22159763313609468 0.5834092980856882 0.015680473372781067 0.01504102096627165
22 0.20088757396449705 0.5487693710118505 0.008579881656804733 0.03099361896080219
22 0.20088757396449705 0.46946216955332726 0.011834319526627219 0.029626253418413857
42 0.2621301775147929 0.5834092980856882 0.015680473372781067 0.01504102096627165
7 0.19556213017751478 0.5797629899726527 0.031360946745562134 0.022333637192342753
1 0.24260355029585798 0.4202370100273473 0.020118343195266272 0.02187784867821331
41 0.4026627218934911 0.6280765724703737 0.02544378698224852 0.0820419325432999
32 0.46005917159763315 0.6294439380127621 0.05088757396449704 0.0820419325432999
27 0.5251479289940828 0.626253418413856 0.05088757396449704 0.07930720145852324
63 0.5937869822485207 0.6271649954421149 0.05621301775147929 0.07748404740200547
50 0.6606508875739645 0.6303555150410209 0.05207100591715976 0.07748404740200547
59 0.728698224852071 0.6271649954421149 0.05207100591715976 0.0829535095715588
51 0.7958579881656804 0.6257976298997265 0.04792899408284024 0.08021877848678213
60 0.8633136094674556 0.6271649954421149 0.05325443786982249 0.07383773928896992