25 0.053509781357882626 0.10509554140127389 0.03452243958573072 0.06369426751592357
25 0.43498273878020716 0.08864118895966029 0.03682393555811277 0.06369426751592357
42 0.12226697353279632 0.10828025477707007 0.03394706559263521 0.055201698513800426
42 0.12514384349827387 0.2786624203821656 0.03394706559263521 0.058386411889596604
42 0.1596662830840046 0.279723991507431 0.02991944764096663 0.06157112526539278
42 0.310126582278481 0.3619957537154989 0.03452243958573072 0.059447983014861996
42 0.334867663981588 0.46178343949044587 0.03452243958573072 0.014861995753715499
42 0.3547180667433832 0.2521231422505308 0.03049482163406214 0.058386411889596604
42 0.3895281933256617 0.24787685774946921 0.0333716915995397 0.06050955414012739
42 0.38176064441887225 0.08864118895966029 0.03279631760644419 0.06369426751592357
49 0.05063291139240506 0.18152866242038215 0.04200230149597238 0.06794055201698514
49 0.4614499424626007 0.15127388535031847 0.040851553509781355 0.06687898089171974
49 0.029631760644418872 0.028662420382165606 0.039700805523590336 0.05732484076433121
3 0.4030494821634062 0.1947983014861996 0.02474108170310702 0.0435244161358811
3 0.11248561565017261 0.2229299363057325 0.02186421173762946 0.03821656050955414
46 0.23245109321058688 0.4304670912951168 0.024165707710011506 0.03503184713375796
47 0.27790563866513235 0.4325902335456476 0.02761795166858458 0.024416135881104035
42 0.18958573072497123 0.2213375796178344 0.014959723820483314 0.03927813163481953
42 0.3259493670886076 0.1916135881104034 0.015535097813578827 0.03927813163481953
96 0.11248561565017261 0.18471337579617833 0.014384349827387802 0.032908704883227176
48 0.12802071346375143 0.19904458598726116 0.02819332566168009 0.028662420382165606
48 0.3869390103567319 0.16985138004246284 0.02531645569620253 0.024416135881104035
96 0.4024741081703107 0.15339702760084925 0.013233601841196778 0.037154989384288746
1 0.2557537399309551 0.45329087048832273 0.023590333716915997 0.03184713375796178
1 0.1093210586881473 0.021231422505307854 0.04372842347525892 0.04246284501061571
39 0.32681242807825084 0.07908704883227176 0.014959723820483314 0.021231422505307854
56 0.32623705408515535 0.339171974522293 0.02474108170310702 0.03927813163481953
78 0.7223820483314154 0.18152866242038215 0.08803222094361335 0.1592356687898089
76 0.7206559263521288 0.40552016985138006 0.08918296892980437 0.12738853503184713