25 0.1210678531701891 0.15393723252496433 0.06694104560622915 0.08676176890156918
25 0.8588987764182424 0.13195435092724678 0.07153503893214677 0.08559201141226819
42 0.2539933259176863 0.15835948644793155 0.06583982202447164 0.07420827389443653
42 0.2595439377085651 0.38716119828815976 0.06581757508342605 0.07888730385164049
42 0.3266518353726363 0.3890156918687589 0.05819799777530595 0.08259629101283877
42 0.6175862068965517 0.49937232524964337 0.0672080088987765 0.07864479315263909
42 0.6649388209121245 0.6612410841654779 0.0673637374860956 0.07647646219686165
42 0.7034482758620689 0.3514835948644793 0.058175750834260236 0.07885877318116973
42 0.7708898776418243 0.34601997146932956 0.06515016685205777 0.08221112696148358
42 0.7560066740823137 0.13178316690442224 0.06319243604004443 0.0852496433666191
49 0.11580645161290322 0.25659058487874464 0.08143492769744161 0.09235378031383738
49 0.9101334816462737 0.21644793152639086 0.07943270300333713 0.09054208273894435
49 0.07587319243604004 0.049728958630527814 0.07666295884315905 0.08164051355206846
3 0.7968854282536151 0.2748930099857346 0.04760845383759728 0.05763195435092722
3 0.23518353726362626 0.31256776034236805 0.04211345939933261 0.05095577746077037
46 0.4671412680756396 0.5909700427960057 0.04718576195773077 0.0478316690442225
46 0.4670077864293659 0.7479743223965764 0.04691879866518348 0.0373038516405136
46 0.6168631813125695 0.7463480741797432 0.049087875417130264 0.03405135520684729
46 0.7162847608453838 0.7506134094151212 0.0449165739710791 0.04259629101283874
47 0.5551167964404894 0.5943081312410842 0.053492769744160215 0.03312410841654783
42 0.5228921023359288 0.8104850213980028 0.027975528364849806 0.051797432239657555
42 0.48132369299221356 0.8685592011412269 0.04218020022246936 0.046676176890156955
42 0.5682202447163515 0.8663480741797431 0.037997775305895404 0.045805991440798714
42 0.3842825361512792 0.3102710413694722 0.028865406006674133 0.05348074179743225
42 0.6477641824249166 0.2705135520684736 0.030233592880978936 0.052453637660485
22 0.5743715239154616 0.7464336661911555 0.025261401557285915 0.037817403708987146
22 0.6581423804226918 0.7437517831669044 0.02899888765294765 0.032439372325249655
39 0.6173859844271412 0.6880741797432239 0.030667408231368116 0.03877318116975742
1 0.6766184649610678 0.7865477888730386 0.047964404894326906 0.1001997146932953
96 0.23503893214682983 0.2612268188302425 0.027931034482758636 0.04456490727532098
48 0.2651724137931034 0.28044222539229674 0.054816462736373715 0.03814550641940087
48 0.765650723025584 0.24141226818830241 0.04909899888765306 0.03346647646219683
96 0.7958509454949945 0.21918687589158345 0.02607341490545056 0.04965763195435093
1 0.5123248053392658 0.6530385164051354 0.04631813125695215 0.10420827389443646
1 0.22981090100111234 0.03564907275320969 0.08421579532814236 0.07128388017118402
39 0.6496329254727474 0.11932952924393724 0.028398220244716322 0.028259629101283882
56 0.6482536151279199 0.46837375178316687 0.04819799777530581 0.052310984308131185