42 0.4229131175468484 0.009052924791086351 0.046848381601362864 0.018105849582172703
42 0.42206132879046 0.060584958217270196 0.049403747870528106 0.07242339832869081
42 0.35604770017035775 0.42479108635097496 0.04770017035775128 0.08356545961002786
42 0.2593696763202726 0.48119777158774374 0.04514480408858603 0.0766016713091922
42 0.44420783645655876 0.5076601671309192 0.046848381601362864 0.023676880222841225
46 0.3011073253833049 0.23676880222841226 0.028109028960817718 0.0584958217270195
46 0.2074105621805792 0.23676880222841226 0.022146507666098807 0.0584958217270195
46 0.20868824531516184 0.42409470752089135 0.020442930153321975 0.06267409470752089
47 0.2994037478705281 0.3467966573816156 0.019591141396933562 0.06685236768802229
42 0.17035775127768313 0.3064066852367688 0.030664395229982964 0.034818941504178275
42 0.1354344122657581 0.2541782729805014 0.028109028960817718 0.052924791086350974
42 0.1367120954003407 0.3635097493036212 0.027257240204429302 0.04735376044568245
42 0.46890971039182283 0.133008356545961 0.03151618398637138 0.036211699164345405
42 0.4927597955706985 0.46309192200557103 0.03151618398637138 0.037604456824512536
22 0.20868824531516184 0.3711699164345404 0.022998296422487224 0.03203342618384401
22 0.20996592844974446 0.4756267409470752 0.019591141396933562 0.036211699164345405
39 0.24318568994889267 0.42479108635097496 0.022998296422487224 0.03899721448467967
1 0.1839863713798978 0.49442896935933145 0.059625212947189095 0.05013927576601671
48 0.4867972742759796 0.009052924791086351 0.022998296422487224 0.018105849582172703
1 0.26405451448040884 0.2931754874651811 0.062180579216354344 0.057103064066852366
39 0.5830494037478705 0.46518105849582175 0.017035775127768313 0.036211699164345405
56 0.3743611584327087 0.4637883008356546 0.03151618398637138 0.05988857938718663
1 0.8449744463373083 0.23119777158774374 0.029812606473594547 0.0947075208913649
1 0.7781090289608177 0.12256267409470752 0.036626916524701875 0.09192200557103064
1 0.7461669505962522 0.16016713091922005 0.05792163543441227 0.06267409470752089
1 0.803236797274276 0.34401114206128136 0.03236797274275979 0.09749303621169916
1 0.7470187393526405 0.27298050139275765 0.056218057921635436 0.057103064066852366
1 0.8202725724020443 0.44986072423398327 0.036626916524701875 0.0947075208913649
1 0.7589437819420783 0.49303621169916434 0.056218057921635436 0.052924791086350974
1 0.9616695059625213 0.16782729805013927 0.054514480408858604 0.04874651810584958
1 0.9250425894378195 0.23328690807799443 0.034071550255536626 0.08774373259052924
1 0.9940374787052811 0.270891364902507 0.01192504258943782 0.05988857938718663
1 0.7086882453151618 0.06128133704735376 0.018739352640545145 0.0584958217270195
25 0.9450596252129472 0.018105849582172703 0.051959114139693355 0.036211699164345405
25 0.7270017035775128 0.02576601671309192 0.051959114139693355 0.05153203342618384
49 0.8526405451448041 0.02924791086350975 0.05281090289608177 0.0584958217270195
1 0.971465076660988 0.49164345403899723 0.05706984667802385 0.055710306406685235
1 0.9361158432708688 0.45264623955431754 0.034071550255536626 0.08635097493036212
1 0.9761499148211243 0.3384401114206128 0.03747870528109029 0.0947075208913649
42 0.8867120954003407 0.17061281337047354 0.05281090289608177 0.08774373259052924
42 0.8854344122657581 0.2785515320334262 0.05025553662691652 0.08913649025069638
42 0.8960817717206133 0.4881615598885794 0.04770017035775128 0.06267409470752089
7 0.9450596252129472 0.9094707520891365 0.04770017035775128 0.04596100278551532
93 0.8509369676320273 0.5710306406685237 0.0434412265758092 0.07103064066852367
42 0.9195059625212947 0.9895543175487466 0.04514480408858603 0.020891364902506964
22 0.9390971039182283 0.5522284122562674 0.020442930153321975 0.03899721448467967
22 0.938671209540034 0.834958217270195 0.02129471890971039 0.033426183844011144
22 0.9007666098807495 0.9157381615598886 0.02385008517887564 0.033426183844011144
42 0.9390971039182283 0.6197771587743732 0.02385008517887564 0.037604456824512536
42 0.9395229982964225 0.770891364902507 0.024701873935264053 0.04456824512534819
42 0.8224020442930153 0.9136490250696379 0.02555366269165247 0.03203342618384401
1 0.8641396933560477 0.9735376044568245 0.03321976149914821 0.052924791086350974