25 0.20812603648424544 0.4252232142857143 0.04145936981757877 0.06361607142857142
69 0.2846876727473742 0.6222098214285714 0.0406301824212272 0.06696428571428571
49 0.28247650635710336 0.5150669642857143 0.045052515201768936 0.06919642857142858
42 0.3220011055831951 0.43917410714285715 0.037037037037037035 0.05915178571428571
42 0.32310668877833054 0.31919642857142855 0.0406301824212272 0.06473214285714286
42 0.2866224433388613 0.3169642857142857 0.03565505804311774 0.060267857142857144
42 0.2570480928689884 0.2533482142857143 0.017689331122166942 0.0234375
42 0.29463792150359314 0.2544642857142857 0.01630735212824765 0.0234375
42 0.20812603648424544 0.33035714285714285 0.03924820342730791 0.05580357142857143
3 0.2866224433388613 0.3950892857142857 0.03123272526257601 0.03125
96 0.28524046434494194 0.43582589285714285 0.01630735212824765 0.04575892857142857
22 0.3587617468214483 0.25390625 0.01990049751243781 0.022321428571428572
39 0.17744610281923714 0.15736607142857142 0.01271420674405749 0.026785714285714284
1 0.35848535102266443 0.11328125 0.025152017689331122 0.07477678571428571
35 0.09839690436705362 0.37611607142857145 0.02211166390270868 0.04017857142857143
38 0.12106135986733002 0.08816964285714286 0.014096185737976783 0.020089285714285716
48 0.2658927584300719 0.42020089285714285 0.025152017689331122 0.025669642857142856
86 0.48313985627418465 0.14732142857142858 0.02155887230514096 0.036830357142857144
86 0.31785516860143725 0.7734375 0.02045328911000553 0.04352678571428571
93 0.37589828634604755 0.8381696428571429 0.04145936981757877 0.09263392857142858
42 0.9897733554449972 0.87890625 0.02045328911000553 0.052455357142857144
93 0.8883360972913211 0.7795758928571429 0.038695411829740185 0.07254464285714286
93 0.9455500276395798 0.8113839285714286 0.03980099502487562 0.09040178571428571
7 0.9068546158098397 0.8694196428571429 0.04145936981757877 0.05357142857142857
1 0.9720840243228303 0.9481026785714286 0.02211166390270868 0.08705357142857142
86 0.9347705914870094 0.98828125 0.027639579878385848 0.0234375
86 0.9535655058043118 0.7410714285714286 0.021006080707573246 0.022321428571428572