25 0.42691374663072773 0.36216257668711654 0.07719676549865226 0.08684049079754602
69 0.18990566037735848 0.5203680981595091 0.08061994609164419 0.08366564417177907
49 0.3195417789757412 0.5164263803680982 0.08381401617250674 0.09420245398773
42 0.41059299191374665 0.5978220858895705 0.07185983827493268 0.07601226993865022
42 0.5550134770889488 0.6008128834355828 0.07766846361185983 0.08506134969325159
42 0.5582614555256065 0.5246472392638036 0.07339622641509438 0.07383435582822084
42 0.6342857142857142 0.4630828220858896 0.028692722371967606 0.0365950920245399
42 0.6327088948787062 0.5417791411042945 0.027088948787062025 0.03446319018404912
42 0.541455525606469 0.361579754601227 0.06673854447439351 0.08205521472392638
3 0.46328840970350404 0.5243558282208589 0.03708894878706197 0.06403374233128835
96 0.41464959568733156 0.5214110429447852 0.055727762803234535 0.033619631901840426
22 0.633611859838275 0.6739110429447852 0.027331536388140124 0.0410736196319018
39 0.749743935309973 0.29846625766871165 0.03261455525606475 0.025536809815950884
1 0.8035714285714286 0.6731288343558283 0.08963611859838273 0.051763803680981595
35 0.48641509433962266 0.1346319018404908 0.048301886792452876 0.045337423312883436
38 0.8328301886792453 0.18153374233128836 0.024164420485175288 0.02869631901840492
48 0.4334097035040431 0.48136503067484665 0.030619946091644243 0.051809815950920206
86 0.7621293800539084 0.9317484662576687 0.0444743935309973 0.04447852760736196