25 0.056714471968709254 0.022970903522205207 0.07431551499348109 0.045941807044410414
42 0.04106910039113429 0.23889739663093415 0.06910039113428944 0.07656967840735068
42 0.18122555410691005 0.24119448698315468 0.07561929595827901 0.08422664624808576
42 0.18383311603650587 0.16539050535987748 0.07040417209908735 0.07350689127105667
42 0.25749674054758803 0.10413476263399694 0.027379400260756193 0.036753445635528334
42 0.2561929595827901 0.18223583460949463 0.027379400260756193 0.033690658499234305
42 0.1681877444589309 0.021439509954058193 0.0651890482398957 0.042879019908116385
3 0.09256844850065189 0.16539050535987748 0.03650586701434159 0.06431852986217458
96 0.044980443285528034 0.16232771822358347 0.05345501955671447 0.033690658499234305
22 0.25684485006518903 0.31470137825421135 0.02607561929595828 0.04134762633996937
1 0.4211212516297262 0.31393568147013784 0.08735332464146023 0.05206738131699847
48 0.06323337679269883 0.1225114854517611 0.02998696219035202 0.05206738131699847
42 0.6166883963494133 0.010719754977029096 0.07040417209908735 0.021439509954058193
96 0.5886571056062582 0.09800918836140889 0.04563233376792699 0.045941807044410414
3 0.5873533246414603 0.15313935681470137 0.0560625814863103 0.05206738131699847
42 0.7444589308996089 0.15237366003062788 0.03650586701434159 0.0444104134762634
42 0.8272490221642764 0.0903522205206738 0.06388526727509779 0.08269525267993874
42 0.9634941329856584 0.05742725880551302 0.0651890482398957 0.08422664624808576
42 0.9882659713168188 0.3055130168453293 0.02346805736636245 0.0781010719754977
42 0.6205997392438071 0.2335375191424196 0.07040417209908735 0.0781010719754977
48 0.6264667535853976 0.11868300153139356 0.027379400260756193 0.03828483920367534
46 0.8585397653194263 0.40658499234303214 0.05215123859191656 0.03828483920367534
47 0.9550195567144719 0.40352220520673815 0.04563233376792699 0.03828483920367534
1 0.9178617992177314 0.4464012251148545 0.03129074315514994 0.055130168453292494
42 0.010430247718383311 0.7036753445635529 0.020860495436766623 0.0781010719754977
42 0.2848761408083442 0.7059724349157733 0.07301173402868318 0.07656967840735068
42 0.4576271186440678 0.6730474732006125 0.03129074315514994 0.03828483920367534
42 0.35723598435462844 0.8460949464012251 0.03129074315514994 0.03828483920367534
42 0.056714471968709254 0.8453292496171516 0.028683181225554105 0.042879019908116385
1 0.29595827900912647 0.7886676875957122 0.08604954367666232 0.06431852986217458
1 0.02216427640156454 0.7871362940275651 0.04432855280312908 0.05819295558958652
7 0.06714471968709257 0.6615620214395099 0.04302477183833116 0.09188361408882083
7 0.3617992177314211 0.6600306278713629 0.041720990873533245 0.08575803981623277
42 0.15710560625814862 0.6699846860643185 0.035202086049543675 0.042879019908116385
22 0.35919165580182527 0.7274119448698315 0.02607561929595828 0.033690658499234305
22 0.4067796610169492 0.6707503828483921 0.03389830508474576 0.033690658499234305
22 0.5052151238591917 0.6722817764165391 0.035202086049543675 0.027565084226646247
22 0.060625814863103 0.7289433384379785 0.027379400260756193 0.036753445635528334
22 0.20795306388526727 0.6699846860643185 0.03259452411994785 0.033690658499234305
22 0.10951760104302477 0.6707503828483921 0.028683181225554105 0.03522205206738132
42 0.6773142112125163 0.6500765696784073 0.07170795306388526 0.07350689127105667
42 0.9185136897001304 0.5620214395099541 0.027379400260756193 0.036753445635528334
42 0.9074315514993481 0.9257274119448698 0.07301173402868318 0.07963246554364471
42 0.6245110821382008 0.8078101071975498 0.07431551499348109 0.08422664624808576
17 0.940026075619296 0.5497702909647779 0.02346805736636245 0.05819295558958652
46 0.5808344198174706 0.8621745788667687 0.048239895697522815 0.03522205206738132
46 0.6108213820078227 0.889739663093415 0.01955671447196871 0.0444104134762634
46 0.7451108213820078 0.8920367534456355 0.02998696219035202 0.042879019908116385
46 0.772490221642764 0.8614088820826953 0.04432855280312908 0.030627871362940276
22 0.7086049543676662 0.7580398162327718 0.03650586701434159 0.030627871362940276
47 0.6773142112125163 0.8652373660030628 0.0560625814863103 0.039816232771822356
38 0.6773142112125163 0.8078101071975498 0.03780964797913951 0.03215926493108729
39 0.7829204693611473 0.7075038284839203 0.028683181225554105 0.016845329249617153
47 0.6792698826597132 0.9303215926493109 0.04432855280312908 0.02909647779479326
25 0.9146023468057366 0.6493108728943339 0.07953063885267275 0.0888208269525268
1 0.772490221642764 0.6309341500765697 0.0560625814863103 0.08728943338437979