25 0.2813522355507088 0.23755656108597284 0.062159214830970554 0.06334841628959276
69 0.08942202835332606 0.3546380090497738 0.06543075245365322 0.06221719457013575
49 0.1941112322791712 0.3512443438914027 0.06761177753544166 0.06900452488687783
42 0.2677208287895311 0.4117647058823529 0.05779716466739367 0.05656108597285068
42 0.38495092693565974 0.41346153846153844 0.06324972737186478 0.06221719457013575
42 0.3871319520174482 0.3574660633484163 0.05888767720828789 0.05429864253393665
42 0.44874591057797164 0.31221719457013575 0.022900763358778626 0.027149321266968326
42 0.44765539803707743 0.36990950226244346 0.022900763358778626 0.024886877828054297
42 0.37404580152671757 0.23755656108597284 0.05452562704471101 0.05995475113122172
3 0.3107960741548528 0.3574660633484163 0.030534351145038167 0.04751131221719457
96 0.27099236641221375 0.3552036199095023 0.04471101417666303 0.024886877828054297
22 0.44820065430752454 0.4677601809954751 0.021810250817884406 0.030542986425339366
39 0.5425299890948746 0.19061085972850678 0.026172300981461286 0.019230769230769232
35 0.3293347873500545 0.07013574660633484 0.03925845147219193 0.033936651583710405
48 0.2862595419847328 0.3257918552036199 0.025081788440567066 0.038461538461538464
42 0.9476553980370774 0.07861990950226244 0.04471101417666303 0.03959276018099547
42 0.6603053435114504 0.07918552036199095 0.04362050163576881 0.04638009049773756
42 0.9476553980370774 0.24547511312217193 0.04034896401308615 0.042986425339366516
42 0.6592148309705561 0.2494343891402715 0.04580152671755725 0.03619909502262444
42 0.9492911668484187 0.41289592760180993 0.03816793893129771 0.038461538461538464
42 0.6608505997818975 0.4145927601809955 0.04580152671755725 0.03506787330316742
79 0.6003271537622683 0.14649321266968326 0.04252998909487459 0.020361990950226245
79 0.6014176663031625 0.31334841628959276 0.03707742639040349 0.02262443438914027
79 0.6014176663031625 0.4807692307692308 0.03598691384950927 0.026018099547511313
46 0.5697928026172301 0.5441176470588235 0.020719738276990186 0.04751131221719457
3 0.7917121046892039 0.3167420814479638 0.03707742639040349 0.030542986425339366
3 0.8113413304252999 0.4841628959276018 0.04034896401308615 0.029411764705882353
46 0.6619411123227917 0.45475113122171945 0.013086150490730643 0.02262443438914027
46 0.6613958560523446 0.28789592760180993 0.014176663031624863 0.023755656108597284
46 0.6613958560523446 0.12217194570135746 0.014176663031624863 0.021493212669683258
3 0.7742639040348964 0.1498868778280543 0.030534351145038167 0.027149321266968326
42 0.6324972737186477 0.5786199095022625 0.05452562704471101 0.053167420814479636
29 0.9482006543075245 0.47058823529411764 0.03271537622682661 0.042986425339366516
29 0.9487459105779716 0.3020361990950226 0.04143947655398037 0.04638009049773756
29 0.9471101417666303 0.13631221719457012 0.03598691384950927 0.04751131221719457
25 0.21919302071973829 0.9298642533936652 0.06543075245365322 0.06561085972850679
42 0.04907306434023991 0.8721719457013575 0.05888767720828789 0.05656108597285068
42 0.22137404580152673 0.829185520361991 0.05234460196292257 0.058823529411764705
42 0.06270447110141766 0.7352941176470589 0.05561613958560523 0.05656108597285068
1 0.3604143947655398 0.7036199095022625 0.06652126499454744 0.038461538461538464
1 0.15212649945474374 0.705316742081448 0.06324972737186478 0.03959276018099547
46 0.010359869138495093 0.8320135746606335 0.020719738276990186 0.04411764705882353
46 0.04416575790621592 0.665158371040724 0.018538713195201745 0.03619909502262444
22 0.4116684841875682 0.670814479638009 0.022900763358778626 0.026018099547511313
22 0.010905125408942203 0.7709276018099548 0.021810250817884406 0.026018099547511313
22 0.010359869138495093 0.8959276018099548 0.020719738276990186 0.027149321266968326
22 0.10905125408942203 0.6725113122171946 0.022900763358778626 0.02828054298642534
7 0.4078516902944384 0.6357466063348416 0.03271537622682661 0.013574660633484163
93 0.2093784078516903 0.7217194570135747 0.05452562704471101 0.05203619909502263
42 0.010905125408942203 0.7341628959276018 0.021810250817884406 0.033936651583710405
42 0.4105779716466739 0.7347285067873304 0.025081788440567066 0.027149321266968326
42 0.011450381679389313 0.9406108597285068 0.022900763358778626 0.03506787330316742
42 0.10905125408942203 0.7341628959276018 0.026172300981461286 0.038461538461538464
38 0.04634678298800436 0.8286199095022625 0.028353326063249727 0.03619909502262444
42 0.15430752453653218 0.9864253393665159 0.0752453653217012 0.027149321266968326
35 0.569247546346783 0.8834841628959276 0.019629225736095966 0.04072398190045249
39 0.6374045801526718 0.8580316742081447 0.03162486368593239 0.024886877828054297
25 0.6346782988004362 0.9711538461538461 0.07197382769901854 0.057692307692307696
42 0.7557251908396947 0.9739819004524887 0.06543075245365322 0.05203619909502263
42 0.8369683751363141 0.9745475113122172 0.062159214830970554 0.05090497737556561
1 0.9471101417666303 0.9841628959276018 0.07088331515812432 0.03167420814479638
39 0.8347873500545256 0.9168552036199095 0.029443838604143947 0.021493212669683258
42 0.9749182115594329 0.8800904977375565 0.03489640130861505 0.03167420814479638