25 0.25 0.26203966005665724 0.04984423676012461 0.03895184135977337
69 0.34190031152647976 0.3831444759206799 0.04906542056074766 0.04107648725212465
49 0.33917445482866043 0.31657223796033995 0.05412772585669782 0.042492917847025496
42 0.3866822429906542 0.2705382436260623 0.04439252336448598 0.036827195467422094
42 0.3882398753894081 0.1961756373937677 0.04906542056074766 0.039660056657223795
42 0.3442367601246106 0.19475920679886685 0.042834890965732085 0.037535410764872525
42 0.308411214953271 0.1558073654390935 0.021417445482866043 0.014164305949008499
42 0.35397196261682246 0.1565155807365439 0.019470404984423675 0.014164305949008499
42 0.25 0.20325779036827196 0.047118380062305294 0.034702549575070823
3 0.3442367601246106 0.24291784702549576 0.037383177570093455 0.019121813031161474
96 0.3422897196261682 0.26841359773371104 0.019470404984423675 0.028328611898016998
22 0.43068535825545173 0.1565155807365439 0.024143302180685357 0.013456090651558074
39 0.21300623052959503 0.09702549575070822 0.015186915887850467 0.016288951841359773
1 0.4302959501557632 0.06940509915014165 0.030373831775700934 0.04603399433427762
35 0.11838006230529595 0.23158640226628896 0.0264797507788162 0.024787535410764873
38 0.14524922118380063 0.05453257790368272 0.01674454828660436 0.012747875354107648
48 0.31931464174454827 0.2584985835694051 0.030373831775700934 0.015580736543909348
86 0.5802180685358256 0.0906515580736544 0.02570093457943925 0.0226628895184136
42 0.67601246105919 0.32507082152974504 0.03271028037383177 0.07790368271954674
42 0.7204049844236761 0.39872521246458925 0.040498442367601244 0.06940509915014165
42 0.7542834890965732 0.2705382436260623 0.037383177570093455 0.0764872521246459
25 0.7776479750778816 0.40155807365439095 0.04672897196261682 0.09206798866855524
42 0.786993769470405 0.22946175637393768 0.02102803738317757 0.036827195467422094
22 0.6736760124610592 0.2273371104815864 0.018691588785046728 0.029745042492917848
38 0.721183800623053 0.2818696883852691 0.02336448598130841 0.0339943342776204
38 0.7235202492211839 0.2804532577903683 0.02102803738317757 0.0339943342776204
35 0.889797507788162 0.13739376770538245 0.024922118380062305 0.043909348441926344
1 0.6631619937694704 0.16147308781869688 0.007009345794392523 0.08498583569405099
1 0.7531152647975078 0.15722379603399433 0.031931464174454825 0.0906515580736544
93 0.40420560747663553 0.47875354107648727 0.04127725856697819 0.059490084985835696
42 0.43457943925233644 0.5474504249291785 0.024143302180685357 0.006373937677053824
7 0.3076323987538941 0.5446175637393768 0.0529595015576324 0.012039660056657223
22 0.3115264797507788 0.495042492917847 0.020638629283489095 0.021246458923512748
42 0.3107476635514019 0.45254957507082155 0.021806853582554516 0.007082152974504249