25 0.11373626373626373 0.45244956772334294 0.03076923076923077 0.08213256484149856
42 0.19835164835164834 0.4661383285302594 0.027472527472527472 0.06772334293948126
42 0.19917582417582416 0.31556195965417866 0.03021978021978022 0.08357348703170028
42 0.17197802197802198 0.3126801152737752 0.026373626373626374 0.07780979827089338
42 0.15 0.23126801152737753 0.013186813186813187 0.03025936599423631
42 0.17802197802197803 0.23270893371757925 0.012087912087912088 0.03025936599423631
42 0.11373626373626373 0.329971181556196 0.02912087912087912 0.07204610951008646
3 0.17197802197802198 0.41354466858789624 0.023076923076923078 0.040345821325648415
96 0.17087912087912088 0.4661383285302594 0.012087912087912088 0.059077809798270896
22 0.22554945054945055 0.23198847262247838 0.014835164835164835 0.02881844380403458
39 0.09093406593406593 0.10734870317002881 0.00934065934065934 0.0345821325648415
1 0.22527472527472528 0.05043227665706052 0.01868131868131868 0.09654178674351585
35 0.03241758241758242 0.38904899135446686 0.016483516483516484 0.05187319884726225
38 0.049175824175824175 0.018731988472622477 0.010439560439560439 0.025936599423631124
48 0.1565934065934066 0.44596541786743515 0.01868131868131868 0.03314121037463977
86 0.31785714285714284 0.09438040345821326 0.015934065934065933 0.04755043227665706
42 0.35384615384615387 0.09005763688760807 0.007692307692307693 0.027377521613832854
93 0.2826923076923077 0.7255043227665706 0.04065934065934066 0.11095100864553314
42 0.3335164835164835 0.5367435158501441 0.02142857142857143 0.06628242074927954
39 0.3148351648351648 0.8443804034582133 0.016483516483516484 0.05187319884726225