25 0.18937198067632852 0.2444933920704846 0.03768115942028986 0.03671071953010279
69 0.2589371980676328 0.35829662261380324 0.037037037037037035 0.038913362701908955
49 0.2570048309178744 0.2966226138032305 0.04106280193236715 0.039647577092511016
42 0.29307568438003223 0.2525697503671072 0.03365539452495974 0.033773861967694566
42 0.29404186795491144 0.18355359765051396 0.037037037037037035 0.037444933920704845
42 0.2607085346215781 0.18208516886930984 0.0323671497584541 0.03450807635829662
42 0.23381642512077294 0.1461086637298091 0.01610305958132045 0.013215859030837005
42 0.26811594202898553 0.14684287812041116 0.014814814814814815 0.013215859030837005
42 0.18937198067632852 0.19016152716593246 0.035748792270531404 0.032305433186490456
3 0.2607085346215781 0.2276064610866373 0.028341384863123993 0.018355359765051395
96 0.2594202898550725 0.2511013215859031 0.014814814814814815 0.02643171806167401
22 0.32640901771336556 0.1461086637298091 0.01819645732689211 0.013215859030837005
39 0.16135265700483092 0.09030837004405286 0.011433172302737521 0.015418502202643172
1 0.32608695652173914 0.06534508076358296 0.022866344605475042 0.04331864904552129
35 0.08953301127214171 0.21659324522760645 0.020128824476650563 0.023494860499265784
38 0.11014492753623188 0.05066079295154185 0.012721417069243157 0.011747430249632892
48 0.24186795491143318 0.24155653450807635 0.022866344605475042 0.014684287812041116
86 0.4396135265700483 0.08443465491923642 0.019484702093397744 0.021292217327459617
30 0.6908212560386473 0.07856093979441997 0.034782608695652174 0.055800293685756244
71 0.744927536231884 0.1211453744493392 0.04895330112721417 0.2422907488986784
97 0.7993558776167472 0.07782672540381791 0.027375201288244767 0.12187958883994127
18 0.850402576489533 0.07709251101321586 0.010305958132045089 0.09397944199706314