25 0.2734093637454982 0.1301169590643275 0.04921968787515006 0.03070175438596491
69 0.12154861944777912 0.1871345029239766 0.05162064825930372 0.03070175438596491
49 0.20438175270108044 0.18567251461988304 0.05342136854741897 0.033625730994152045
42 0.26260504201680673 0.2149122807017544 0.04561824729891957 0.027777777777777776
42 0.3553421368547419 0.21564327485380116 0.050120048019207684 0.03070175438596491
42 0.35714285714285715 0.18859649122807018 0.04651860744297719 0.02631578947368421
42 0.4057623049219688 0.16666666666666666 0.01800720288115246 0.013157894736842105
42 0.40486194477791115 0.19444444444444445 0.01800720288115246 0.012426900584795321
42 0.34663865546218486 0.1301169590643275 0.04321728691476591 0.029239766081871343
3 0.2965186074429772 0.18859649122807018 0.024009603841536616 0.023391812865497075
96 0.2653061224489796 0.1878654970760234 0.035414165666266505 0.012426900584795321
22 0.40516206482593037 0.24269005847953215 0.017106842737094837 0.014619883040935672
39 0.47989195678271307 0.1074561403508772 0.02070828331332533 0.009502923976608187
1 0.5138055222088835 0.24195906432748537 0.05792316926770708 0.019005847953216373
35 0.3112244897959184 0.04824561403508772 0.03091236494597839 0.016812865497076022
38 0.5330132052821128 0.06505847953216375 0.015606242496998799 0.01023391812865497
48 0.2773109243697479 0.17324561403508773 0.019807923169267706 0.019005847953216373
86 0.4876950780312125 0.3347953216374269 0.02851140456182473 0.01608187134502924
42 0.7638055222088835 0.051900584795321635 0.05102040816326531 0.10380116959064327
42 0.9669867947178872 0.09649122807017543 0.022809123649459785 0.07894736842105263
42 0.9672869147659063 0.08771929824561403 0.026410564225690276 0.06871345029239766
42 0.8706482593037215 0.3033625730994152 0.028211284513805522 0.06871345029239766
93 0.9240696278511404 0.039473684210526314 0.039015606242496996 0.07894736842105263
93 0.9069627851140456 0.179093567251462 0.048619447779111646 0.10526315789473684
7 0.8757503001200481 0.07675438596491228 0.028811524609843937 0.10964912280701754
1 0.8334333733493398 0.24926900584795322 0.0468187274909964 0.05847953216374269
86 0.8037214885954381 0.3340643274853801 0.031212484993997598 0.05116959064327485
86 0.8058223289315727 0.1513157894736842 0.02460984393757503 0.07309941520467836
86 0.9516806722689075 0.2010233918128655 0.026410564225690276 0.05555555555555555
49 0.2620048019207683 0.3786549707602339 0.043817527010804325 0.038011695906432746
25 0.2620048019207683 0.49780701754385964 0.04351740696278512 0.05921052631578947
25 0.3502400960384154 0.6111111111111112 0.04081632653061224 0.05701754385964912
95 0.1287515006002401 0.472953216374269 0.014405762304921969 0.04678362573099415
42 0.29261704681872747 0.6111111111111112 0.04201680672268908 0.05701754385964912
42 0.19657863145258103 0.3845029239766082 0.045018007202881155 0.049707602339181284
39 0.3949579831932773 0.3983918128654971 0.013205282112845138 0.019736842105263157