25 0.23461538461538461 0.31988472622478387 0.046703296703296704 0.048270893371757925
69 0.3211538461538462 0.46829971181556196 0.045879120879120876 0.05043227665706052
49 0.31868131868131866 0.38760806916426516 0.050824175824175824 0.05187319884726225
42 0.36346153846153845 0.33069164265129686 0.041758241758241756 0.0446685878962536
42 0.36456043956043954 0.23991354466858789 0.045879120879120876 0.04899135446685879
42 0.32335164835164837 0.23847262247838616 0.04010989010989011 0.045389048991354465
42 0.28983516483516486 0.1909221902017291 0.020054945054945057 0.018011527377521614
42 0.3324175824175824 0.19164265129682997 0.018406593406593407 0.018011527377521614
42 0.23461538461538461 0.24855907780979827 0.04423076923076923 0.04178674351585014
3 0.32335164835164837 0.29755043227665706 0.035164835164835165 0.02377521613832853
96 0.3217032967032967 0.32780979827089335 0.018406593406593407 0.0345821325648415
22 0.4046703296703297 0.1909221902017291 0.022527472527472527 0.016570605187319884
39 0.2 0.11815561959654179 0.014285714285714285 0.020172910662824207
1 0.4043956043956044 0.08501440922190202 0.028296703296703297 0.056195965417867436
35 0.11098901098901098 0.2831412103746398 0.025 0.03025936599423631
38 0.13653846153846153 0.06628242074927954 0.015934065934065933 0.015129682997118156
48 0.3 0.31628242074927954 0.028296703296703297 0.019452449567723344
86 0.545054945054945 0.11095100864553314 0.024175824175824177 0.028097982708933718
42 0.8777472527472527 0.4819884726224784 0.024175824175824177 0.05475504322766571
42 0.7967032967032966 0.24711815561959655 0.026923076923076925 0.06340057636887608
46 0.7178571428571429 0.38976945244956773 0.03626373626373627 0.05475504322766571
46 0.9706043956043956 0.39985590778097985 0.03626373626373627 0.05187319884726225
93 0.8321428571428572 0.39985590778097985 0.04285714285714286 0.11527377521613832
93 0.9222527472527473 0.07420749279538905 0.045054945054945054 0.1037463976945245
42 0.8214285714285714 0.09293948126801153 0.0456043956043956 0.1239193083573487
22 0.9096153846153846 0.4783861671469741 0.02197802197802198 0.06772334293948126
1 0.8543956043956044 0.5273775216138329 0.026373626373626374 0.043227665706051875
93 0.7678571428571429 0.34942363112391933 0.035164835164835165 0.09510086455331412
7 0.7898351648351648 0.47406340057636887 0.04835164835164835 0.08213256484149856
86 0.8335164835164836 0.2017291066282421 0.026373626373626374 0.069164265129683
93 0.6373626373626373 0.718299711815562 0.035164835164835165 0.11095100864553314
39 0.667032967032967 0.8371757925072046 0.016483516483516484 0.05187319884726225
86 0.7365384615384616 0.9913544668587896 0.022527472527472527 0.01729106628242075