25 0.29184038117927336 0.15842105263157893 0.03543776057176891 0.03315789473684211
69 0.22632519356759975 0.05578947368421053 0.03484216795711733 0.034736842105263156
49 0.22840976771888027 0.11210526315789474 0.03871351995235259 0.03631578947368421
42 0.19446098868374032 0.15105263157894736 0.03156640857653365 0.03105263157894737
42 0.19356759976176297 0.21368421052631578 0.03484216795711733 0.03368421052631579
42 0.22483621203097082 0.21526315789473685 0.030375223347230494 0.031578947368421054
42 0.25014889815366287 0.24789473684210525 0.015187611673615247 0.012105263157894737
42 0.21798689696247767 0.24736842105263157 0.01399642644431209 0.012105263157894737
42 0.29184038117927336 0.20789473684210527 0.03365098272781417 0.02894736842105263
3 0.22483621203097082 0.17421052631578948 0.026503871351995237 0.01631578947368421
96 0.22602739726027396 0.1531578947368421 0.01399642644431209 0.02368421052631579
22 0.16319237641453246 0.24789473684210525 0.016974389517569983 0.011578947368421053
39 0.31834425253126863 0.29789473684210527 0.01072066706372841 0.014210526315789474
1 0.16349017272185826 0.32105263157894737 0.02144133412745682 0.03894736842105263
35 0.38564621798689697 0.18421052631578946 0.019058963668850508 0.021052631578947368
38 0.36628945801072066 0.33421052631578946 0.011911852293031567 0.010526315789473684
48 0.24270399047051816 0.16105263157894736 0.02144133412745682 0.013157894736842105
86 0.05658129839189994 0.3031578947368421 0.01846337105419893 0.019473684210526317
42 0.19148302561048244 0.3989473684210526 0.033055390113162594 0.03263157894736842
42 0.27843954734961285 0.47789473684210526 0.03960690887432996 0.03315789473684211
46 0.01012507444907683 0.4731578947368421 0.017272185824895772 0.021052631578947368
102 0.9755807027992853 0.7947368421052632 0.048838594401429423 0.11578947368421053
101 0.8921977367480644 0.7973684210526316 0.10363311494937463 0.11263157894736842
103 0.7924359737939249 0.7931578947368421 0.08755211435378202 0.10736842105263159